 
WItclserve11290013443D 0   0.00000     0.00000cramer
 
 36 35  0  0  0  0  0  0  0  0  1 V2000
    4.8622   -0.7394    0.0234 O   0  0  0  0  0  0  0  0  0  0  0  0
    3.6760    0.0533   -0.0569 C   0  0  0  0  0  0  0  0  0  0  0  0
    2.4486   -0.8510    0.0722 C   0  0  0  0  0  0  0  0  0  0  0  0
    1.1785   -0.0023   -0.0138 C   0  0  0  0  0  0  0  0  0  0  0  0
    0.0000   -0.8705    0.1103 N   0  0  0  0  0  0  0  0  0  0  0  0
   -1.1784    0.0019    0.0200 C   0  0  0  0  0  0  0  0  0  0  0  0
   -2.4485   -0.8424    0.1424 C   0  0  0  0  0  0  0  0  0  0  0  0
   -3.6759    0.0663    0.0484 C   0  0  0  0  0  0  0  0  0  0  0  0
   -4.8622   -0.7223    0.1627 O   0  0  0  0  0  0  0  0  0  0  0  0
   -6.0395    0.2370    0.0618 S   0  0  0  0  0  0  0  0  0  0  0  0
   -6.3846    0.2817   -1.7185 C   0  0  0  0  0  0  0  0  0  0  0  0
   -7.0622   -0.4430    0.7765 O   0  0  0  0  0  0  0  0  0  0  0  0
   -5.4865    1.4636    0.5189 O   0  0  0  0  0  0  0  0  0  0  0  0
    6.0395    0.2157   -0.1113 S   0  0  0  0  0  0  0  0  0  0  0  0
    6.3847    0.6908    1.6050 C   0  0  0  0  0  0  0  0  0  0  0  0
    7.0622   -0.6174   -0.6397 O   0  0  0  0  0  0  0  0  0  0  0  0
    5.4866    1.2948   -0.8522 O   0  0  0  0  0  0  0  0  0  0  0  0
    3.6736    0.7864    0.7496 H   0  0  0  0  0  0  0  0  0  0  0  0
    3.6479    0.5690   -1.0168 H   0  0  0  0  0  0  0  0  0  0  0  0
    2.4510   -1.5842   -0.7343 H   0  0  0  0  0  0  0  0  0  0  0  0
    2.4767   -1.3667    1.0321 H   0  0  0  0  0  0  0  0  0  0  0  0
    1.1761    0.7309    0.7928 H   0  0  0  0  0  0  0  0  0  0  0  0
    1.1504    0.5134   -0.9736 H   0  0  0  0  0  0  0  0  0  0  0  0
   -0.0127   -1.4607   -0.7081 H   0  0  0  0  0  0  0  0  0  0  0  0
   -1.1503    0.7350    0.8261 H   0  0  0  0  0  0  0  0  0  0  0  0
   -1.1760    0.5175   -0.9403 H   0  0  0  0  0  0  0  0  0  0  0  0
   -2.4766   -1.5755   -0.6637 H   0  0  0  0  0  0  0  0  0  0  0  0
   -2.4509   -1.3580    1.1027 H   0  0  0  0  0  0  0  0  0  0  0  0
   -3.6478    0.7994    0.8546 H   0  0  0  0  0  0  0  0  0  0  0  0
   -3.6735    0.5819   -0.9119 H   0  0  0  0  0  0  0  0  0  0  0  0
   -6.6323   -0.7213   -2.0659 H   0  0  0  0  0  0  0  0  0  0  0  0
   -7.2244    0.9500   -1.9091 H   0  0  0  0  0  0  0  0  0  0  0  0
   -5.5045    0.6434   -2.2503 H   0  0  0  0  0  0  0  0  0  0  0  0
    6.6324   -0.1980    2.1853 H   0  0  0  0  0  0  0  0  0  0  0  0
    7.2245    1.3853    1.6279 H   0  0  0  0  0  0  0  0  0  0  0  0
    5.5046    1.1706    2.0332 H   0  0  0  0  0  0  0  0  0  0  0  0
  1  2  1  0  0  0  0
  2  3  1  0  0  0  0
  3  4  1  0  0  0  0
  4  5  1  0  0  0  0
  5  6  1  0  0  0  0
  6  7  1  0  0  0  0
  7  8  1  0  0  0  0
  8  9  1  0  0  0  0
  9 10  1  0  0  0  0
 10 11  1  0  0  0  0
 10 12  2  0  0  0  0
 10 13  2  0  0  0  0
  1 14  1  0  0  0  0
 14 15  1  0  0  0  0
 14 16  2  0  0  0  0
 14 17  2  0  0  0  0
  2 18  1  0  0  0  0
  2 19  1  0  0  0  0
  3 20  1  0  0  0  0
  3 21  1  0  0  0  0
  4 22  1  0  0  0  0
  4 23  1  0  0  0  0
  5 24  1  0  0  0  0
  6 25  1  0  0  0  0
  6 26  1  0  0  0  0
  7 27  1  0  0  0  0
  7 28  1  0  0  0  0
  8 29  1  0  0  0  0
  8 30  1  0  0  0  0
 11 31  1  0  0  0  0
 11 32  1  0  0  0  0
 11 33  1  0  0  0  0
 15 34  1  0  0  0  0
 15 35  1  0  0  0  0
 15 36  1  0  0  0  0
M  END
$$$$
