 
WItclserve11290013443D 0   0.00000     0.00000cramer
 
 17 17  0  0  0  0  0  0  0  0  1 V2000
   -0.9321    1.0130   -0.0003 C   0  0  0  0  0  0  0  0  0  0  0  0
   -1.8935    0.0221    0.0001 C   0  0  0  0  0  0  0  0  0  0  0  0
   -3.5761    0.4495    0.0004 Cl  0  0  0  0  0  0  0  0  0  0  0  0
   -1.5207   -1.3106   -0.0003 C   0  0  0  0  0  0  0  0  0  0  0  0
   -0.1766   -1.6611   -0.0001 C   0  0  0  0  0  0  0  0  0  0  0  0
    0.1943   -3.0089   -0.0005 N   0  0  0  0  0  0  0  0  0  0  0  0
    0.7983   -0.6732    0.0000 C   0  0  0  0  0  0  0  0  0  0  0  0
    2.4790   -1.1079    0.0002 Cl  0  0  0  0  0  0  0  0  0  0  0  0
    0.4223    0.6717   -0.0006 C   0  0  0  0  0  0  0  0  0  0  0  0
    1.4530    1.7292    0.0000 C   0  0  0  0  0  0  0  0  0  0  0  0
    2.6303    1.4300    0.0009 O   0  0  0  0  0  0  0  0  0  0  0  0
    1.0876    3.0259   -0.0005 O   0  0  0  0  0  0  0  0  0  0  0  0
   -1.2273    2.0519   -0.0049 H   0  0  0  0  0  0  0  0  0  0  0  0
   -2.2776   -2.0810   -0.0003 H   0  0  0  0  0  0  0  0  0  0  0  0
   -0.4870   -3.6993   -0.0009 H   0  0  0  0  0  0  0  0  0  0  0  0
    1.1329   -3.2537   -0.0004 H   0  0  0  0  0  0  0  0  0  0  0  0
    1.7625    3.7184   -0.0002 H   0  0  0  0  0  0  0  0  0  0  0  0
  1  2  1  0  0  0  0
  2  3  1  0  0  0  0
  2  4  2  0  0  0  0
  4  5  1  0  0  0  0
  5  6  1  0  0  0  0
  5  7  2  0  0  0  0
  7  8  1  0  0  0  0
  7  9  1  0  0  0  0
  1  9  2  0  0  0  0
  9 10  1  0  0  0  0
 10 11  2  0  0  0  0
 10 12  1  0  0  0  0
  1 13  1  0  0  0  0
  4 14  1  0  0  0  0
  6 15  1  0  0  0  0
  6 16  1  0  0  0  0
 12 17  1  0  0  0  0
M  END
$$$$
