 
WItclserve11290013443D 0   0.00000     0.00000cramer
 
 29 29  0  0  0  0  0  0  0  0  1 V2000
   -2.0232   -0.5363    0.2503 C   0  0  0  0  0  0  0  0  0  0  0  0
   -3.2449   -0.9568   -0.5693 C   0  0  0  0  0  0  0  0  0  0  0  0
   -3.9253   -2.4837    0.1064 Cl  0  0  0  0  0  0  0  0  0  0  0  0
   -1.4689    0.7077   -0.3002 N   0  0  0  0  0  0  0  0  0  0  0  0
   -2.0256    1.8060    0.4965 C   0  0  0  0  0  0  0  0  0  0  0  0
   -1.4893    3.1405   -0.0258 C   0  0  0  0  0  0  0  0  0  0  0  0
    0.0400    3.1137   -0.0020 C   0  0  0  0  0  0  0  0  0  0  0  0
    0.5150    2.0297   -0.7958 O   0  0  0  0  0  0  0  0  0  0  0  0
    0.1849    0.6689   -0.0104 P   0  0  0  0  0  0  0  0  0  0  0  0
    0.5001    0.7679    1.4322 O   0  0  0  0  0  0  0  0  0  0  0  0
    0.9213   -0.6672   -0.7211 N   0  0  0  0  0  0  0  0  0  0  0  0
    2.3687   -0.4182   -0.6891 C   0  0  0  0  0  0  0  0  0  0  0  0
    3.0582   -1.5214    0.1162 C   0  0  0  0  0  0  0  0  0  0  0  0
    4.8347   -1.2158    0.1555 Cl  0  0  0  0  0  0  0  0  0  0  0  0
   -2.3191   -0.3748    1.2868 H   0  0  0  0  0  0  0  0  0  0  0  0
   -1.2683   -1.3213    0.2060 H   0  0  0  0  0  0  0  0  0  0  0  0
   -3.9998   -0.1717   -0.5250 H   0  0  0  0  0  0  0  0  0  0  0  0
   -2.9490   -1.1182   -1.6058 H   0  0  0  0  0  0  0  0  0  0  0  0
   -3.1128    1.7961    0.4186 H   0  0  0  0  0  0  0  0  0  0  0  0
   -1.7354    1.6812    1.5397 H   0  0  0  0  0  0  0  0  0  0  0  0
   -1.8347    3.2967   -1.0478 H   0  0  0  0  0  0  0  0  0  0  0  0
   -1.8490    3.9507    0.6085 H   0  0  0  0  0  0  0  0  0  0  0  0
    0.4252    4.0518   -0.4018 H   0  0  0  0  0  0  0  0  0  0  0  0
    0.3845    2.9895    1.0246 H   0  0  0  0  0  0  0  0  0  0  0  0
    0.7485   -1.4521   -0.1111 H   0  0  0  0  0  0  0  0  0  0  0  0
    2.7591   -0.4132   -1.7068 H   0  0  0  0  0  0  0  0  0  0  0  0
    2.5610    0.5474   -0.2214 H   0  0  0  0  0  0  0  0  0  0  0  0
    2.6678   -1.5264    1.1339 H   0  0  0  0  0  0  0  0  0  0  0  0
    2.8659   -2.4870   -0.3515 H   0  0  0  0  0  0  0  0  0  0  0  0
  1  2  1  0  0  0  0
  2  3  1  0  0  0  0
  1  4  1  0  0  0  0
  4  5  1  0  0  0  0
  5  6  1  0  0  0  0
  6  7  1  0  0  0  0
  7  8  1  0  0  0  0
  8  9  1  0  0  0  0
  4  9  1  0  0  0  0
  9 10  2  0  0  0  0
  9 11  1  0  0  0  0
 11 12  1  0  0  0  0
 12 13  1  0  0  0  0
 13 14  1  0  0  0  0
  1 15  1  0  0  0  0
  1 16  1  0  0  0  0
  2 17  1  0  0  0  0
  2 18  1  0  0  0  0
  5 19  1  0  0  0  0
  5 20  1  0  0  0  0
  6 21  1  0  0  0  0
  6 22  1  0  0  0  0
  7 23  1  0  0  0  0
  7 24  1  0  0  0  0
 11 25  1  0  0  0  0
 12 26  1  0  0  0  0
 12 27  1  0  0  0  0
 13 28  1  0  0  0  0
 13 29  1  0  0  0  0
M  END
$$$$
