 
WItclserve11290013443D 0   0.00000     0.00000cramer
 
 18 18  0  0  0  0  0  0  0  0  2 V2000
    3.3333    0.0100    0.9154 O   0  5  0  0  0  0  0  0  0  0  0  0
    2.6569    0.0075   -0.0975 N   0  3  0  0  0  0  0  0  0  0  0  0
    3.1959    0.0033   -1.1897 O   0  0  0  0  0  0  0  0  0  0  0  0
    1.1798    0.0035   -0.0011 C   0  0  0  0  0  0  0  0  0  0  0  0
    0.4871    1.2006    0.0431 C   0  0  0  0  0  0  0  0  0  0  0  0
    1.3510    2.7052   -0.0144 Cl  0  0  0  0  0  0  0  0  0  0  0  0
   -0.8935    1.1992    0.1328 C   0  0  0  0  0  0  0  0  0  0  0  0
   -1.7620    2.7014    0.1871 Cl  0  0  0  0  0  0  0  0  0  0  0  0
   -1.5837   -0.0041    0.1787 C   0  0  0  0  0  0  0  0  0  0  0  0
   -2.9403   -0.0078    0.2664 O   0  0  0  0  0  0  0  0  0  0  0  0
   -3.4407   -0.0106   -1.0722 C   0  0  0  0  0  0  0  0  0  0  0  0
   -0.8870   -1.2032    0.1347 C   0  0  0  0  0  0  0  0  0  0  0  0
   -1.7470   -2.7102    0.1914 Cl  0  0  0  0  0  0  0  0  0  0  0  0
    0.4936   -1.1970    0.0389 C   0  0  0  0  0  0  0  0  0  0  0  0
    1.3659   -2.6969   -0.0169 Cl  0  0  0  0  0  0  0  0  0  0  0  0
   -3.0841   -0.9001   -1.5915 H   0  0  0  0  0  0  0  0  0  0  0  0
   -4.5305   -0.0136   -1.0527 H   0  0  0  0  0  0  0  0  0  0  0  0
   -3.0891    0.8799   -1.5933 H   0  0  0  0  0  0  0  0  0  0  0  0
  1  2  1  0  0  0  0
  2  3  2  0  0  0  0
  2  4  1  0  0  0  0
  4  5  1  0  0  0  0
  5  6  1  0  0  0  0
  5  7  2  0  0  0  0
  7  8  1  0  0  0  0
  7  9  1  0  0  0  0
  9 10  1  0  0  0  0
 10 11  1  0  0  0  0
  9 12  2  0  0  0  0
 12 13  1  0  0  0  0
 12 14  1  0  0  0  0
  4 14  2  0  0  0  0
 14 15  1  0  0  0  0
 11 16  1  0  0  0  0
 11 17  1  0  0  0  0
 11 18  1  0  0  0  0
M  CHG  2   1  -1   2   1
M  END
$$$$
