 
WItclserve11290013443D 0   0.00000     0.00000cramer
 
 54 55  0  0  0  0  0  0  0  0  1 V2000
    1.5794   -1.5833   -0.1340 C   0  0  0  0  0  0  0  0  0  0  0  0
    0.4738   -1.4306    0.7584 O   0  0  0  0  0  0  0  0  0  0  0  0
   -0.2747   -2.6465    0.7006 C   0  0  0  0  0  0  0  0  0  0  0  0
   -1.4795   -2.5488    1.6386 C   0  0  0  0  0  0  0  0  0  0  0  0
   -2.3102   -1.4584    1.2350 O   0  0  0  0  0  0  0  0  0  0  0  0
   -3.4117   -1.4197    2.1445 C   0  0  0  0  0  0  0  0  0  0  0  0
   -4.3451   -0.2679    1.7663 C   0  0  0  0  0  0  0  0  0  0  0  0
   -4.8315   -0.4657    0.4372 O   0  0  0  0  0  0  0  0  0  0  0  0
   -5.6927    0.6364    0.1442 C   0  0  0  0  0  0  0  0  0  0  0  0
   -6.2504    0.4852   -1.2724 C   0  0  0  0  0  0  0  0  0  0  0  0
   -7.1725    1.6652   -1.5861 C   0  0  0  0  0  0  0  0  0  0  0  0
   -7.7302    1.5140   -3.0028 C   0  0  0  0  0  0  0  0  0  0  0  0
    2.4135   -0.3283   -0.1198 C   0  0  0  0  0  0  0  0  0  0  0  0
    2.0465    0.7350    0.6845 C   0  0  0  0  0  0  0  0  0  0  0  0
    2.8119    1.8892    0.6996 C   0  0  0  0  0  0  0  0  0  0  0  0
    2.6729    3.0585    1.3899 O   0  0  0  0  0  0  0  0  0  0  0  0
    3.5051    4.0118    0.7030 C   0  0  0  0  0  0  0  0  0  0  0  0
    4.5258    3.1989    0.0942 O   0  0  0  0  0  0  0  0  0  0  0  0
    3.9513    1.9755   -0.0973 C   0  0  0  0  0  0  0  0  0  0  0  0
    4.3125    0.9069   -0.9009 C   0  0  0  0  0  0  0  0  0  0  0  0
    3.5469   -0.2447   -0.9063 C   0  0  0  0  0  0  0  0  0  0  0  0
    3.9420   -1.4061   -1.7816 C   0  0  0  0  0  0  0  0  0  0  0  0
    4.8757   -2.3361   -1.0042 C   0  0  0  0  0  0  0  0  0  0  0  0
    5.2768   -3.5152   -1.8928 C   0  0  0  0  0  0  0  0  0  0  0  0
    2.1894   -2.4286    0.1846 H   0  0  0  0  0  0  0  0  0  0  0  0
    1.2094   -1.7622   -1.1435 H   0  0  0  0  0  0  0  0  0  0  0  0
   -0.6210   -2.8118   -0.3196 H   0  0  0  0  0  0  0  0  0  0  0  0
    0.3590   -3.4782    1.0085 H   0  0  0  0  0  0  0  0  0  0  0  0
   -2.0504   -3.4763    1.5945 H   0  0  0  0  0  0  0  0  0  0  0  0
   -1.1332   -2.3835    2.6588 H   0  0  0  0  0  0  0  0  0  0  0  0
   -3.9580   -2.3616    2.0939 H   0  0  0  0  0  0  0  0  0  0  0  0
   -3.0407   -1.2688    3.1582 H   0  0  0  0  0  0  0  0  0  0  0  0
   -5.1853   -0.2383    2.4600 H   0  0  0  0  0  0  0  0  0  0  0  0
   -3.7989    0.6740    1.8168 H   0  0  0  0  0  0  0  0  0  0  0  0
   -6.5157    0.6543    0.8587 H   0  0  0  0  0  0  0  0  0  0  0  0
   -5.1292    1.5667    0.2155 H   0  0  0  0  0  0  0  0  0  0  0  0
   -5.4275    0.4672   -1.9869 H   0  0  0  0  0  0  0  0  0  0  0  0
   -6.8139   -0.4452   -1.3437 H   0  0  0  0  0  0  0  0  0  0  0  0
   -7.9954    1.6832   -0.8716 H   0  0  0  0  0  0  0  0  0  0  0  0
   -6.6090    2.5955   -1.5148 H   0  0  0  0  0  0  0  0  0  0  0  0
   -8.3871    2.3546   -3.2263 H   0  0  0  0  0  0  0  0  0  0  0  0
   -6.9072    1.4960   -3.7173 H   0  0  0  0  0  0  0  0  0  0  0  0
   -8.2937    0.5837   -3.0741 H   0  0  0  0  0  0  0  0  0  0  0  0
    1.1625    0.6655    1.3010 H   0  0  0  0  0  0  0  0  0  0  0  0
    2.9325    4.5415   -0.0584 H   0  0  0  0  0  0  0  0  0  0  0  0
    3.9462    4.7146    1.4099 H   0  0  0  0  0  0  0  0  0  0  0  0
    5.1953    0.9710   -1.5197 H   0  0  0  0  0  0  0  0  0  0  0  0
    3.0494   -1.9552   -2.0815 H   0  0  0  0  0  0  0  0  0  0  0  0
    4.4552   -1.0346   -2.6685 H   0  0  0  0  0  0  0  0  0  0  0  0
    5.7682   -1.7870   -0.7042 H   0  0  0  0  0  0  0  0  0  0  0  0
    4.3625   -2.7076   -0.1172 H   0  0  0  0  0  0  0  0  0  0  0  0
    5.7900   -3.1437   -2.7797 H   0  0  0  0  0  0  0  0  0  0  0  0
    5.9419   -4.1777   -1.3389 H   0  0  0  0  0  0  0  0  0  0  0  0
    4.3842   -4.0643   -2.1927 H   0  0  0  0  0  0  0  0  0  0  0  0
  1  2  1  0  0  0  0
  2  3  1  0  0  0  0
  3  4  1  0  0  0  0
  4  5  1  0  0  0  0
  5  6  1  0  0  0  0
  6  7  1  0  0  0  0
  7  8  1  0  0  0  0
  8  9  1  0  0  0  0
  9 10  1  0  0  0  0
 10 11  1  0  0  0  0
 11 12  1  0  0  0  0
  1 13  1  0  0  0  0
 13 14  1  0  0  0  0
 14 15  2  0  0  0  0
 15 16  1  0  0  0  0
 16 17  1  0  0  0  0
 17 18  1  0  0  0  0
 18 19  1  0  0  0  0
 15 19  1  0  0  0  0
 19 20  2  0  0  0  0
 20 21  1  0  0  0  0
 13 21  2  0  0  0  0
 21 22  1  0  0  0  0
 22 23  1  0  0  0  0
 23 24  1  0  0  0  0
  1 25  1  0  0  0  0
  1 26  1  0  0  0  0
  3 27  1  0  0  0  0
  3 28  1  0  0  0  0
  4 29  1  0  0  0  0
  4 30  1  0  0  0  0
  6 31  1  0  0  0  0
  6 32  1  0  0  0  0
  7 33  1  0  0  0  0
  7 34  1  0  0  0  0
  9 35  1  0  0  0  0
  9 36  1  0  0  0  0
 10 37  1  0  0  0  0
 10 38  1  0  0  0  0
 11 39  1  0  0  0  0
 11 40  1  0  0  0  0
 12 41  1  0  0  0  0
 12 42  1  0  0  0  0
 12 43  1  0  0  0  0
 14 44  1  0  0  0  0
 17 45  1  0  0  0  0
 17 46  1  0  0  0  0
 20 47  1  0  0  0  0
 22 48  1  0  0  0  0
 22 49  1  0  0  0  0
 23 50  1  0  0  0  0
 23 51  1  0  0  0  0
 24 52  1  0  0  0  0
 24 53  1  0  0  0  0
 24 54  1  0  0  0  0
M  END
$$$$
