 
WItclserve11290013443D 0   0.00000     0.00000cramer
 
 22 24  0  0  0  0  0  0  0  0  1 V2000
   -1.1780   -0.6957    0.0011 C   0  0  0  0  0  0  0  0  0  0  0  0
   -2.3784   -1.3864    0.0001 C   0  0  0  0  0  0  0  0  0  0  0  0
   -3.5758   -0.6921   -0.0009 C   0  0  0  0  0  0  0  0  0  0  0  0
   -5.0800   -1.5587   -0.0022 Cl  0  0  0  0  0  0  0  0  0  0  0  0
   -3.5757    0.6921   -0.0003 C   0  0  0  0  0  0  0  0  0  0  0  0
   -5.0800    1.5587   -0.0004 Cl  0  0  0  0  0  0  0  0  0  0  0  0
   -2.3784    1.3864    0.0007 C   0  0  0  0  0  0  0  0  0  0  0  0
   -1.1779    0.6957    0.0012 C   0  0  0  0  0  0  0  0  0  0  0  0
    0.0000    1.3762    0.0017 O   0  0  0  0  0  0  0  0  0  0  0  0
    1.1780    0.6957    0.0011 C   0  0  0  0  0  0  0  0  0  0  0  0
    2.3784    1.3864    0.0005 C   0  0  0  0  0  0  0  0  0  0  0  0
    3.5757    0.6921   -0.0006 C   0  0  0  0  0  0  0  0  0  0  0  0
    5.0800    1.5587   -0.0014 Cl  0  0  0  0  0  0  0  0  0  0  0  0
    3.5757   -0.6921   -0.0007 C   0  0  0  0  0  0  0  0  0  0  0  0
    5.0800   -1.5587   -0.0015 Cl  0  0  0  0  0  0  0  0  0  0  0  0
    2.3784   -1.3864    0.0004 C   0  0  0  0  0  0  0  0  0  0  0  0
    1.1779   -0.6957    0.0006 C   0  0  0  0  0  0  0  0  0  0  0  0
    0.0000   -1.3762    0.0077 O   0  0  0  0  0  0  0  0  0  0  0  0
   -2.3802   -2.4664   -0.0003 H   0  0  0  0  0  0  0  0  0  0  0  0
   -2.3802    2.4664    0.0015 H   0  0  0  0  0  0  0  0  0  0  0  0
    2.3802    2.4664    0.0005 H   0  0  0  0  0  0  0  0  0  0  0  0
    2.3802   -2.4664    0.0004 H   0  0  0  0  0  0  0  0  0  0  0  0
  1  2  1  0  0  0  0
  2  3  2  0  0  0  0
  3  4  1  0  0  0  0
  3  5  1  0  0  0  0
  5  6  1  0  0  0  0
  5  7  2  0  0  0  0
  7  8  1  0  0  0  0
  1  8  2  0  0  0  0
  8  9  1  0  0  0  0
  9 10  1  0  0  0  0
 10 11  1  0  0  0  0
 11 12  2  0  0  0  0
 12 13  1  0  0  0  0
 12 14  1  0  0  0  0
 14 15  1  0  0  0  0
 14 16  2  0  0  0  0
 16 17  1  0  0  0  0
 10 17  2  0  0  0  0
 17 18  1  0  0  0  0
  1 18  1  0  0  0  0
  2 19  1  0  0  0  0
  7 20  1  0  0  0  0
 11 21  1  0  0  0  0
 16 22  1  0  0  0  0
M  END
$$$$
