 
WItclserve11290013443D 0   0.00000     0.00000cramer
 
 27 28  0  0  0  0  0  0  0  0  1 V2000
   -0.0587   -1.7754    0.0097 O   0  0  0  0  0  0  0  0  0  0  0  0
   -1.1231   -0.9292    0.0128 C   0  0  0  0  0  0  0  0  0  0  0  0
   -0.9208    0.4392    0.1211 C   0  0  0  0  0  0  0  0  0  0  0  0
   -2.0011    1.2990    0.1243 C   0  0  0  0  0  0  0  0  0  0  0  0
   -3.2906    0.7939    0.0190 C   0  0  0  0  0  0  0  0  0  0  0  0
   -4.3859    1.6646    0.0217 N   0  0  0  0  0  0  0  0  0  0  0  0
   -3.4923   -0.5756   -0.0893 C   0  0  0  0  0  0  0  0  0  0  0  0
   -2.4103   -1.4341   -0.0981 C   0  0  0  0  0  0  0  0  0  0  0  0
    1.0589   -1.0010   -0.0018 C   0  0  0  0  0  0  0  0  0  0  0  0
    1.6950   -0.6836    1.1898 C   0  0  0  0  0  0  0  0  0  0  0  0
    2.8299    0.1027    1.1788 C   0  0  0  0  0  0  0  0  0  0  0  0
    3.3351    0.5756   -0.0254 C   0  0  0  0  0  0  0  0  0  0  0  0
    4.4855    1.3721   -0.0374 N   0  0  0  0  0  0  0  0  0  0  0  0
    2.6984    0.2572   -1.2175 C   0  0  0  0  0  0  0  0  0  0  0  0
    1.5659   -0.5335   -1.2054 C   0  0  0  0  0  0  0  0  0  0  0  0
    0.0819    0.8319    0.2033 H   0  0  0  0  0  0  0  0  0  0  0  0
   -1.8435    2.3641    0.2089 H   0  0  0  0  0  0  0  0  0  0  0  0
   -5.2864    1.3116   -0.0518 H   0  0  0  0  0  0  0  0  0  0  0  0
   -4.2447    2.6213    0.0971 H   0  0  0  0  0  0  0  0  0  0  0  0
   -4.4947   -0.9691   -0.1712 H   0  0  0  0  0  0  0  0  0  0  0  0
   -2.5670   -2.4993   -0.1824 H   0  0  0  0  0  0  0  0  0  0  0  0
    1.3020   -1.0513    2.1261 H   0  0  0  0  0  0  0  0  0  0  0  0
    3.3245    0.3503    2.1065 H   0  0  0  0  0  0  0  0  0  0  0  0
    4.8381    1.7022   -0.8785 H   0  0  0  0  0  0  0  0  0  0  0  0
    4.9303    1.5942    0.7955 H   0  0  0  0  0  0  0  0  0  0  0  0
    3.0907    0.6245   -2.1543 H   0  0  0  0  0  0  0  0  0  0  0  0
    1.0705   -0.7812   -2.1325 H   0  0  0  0  0  0  0  0  0  0  0  0
  1  2  1  0  0  0  0
  2  3  1  0  0  0  0
  3  4  2  0  0  0  0
  4  5  1  0  0  0  0
  5  6  1  0  0  0  0
  5  7  2  0  0  0  0
  7  8  1  0  0  0  0
  2  8  2  0  0  0  0
  1  9  1  0  0  0  0
  9 10  1  0  0  0  0
 10 11  2  0  0  0  0
 11 12  1  0  0  0  0
 12 13  1  0  0  0  0
 12 14  2  0  0  0  0
 14 15  1  0  0  0  0
  9 15  2  0  0  0  0
  3 16  1  0  0  0  0
  4 17  1  0  0  0  0
  6 18  1  0  0  0  0
  6 19  1  0  0  0  0
  7 20  1  0  0  0  0
  8 21  1  0  0  0  0
 10 22  1  0  0  0  0
 11 23  1  0  0  0  0
 13 24  1  0  0  0  0
 13 25  1  0  0  0  0
 14 26  1  0  0  0  0
 15 27  1  0  0  0  0
M  END
$$$$
