 
WItclserve11290013443D 0   0.00000     0.00000cramer
 
  8  7  0  0  0  0  0  0  0  0  1 V2000
   -0.6059    0.0000    0.0283 C   0  0  0  0  0  0  0  0  0  0  0  0
   -1.5204   -1.4720    0.5257 Cl  0  0  0  0  0  0  0  0  0  0  0  0
   -0.3950    0.0000   -1.7623 Cl  0  0  0  0  0  0  0  0  0  0  0  0
   -1.5202    1.4723    0.5257 Cl  0  0  0  0  0  0  0  0  0  0  0  0
    0.7670   -0.0001    0.7035 C   0  0  0  0  0  0  0  0  0  0  0  0
    1.6813   -1.4723    0.2061 Cl  0  0  0  0  0  0  0  0  0  0  0  0
    1.6816    1.4720    0.2061 Cl  0  0  0  0  0  0  0  0  0  0  0  0
    0.6395   -0.0001    1.7860 H   0  0  0  0  0  0  0  0  0  0  0  0
  1  2  1  0  0  0  0
  1  3  1  0  0  0  0
  1  4  1  0  0  0  0
  1  5  1  0  0  0  0
  5  6  1  0  0  0  0
  5  7  1  0  0  0  0
  5  8  1  0  0  0  0
M  END
$$$$
