 
WItclserve11290013443D 0   0.00000     0.00000cramer
 
 27 27  0  0  0  0  0  0  0  0  1 V2000
   -2.5253    0.9796    0.0056 C   0  0  0  0  0  0  0  0  0  0  0  0
   -3.5104    1.9173    0.0187 O   0  0  0  0  0  0  0  0  0  0  0  0
   -1.1996    1.3708    0.0141 C   0  0  0  0  0  0  0  0  0  0  0  0
   -0.1879    0.4068    0.0011 C   0  0  0  0  0  0  0  0  0  0  0  0
   -0.5200   -0.9508   -0.0206 C   0  0  0  0  0  0  0  0  0  0  0  0
   -1.8470   -1.3361   -0.0290 C   0  0  0  0  0  0  0  0  0  0  0  0
   -2.1708   -2.6569   -0.0496 O   0  0  0  0  0  0  0  0  0  0  0  0
   -2.8532   -0.3734   -0.0106 C   0  0  0  0  0  0  0  0  0  0  0  0
   -4.1572   -0.7551   -0.0185 O   0  0  0  0  0  0  0  0  0  0  0  0
    1.2274    0.8211    0.0096 C   0  0  0  0  0  0  0  0  0  0  0  0
    1.5148    2.0016    0.0280 O   0  0  0  0  0  0  0  0  0  0  0  0
    2.2019   -0.1094   -0.0029 O   0  0  0  0  0  0  0  0  0  0  0  0
    3.5954    0.2985    0.0055 C   0  0  0  0  0  0  0  0  0  0  0  0
    4.4902   -0.9425   -0.0119 C   0  0  0  0  0  0  0  0  0  0  0  0
    5.9586   -0.5127   -0.0030 C   0  0  0  0  0  0  0  0  0  0  0  0
   -3.7112    2.1246   -0.9042 H   0  0  0  0  0  0  0  0  0  0  0  0
   -0.9458    2.4204    0.0304 H   0  0  0  0  0  0  0  0  0  0  0  0
    0.2599   -1.6979   -0.0310 H   0  0  0  0  0  0  0  0  0  0  0  0
   -2.2392   -2.9423    0.8718 H   0  0  0  0  0  0  0  0  0  0  0  0
   -4.4258   -0.8516    0.9054 H   0  0  0  0  0  0  0  0  0  0  0  0
    3.8012    0.9072   -0.8750 H   0  0  0  0  0  0  0  0  0  0  0  0
    3.7983    0.8801    0.9047 H   0  0  0  0  0  0  0  0  0  0  0  0
    4.2844   -1.5511    0.8686 H   0  0  0  0  0  0  0  0  0  0  0  0
    4.2873   -1.5241   -0.9112 H   0  0  0  0  0  0  0  0  0  0  0  0
    6.1643    0.0960   -0.8835 H   0  0  0  0  0  0  0  0  0  0  0  0
    6.1614    0.0690    0.8962 H   0  0  0  0  0  0  0  0  0  0  0  0
    6.5960   -1.3967   -0.0155 H   0  0  0  0  0  0  0  0  0  0  0  0
  1  2  1  0  0  0  0
  1  3  1  0  0  0  0
  3  4  2  0  0  0  0
  4  5  1  0  0  0  0
  5  6  2  0  0  0  0
  6  7  1  0  0  0  0
  6  8  1  0  0  0  0
  1  8  2  0  0  0  0
  8  9  1  0  0  0  0
  4 10  1  0  0  0  0
 10 11  2  0  0  0  0
 10 12  1  0  0  0  0
 12 13  1  0  0  0  0
 13 14  1  0  0  0  0
 14 15  1  0  0  0  0
  2 16  1  0  0  0  0
  3 17  1  0  0  0  0
  5 18  1  0  0  0  0
  7 19  1  0  0  0  0
  9 20  1  0  0  0  0
 13 21  1  0  0  0  0
 13 22  1  0  0  0  0
 14 23  1  0  0  0  0
 14 24  1  0  0  0  0
 15 25  1  0  0  0  0
 15 26  1  0  0  0  0
 15 27  1  0  0  0  0
M  END
$$$$
