 
WItclserve11290013443D 0   0.00000     0.00000cramer
 
 38 37  0  0  0  0  0  0  0  0  1 V2000
   -6.0034   -0.4726   -0.4798 C   0  0  0  0  0  0  0  0  0  0  0  0
   -7.3552   -1.4905    0.1425 Cl  0  0  0  0  0  0  0  0  0  0  0  0
   -4.7005   -0.8753    0.2139 C   0  0  0  0  0  0  0  0  0  0  0  0
   -3.5534   -0.0115   -0.3141 C   0  0  0  0  0  0  0  0  0  0  0  0
   -3.9030    1.7245    0.0250 Cl  0  0  0  0  0  0  0  0  0  0  0  0
   -2.2506   -0.4143    0.3796 C   0  0  0  0  0  0  0  0  0  0  0  0
   -1.0783    0.3259   -0.2675 C   0  0  0  0  0  0  0  0  0  0  0  0
   -1.2187    2.0904    0.0755 Cl  0  0  0  0  0  0  0  0  0  0  0  0
    0.2378   -0.2022    0.3068 C   0  0  0  0  0  0  0  0  0  0  0  0
    1.4101    0.5380   -0.3403 C   0  0  0  0  0  0  0  0  0  0  0  0
    2.7262    0.0100    0.2341 C   0  0  0  0  0  0  0  0  0  0  0  0
    2.8666   -1.7545   -0.1089 Cl  0  0  0  0  0  0  0  0  0  0  0  0
    3.8985    0.7502   -0.4130 C   0  0  0  0  0  0  0  0  0  0  0  0
    5.2014    0.3474    0.2806 C   0  0  0  0  0  0  0  0  0  0  0  0
    5.5510   -1.3886   -0.0584 Cl  0  0  0  0  0  0  0  0  0  0  0  0
    6.3485    1.2112   -0.2474 C   0  0  0  0  0  0  0  0  0  0  0  0
    7.6514    0.8084    0.4463 C   0  0  0  0  0  0  0  0  0  0  0  0
   -5.9030   -0.6197   -1.5551 H   0  0  0  0  0  0  0  0  0  0  0  0
   -6.2148    0.5769   -0.2748 H   0  0  0  0  0  0  0  0  0  0  0  0
   -4.8009   -0.7282    1.2893 H   0  0  0  0  0  0  0  0  0  0  0  0
   -4.4892   -1.9248    0.0089 H   0  0  0  0  0  0  0  0  0  0  0  0
   -3.4530   -0.1586   -1.3895 H   0  0  0  0  0  0  0  0  0  0  0  0
   -2.3060   -0.1535    1.4365 H   0  0  0  0  0  0  0  0  0  0  0  0
   -2.1021   -1.4893    0.2779 H   0  0  0  0  0  0  0  0  0  0  0  0
   -1.0959    0.1627   -1.3451 H   0  0  0  0  0  0  0  0  0  0  0  0
    0.2554   -0.0390    1.3844 H   0  0  0  0  0  0  0  0  0  0  0  0
    0.3227   -1.2689    0.0995 H   0  0  0  0  0  0  0  0  0  0  0  0
    1.3925    0.3749   -1.4179 H   0  0  0  0  0  0  0  0  0  0  0  0
    1.3253    1.6048   -0.1329 H   0  0  0  0  0  0  0  0  0  0  0  0
    2.7438    0.1732    1.3116 H   0  0  0  0  0  0  0  0  0  0  0  0
    3.9539    0.4894   -1.4699 H   0  0  0  0  0  0  0  0  0  0  0  0
    3.7501    1.8252   -0.3114 H   0  0  0  0  0  0  0  0  0  0  0  0
    5.1010    0.4945    1.3560 H   0  0  0  0  0  0  0  0  0  0  0  0
    6.4489    1.0641   -1.3227 H   0  0  0  0  0  0  0  0  0  0  0  0
    6.1371    2.2607   -0.0424 H   0  0  0  0  0  0  0  0  0  0  0  0
    7.5510    0.9556    1.5216 H   0  0  0  0  0  0  0  0  0  0  0  0
    7.8627   -0.2410    0.2413 H   0  0  0  0  0  0  0  0  0  0  0  0
    8.4686    1.4239    0.0701 H   0  0  0  0  0  0  0  0  0  0  0  0
  1  2  1  0  0  0  0
  1  3  1  0  0  0  0
  3  4  1  0  0  0  0
  4  5  1  0  0  0  0
  4  6  1  0  0  0  0
  6  7  1  0  0  0  0
  7  8  1  0  0  0  0
  7  9  1  0  0  0  0
  9 10  1  0  0  0  0
 10 11  1  0  0  0  0
 11 12  1  0  0  0  0
 11 13  1  0  0  0  0
 13 14  1  0  0  0  0
 14 15  1  0  0  0  0
 14 16  1  0  0  0  0
 16 17  1  0  0  0  0
  1 18  1  0  0  0  0
  1 19  1  0  0  0  0
  3 20  1  0  0  0  0
  3 21  1  0  0  0  0
  4 22  1  0  0  0  0
  6 23  1  0  0  0  0
  6 24  1  0  0  0  0
  7 25  1  0  0  0  0
  9 26  1  0  0  0  0
  9 27  1  0  0  0  0
 10 28  1  0  0  0  0
 10 29  1  0  0  0  0
 11 30  1  0  0  0  0
 13 31  1  0  0  0  0
 13 32  1  0  0  0  0
 14 33  1  0  0  0  0
 16 34  1  0  0  0  0
 16 35  1  0  0  0  0
 17 36  1  0  0  0  0
 17 37  1  0  0  0  0
 17 38  1  0  0  0  0
M  END
$$$$
