 
WItclserve11290013443D 0   0.00000     0.00000cramer
 
 20 20  0  0  0  0  0  0  0  0  1 V2000
   -1.9977    0.0457   -0.3684 C   0  0  0  0  0  0  0  0  0  0  0  0
   -3.0042   -0.0656    0.4626 C   0  0  0  0  0  0  0  0  0  0  0  0
   -0.5837    0.0105    0.1517 C   0  0  0  0  0  0  0  0  0  0  0  0
    0.1707   -1.1639   -0.4845 C   0  0  0  0  0  0  0  0  0  0  0  0
    1.5386   -1.2833    0.1909 C   0  0  0  0  0  0  0  0  0  0  0  0
    2.2165    0.0551    0.2255 C   0  0  0  0  0  0  0  0  0  0  0  0
    1.6053    1.1824    0.0493 C   0  0  0  0  0  0  0  0  0  0  0  0
    0.1351    1.3080   -0.2243 C   0  0  0  0  0  0  0  0  0  0  0  0
   -2.1811    0.1582   -1.4267 H   0  0  0  0  0  0  0  0  0  0  0  0
   -2.8206   -0.1826    1.5205 H   0  0  0  0  0  0  0  0  0  0  0  0
   -4.0175   -0.0404    0.0899 H   0  0  0  0  0  0  0  0  0  0  0  0
   -0.5947   -0.1051    1.2355 H   0  0  0  0  0  0  0  0  0  0  0  0
   -0.3930   -2.0849   -0.3360 H   0  0  0  0  0  0  0  0  0  0  0  0
    0.3033   -0.9797   -1.5507 H   0  0  0  0  0  0  0  0  0  0  0  0
    1.4079   -1.6486    1.2095 H   0  0  0  0  0  0  0  0  0  0  0  0
    2.1566   -1.9871   -0.3666 H   0  0  0  0  0  0  0  0  0  0  0  0
    3.2805    0.0792    0.4093 H   0  0  0  0  0  0  0  0  0  0  0  0
    2.1897    2.0891    0.1028 H   0  0  0  0  0  0  0  0  0  0  0  0
   -0.0190    1.5125   -1.2838 H   0  0  0  0  0  0  0  0  0  0  0  0
   -0.2728    2.1304    0.3634 H   0  0  0  0  0  0  0  0  0  0  0  0
  1  2  2  0  0  0  0
  1  3  1  0  0  0  0
  3  4  1  0  0  0  0
  4  5  1  0  0  0  0
  5  6  1  0  0  0  0
  6  7  2  0  0  0  0
  7  8  1  0  0  0  0
  3  8  1  0  0  0  0
  1  9  1  0  0  0  0
  2 10  1  0  0  0  0
  2 11  1  0  0  0  0
  3 12  1  0  0  0  0
  4 13  1  0  0  0  0
  4 14  1  0  0  0  0
  5 15  1  0  0  0  0
  5 16  1  0  0  0  0
  6 17  1  0  0  0  0
  7 18  1  0  0  0  0
  8 19  1  0  0  0  0
  8 20  1  0  0  0  0
M  END
$$$$
