 
WItclserve11290013443D 0   0.00000     0.00000cramer
 
 43 45  0  0  0  0  0  0  0  0  1 V2000
   -4.5910   -1.7182    1.0518 C   0  0  0  0  0  0  0  0  0  0  0  0
   -4.4621   -2.7567    0.1483 C   0  0  0  0  0  0  0  0  0  0  0  0
   -3.8407   -2.5419   -1.0674 C   0  0  0  0  0  0  0  0  0  0  0  0
   -3.3483   -1.2884   -1.3802 C   0  0  0  0  0  0  0  0  0  0  0  0
   -3.4780   -0.2500   -0.4773 C   0  0  0  0  0  0  0  0  0  0  0  0
   -4.0983   -0.4652    0.7394 C   0  0  0  0  0  0  0  0  0  0  0  0
   -2.9405    1.1161   -0.8178 C   0  0  0  0  0  0  0  0  0  0  0  0
   -4.0387    2.0917   -0.8046 N   0  0  0  0  0  0  0  0  0  0  0  0
   -1.9020    1.5150    0.1988 C   0  0  0  0  0  0  0  0  0  0  0  0
   -2.2320    2.1170    1.1986 O   0  0  0  0  0  0  0  0  0  0  0  0
   -0.6065    1.2028   -0.0030 N   0  0  0  0  0  0  0  0  0  0  0  0
    0.4030    1.5906    0.9853 C   0  0  0  0  0  0  0  0  0  0  0  0
    0.9690    0.4218    1.7532 C   0  0  0  0  0  0  0  0  0  0  0  0
    0.5732   -0.3025    2.6419 O   0  0  0  0  0  0  0  0  0  0  0  0
    2.1143    0.5266    1.0224 N   0  0  0  0  0  0  0  0  0  0  0  0
    1.7862    1.8134    0.3821 C   0  0  0  0  0  0  0  0  0  0  0  0
    1.7899    1.4212   -1.4098 S   0  0  0  0  0  0  0  0  0  0  0  0
    2.7121   -0.1714   -1.3253 C   0  0  0  0  0  0  0  0  0  0  0  0
    2.1404   -1.1944   -2.3090 C   0  0  0  0  0  0  0  0  0  0  0  0
    4.2083    0.0426   -1.5629 C   0  0  0  0  0  0  0  0  0  0  0  0
    2.4318   -0.5842    0.1339 C   0  0  0  0  0  0  0  0  0  0  0  0
    3.6468   -1.2951    0.6720 C   0  0  0  0  0  0  0  0  0  0  0  0
    3.7579   -2.6265    0.5419 O   0  0  0  0  0  0  0  0  0  0  0  0
    4.5210   -0.6667    1.2204 O   0  0  0  0  0  0  0  0  0  0  0  0
   -5.0805   -1.8850    1.9999 H   0  0  0  0  0  0  0  0  0  0  0  0
   -4.8467   -3.7359    0.3926 H   0  0  0  0  0  0  0  0  0  0  0  0
   -3.7394   -3.3533   -1.7729 H   0  0  0  0  0  0  0  0  0  0  0  0
   -2.8621   -1.1207   -2.3298 H   0  0  0  0  0  0  0  0  0  0  0  0
   -4.1997    0.3462    1.4449 H   0  0  0  0  0  0  0  0  0  0  0  0
   -2.4879    1.0918   -1.8091 H   0  0  0  0  0  0  0  0  0  0  0  0
   -4.4256    2.0802    0.1272 H   0  0  0  0  0  0  0  0  0  0  0  0
   -3.6205    3.0008   -0.9337 H   0  0  0  0  0  0  0  0  0  0  0  0
   -0.3426    0.7213   -0.8026 H   0  0  0  0  0  0  0  0  0  0  0  0
    0.0723    2.4090    1.6248 H   0  0  0  0  0  0  0  0  0  0  0  0
    2.3371    2.7014    0.6922 H   0  0  0  0  0  0  0  0  0  0  0  0
    2.2377   -0.8142   -3.3260 H   0  0  0  0  0  0  0  0  0  0  0  0
    2.6887   -2.1320   -2.2176 H   0  0  0  0  0  0  0  0  0  0  0  0
    1.0877   -1.3656   -2.0843 H   0  0  0  0  0  0  0  0  0  0  0  0
    4.3624    0.4568   -2.5594 H   0  0  0  0  0  0  0  0  0  0  0  0
    4.5992    0.7350   -0.8173 H   0  0  0  0  0  0  0  0  0  0  0  0
    4.7293   -0.9113   -1.4814 H   0  0  0  0  0  0  0  0  0  0  0  0
    1.5957   -1.2834    0.1414 H   0  0  0  0  0  0  0  0  0  0  0  0
    4.5375   -3.0826    0.8871 H   0  0  0  0  0  0  0  0  0  0  0  0
  1  2  1  0  0  0  0
  2  3  2  0  0  0  0
  3  4  1  0  0  0  0
  4  5  2  0  0  0  0
  5  6  1  0  0  0  0
  1  6  2  0  0  0  0
  5  7  1  0  0  0  0
  7  8  1  0  0  0  0
  7  9  1  0  0  0  0
  9 10  2  0  0  0  0
  9 11  1  0  0  0  0
 11 12  1  0  0  0  0
 12 13  1  0  0  0  0
 13 14  2  0  0  0  0
 13 15  1  0  0  0  0
 15 16  1  0  0  0  0
 12 16  1  0  0  0  0
 16 17  1  0  0  0  0
 17 18  1  0  0  0  0
 18 19  1  0  0  0  0
 18 20  1  0  0  0  0
 18 21  1  0  0  0  0
 15 21  1  0  0  0  0
 21 22  1  0  0  0  0
 22 23  1  0  0  0  0
 22 24  2  0  0  0  0
  1 25  1  0  0  0  0
  2 26  1  0  0  0  0
  3 27  1  0  0  0  0
  4 28  1  0  0  0  0
  6 29  1  0  0  0  0
  7 30  1  0  0  0  0
  8 31  1  0  0  0  0
  8 32  1  0  0  0  0
 11 33  1  0  0  0  0
 12 34  1  0  0  0  0
 16 35  1  0  0  0  0
 19 36  1  0  0  0  0
 19 37  1  0  0  0  0
 19 38  1  0  0  0  0
 20 39  1  0  0  0  0
 20 40  1  0  0  0  0
 20 41  1  0  0  0  0
 21 42  1  0  0  0  0
 23 43  1  0  0  0  0
M  END
$$$$
