 
WItclserve11290013453D 0   0.00000     0.00000cramer
 
 67 66  0  0  0  0  0  0  0  0  1 V2000
   -4.9929    2.3536   -0.2346 C   0  0  0  0  0  0  0  0  0  0  0  0
   -5.5326    1.0298    0.3106 C   0  0  0  0  0  0  0  0  0  0  0  0
   -6.9500    0.8006   -0.2179 C   0  0  0  0  0  0  0  0  0  0  0  0
   -7.4898   -0.5232    0.3273 C   0  0  0  0  0  0  0  0  0  0  0  0
   -8.9072   -0.7523   -0.2012 C   0  0  0  0  0  0  0  0  0  0  0  0
   -9.4469   -2.0761    0.3440 C   0  0  0  0  0  0  0  0  0  0  0  0
  -10.8644   -2.3053   -0.1845 C   0  0  0  0  0  0  0  0  0  0  0  0
  -11.4041   -3.6290    0.3607 C   0  0  0  0  0  0  0  0  0  0  0  0
   -3.5967    2.5793    0.2860 C   0  0  0  0  0  0  0  0  0  0  0  0
   -2.5964    2.6969   -0.5517 C   0  0  0  0  0  0  0  0  0  0  0  0
   -1.2003    2.9226   -0.0311 C   0  0  0  0  0  0  0  0  0  0  0  0
   -0.2948    1.7765   -0.4863 C   0  0  0  0  0  0  0  0  0  0  0  0
    1.1226    2.0057    0.0421 C   0  0  0  0  0  0  0  0  0  0  0  0
    2.0282    0.8595   -0.4131 C   0  0  0  0  0  0  0  0  0  0  0  0
    3.4456    1.0887    0.1154 C   0  0  0  0  0  0  0  0  0  0  0  0
    4.3512   -0.0575   -0.3398 C   0  0  0  0  0  0  0  0  0  0  0  0
    5.7686    0.1717    0.1886 C   0  0  0  0  0  0  0  0  0  0  0  0
    6.6605   -0.9572   -0.2597 C   0  0  0  0  0  0  0  0  0  0  0  0
    6.2312   -1.8079   -1.0100 O   0  0  0  0  0  0  0  0  0  0  0  0
    7.9353   -1.0215    0.1730 N   0  0  0  0  0  0  0  0  0  0  0  0
    8.8355   -2.0518   -0.3506 C   0  0  0  0  0  0  0  0  0  0  0  0
    9.4595   -1.5661   -1.6605 C   0  0  0  0  0  0  0  0  0  0  0  0
    8.4207   -0.0610    1.1670 C   0  0  0  0  0  0  0  0  0  0  0  0
    8.1852   -0.6183    2.5722 C   0  0  0  0  0  0  0  0  0  0  0  0
   -4.9730    2.3168   -1.3238 H   0  0  0  0  0  0  0  0  0  0  0  0
   -5.6380    3.1701    0.0898 H   0  0  0  0  0  0  0  0  0  0  0  0
   -4.8875    0.2132   -0.0137 H   0  0  0  0  0  0  0  0  0  0  0  0
   -5.5525    1.0665    1.3998 H   0  0  0  0  0  0  0  0  0  0  0  0
   -7.5952    1.6172    0.1064 H   0  0  0  0  0  0  0  0  0  0  0  0
   -6.9302    0.7639   -1.3071 H   0  0  0  0  0  0  0  0  0  0  0  0
   -6.8446   -1.3397    0.0030 H   0  0  0  0  0  0  0  0  0  0  0  0
   -7.5096   -0.4864    1.4165 H   0  0  0  0  0  0  0  0  0  0  0  0
   -9.5523    0.0642    0.1231 H   0  0  0  0  0  0  0  0  0  0  0  0
   -8.8873   -0.7891   -1.2904 H   0  0  0  0  0  0  0  0  0  0  0  0
   -8.8018   -2.8926    0.0197 H   0  0  0  0  0  0  0  0  0  0  0  0
   -9.4668   -2.0394    1.4332 H   0  0  0  0  0  0  0  0  0  0  0  0
  -11.5095   -1.4887    0.1398 H   0  0  0  0  0  0  0  0  0  0  0  0
  -10.8445   -2.3420   -1.2737 H   0  0  0  0  0  0  0  0  0  0  0  0
  -12.4139   -3.7923   -0.0158 H   0  0  0  0  0  0  0  0  0  0  0  0
  -10.7590   -4.4456    0.0364 H   0  0  0  0  0  0  0  0  0  0  0  0
  -11.4240   -3.5923    1.4499 H   0  0  0  0  0  0  0  0  0  0  0  0
   -3.4209    2.6441    1.3496 H   0  0  0  0  0  0  0  0  0  0  0  0
   -2.7723    2.6321   -1.6153 H   0  0  0  0  0  0  0  0  0  0  0  0
   -0.8158    3.8657   -0.4195 H   0  0  0  0  0  0  0  0  0  0  0  0
   -1.2202    2.9594    1.0581 H   0  0  0  0  0  0  0  0  0  0  0  0
   -0.6793    0.8334   -0.0980 H   0  0  0  0  0  0  0  0  0  0  0  0
   -0.2749    1.7398   -1.5755 H   0  0  0  0  0  0  0  0  0  0  0  0
    1.5072    2.9487   -0.3463 H   0  0  0  0  0  0  0  0  0  0  0  0
    1.1028    2.0424    1.1313 H   0  0  0  0  0  0  0  0  0  0  0  0
    1.6437   -0.0836   -0.0247 H   0  0  0  0  0  0  0  0  0  0  0  0
    2.0480    0.8228   -1.5023 H   0  0  0  0  0  0  0  0  0  0  0  0
    3.8301    2.0318   -0.2730 H   0  0  0  0  0  0  0  0  0  0  0  0
    3.4258    1.1254    1.2046 H   0  0  0  0  0  0  0  0  0  0  0  0
    3.9666   -1.0005    0.0486 H   0  0  0  0  0  0  0  0  0  0  0  0
    4.3710   -0.0942   -1.4290 H   0  0  0  0  0  0  0  0  0  0  0  0
    6.1531    1.1148   -0.1998 H   0  0  0  0  0  0  0  0  0  0  0  0
    5.7487    0.2084    1.2778 H   0  0  0  0  0  0  0  0  0  0  0  0
    9.6237   -2.2491    0.3760 H   0  0  0  0  0  0  0  0  0  0  0  0
    8.2727   -2.9671   -0.5337 H   0  0  0  0  0  0  0  0  0  0  0  0
   10.0615   -2.3646   -2.0942 H   0  0  0  0  0  0  0  0  0  0  0  0
    8.6695   -1.2871   -2.3577 H   0  0  0  0  0  0  0  0  0  0  0  0
   10.0920   -0.7007   -1.4627 H   0  0  0  0  0  0  0  0  0  0  0  0
    9.4870    0.1090    1.0175 H   0  0  0  0  0  0  0  0  0  0  0  0
    7.8835    0.8808    1.0549 H   0  0  0  0  0  0  0  0  0  0  0  0
    7.1190   -0.7883    2.7217 H   0  0  0  0  0  0  0  0  0  0  0  0
    8.7225   -1.5601    2.6844 H   0  0  0  0  0  0  0  0  0  0  0  0
    8.5464    0.0963    3.3118 H   0  0  0  0  0  0  0  0  0  0  0  0
  1  2  1  0  0  0  0
  2  3  1  0  0  0  0
  3  4  1  0  0  0  0
  4  5  1  0  0  0  0
  5  6  1  0  0  0  0
  6  7  1  0  0  0  0
  7  8  1  0  0  0  0
  1  9  1  0  0  0  0
  9 10  2  0  0  0  0
 10 11  1  0  0  0  0
 11 12  1  0  0  0  0
 12 13  1  0  0  0  0
 13 14  1  0  0  0  0
 14 15  1  0  0  0  0
 15 16  1  0  0  0  0
 16 17  1  0  0  0  0
 17 18  1  0  0  0  0
 18 19  2  0  0  0  0
 18 20  1  0  0  0  0
 20 21  1  0  0  0  0
 21 22  1  0  0  0  0
 20 23  1  0  0  0  0
 23 24  1  0  0  0  0
  1 25  1  0  0  0  0
  1 26  1  0  0  0  0
  2 27  1  0  0  0  0
  2 28  1  0  0  0  0
  3 29  1  0  0  0  0
  3 30  1  0  0  0  0
  4 31  1  0  0  0  0
  4 32  1  0  0  0  0
  5 33  1  0  0  0  0
  5 34  1  0  0  0  0
  6 35  1  0  0  0  0
  6 36  1  0  0  0  0
  7 37  1  0  0  0  0
  7 38  1  0  0  0  0
  8 39  1  0  0  0  0
  8 40  1  0  0  0  0
  8 41  1  0  0  0  0
  9 42  1  0  0  0  0
 10 43  1  0  0  0  0
 11 44  1  0  0  0  0
 11 45  1  0  0  0  0
 12 46  1  0  0  0  0
 12 47  1  0  0  0  0
 13 48  1  0  0  0  0
 13 49  1  0  0  0  0
 14 50  1  0  0  0  0
 14 51  1  0  0  0  0
 15 52  1  0  0  0  0
 15 53  1  0  0  0  0
 16 54  1  0  0  0  0
 16 55  1  0  0  0  0
 17 56  1  0  0  0  0
 17 57  1  0  0  0  0
 21 58  1  0  0  0  0
 21 59  1  0  0  0  0
 22 60  1  0  0  0  0
 22 61  1  0  0  0  0
 22 62  1  0  0  0  0
 23 63  1  0  0  0  0
 23 64  1  0  0  0  0
 24 65  1  0  0  0  0
 24 66  1  0  0  0  0
 24 67  1  0  0  0  0
M  END
$$$$
