 
WItclserve11290013443D 0   0.00000     0.00000cramer
 
 24 25  0  0  0  0  0  0  0  0  1 V2000
    1.2071    0.1263   -1.4002 S   0  0  0  0  0  0  0  0  0  0  0  0
   -0.3250    0.0711   -0.7742 N   0  0  0  0  0  0  0  0  0  0  0  0
   -1.0091    1.1793   -0.3954 C   0  0  0  0  0  0  0  0  0  0  0  0
   -0.6994    2.3298   -0.6190 O   0  0  0  0  0  0  0  0  0  0  0  0
   -2.2276    0.7084    0.3558 C   0  0  0  0  0  0  0  0  0  0  0  0
   -3.5133    1.4720    0.1571 C   0  0  0  0  0  0  0  0  0  0  0  0
   -4.6991    0.5633    0.2646 C   0  0  0  0  0  0  0  0  0  0  0  0
   -4.6830   -0.7221    0.4516 C   0  0  0  0  0  0  0  0  0  0  0  0
   -3.3909   -1.5173    0.4714 C   0  0  0  0  0  0  0  0  0  0  0  0
   -2.3887   -0.6944   -0.2434 C   0  0  0  0  0  0  0  0  0  0  0  0
   -1.0132   -1.0897   -0.5989 C   0  0  0  0  0  0  0  0  0  0  0  0
   -0.5825   -2.2175   -0.7093 O   0  0  0  0  0  0  0  0  0  0  0  0
    2.1765   -0.0075    0.1273 C   0  0  0  0  0  0  0  0  0  0  0  0
    3.9345    0.0278   -0.2716 Cl  0  0  0  0  0  0  0  0  0  0  0  0
    1.7789    1.3749    1.2144 Cl  0  0  0  0  0  0  0  0  0  0  0  0
    1.7795   -1.5581    0.9571 Cl  0  0  0  0  0  0  0  0  0  0  0  0
   -2.0015    0.6343    1.4195 H   0  0  0  0  0  0  0  0  0  0  0  0
   -3.5885    2.2502    0.9166 H   0  0  0  0  0  0  0  0  0  0  0  0
   -3.5056    1.9354   -0.8295 H   0  0  0  0  0  0  0  0  0  0  0  0
   -5.6711    1.0262    0.1779 H   0  0  0  0  0  0  0  0  0  0  0  0
   -5.6188   -1.2411    0.5979 H   0  0  0  0  0  0  0  0  0  0  0  0
   -3.0714   -1.6874    1.4995 H   0  0  0  0  0  0  0  0  0  0  0  0
   -3.5289   -2.4691   -0.0417 H   0  0  0  0  0  0  0  0  0  0  0  0
   -2.8471   -0.4865   -1.2103 H   0  0  0  0  0  0  0  0  0  0  0  0
  1  2  1  0  0  0  0
  2  3  1  0  0  0  0
  3  4  2  0  0  0  0
  3  5  1  0  0  0  0
  5  6  1  0  0  0  0
  6  7  1  0  0  0  0
  7  8  2  0  0  0  0
  8  9  1  0  0  0  0
  9 10  1  0  0  0  0
  5 10  1  0  0  0  0
 10 11  1  0  0  0  0
  2 11  1  0  0  0  0
 11 12  2  0  0  0  0
  1 13  1  0  0  0  0
 13 14  1  0  0  0  0
 13 15  1  0  0  0  0
 13 16  1  0  0  0  0
  5 17  1  0  0  0  0
  6 18  1  0  0  0  0
  6 19  1  0  0  0  0
  7 20  1  0  0  0  0
  8 21  1  0  0  0  0
  9 22  1  0  0  0  0
  9 23  1  0  0  0  0
 10 24  1  0  0  0  0
M  END
$$$$
