 
WItclserve11290013443D 0   0.00000     0.00000cramer
 
 29 31  0  0  0  0  0  0  0  0  2 V2000
    2.8170    1.9348   -1.0476 O   0  5  0  0  0  0  0  0  0  0  0  0
    2.4940    1.4244    0.0101 N   0  3  0  0  0  0  0  0  0  0  0  0
    2.6184    2.0466    1.0497 O   0  0  0  0  0  0  0  0  0  0  0  0
    1.9447    0.0500    0.0313 C   0  0  0  0  0  0  0  0  0  0  0  0
    2.7941   -1.0354    0.1667 C   0  0  0  0  0  0  0  0  0  0  0  0
    4.2792   -0.8123    0.2920 C   0  0  0  0  0  0  0  0  0  0  0  0
    2.2892   -2.3221    0.1883 C   0  0  0  0  0  0  0  0  0  0  0  0
    0.9268   -2.5438    0.0751 C   0  0  0  0  0  0  0  0  0  0  0  0
    0.0602   -1.4651   -0.0614 C   0  0  0  0  0  0  0  0  0  0  0  0
   -1.3983   -1.6816   -0.1819 C   0  0  0  0  0  0  0  0  0  0  0  0
   -1.8383   -2.7906   -0.4114 O   0  0  0  0  0  0  0  0  0  0  0  0
   -2.3148   -0.5317   -0.0193 C   0  0  0  0  0  0  0  0  0  0  0  0
   -3.6793   -0.7338    0.1588 C   0  0  0  0  0  0  0  0  0  0  0  0
   -4.5223    0.3541    0.3087 C   0  0  0  0  0  0  0  0  0  0  0  0
   -4.0174    1.6412    0.2824 C   0  0  0  0  0  0  0  0  0  0  0  0
   -2.6616    1.8599    0.1066 C   0  0  0  0  0  0  0  0  0  0  0  0
   -1.8008    0.7780   -0.0446 C   0  0  0  0  0  0  0  0  0  0  0  0
   -0.3488    0.9916   -0.2308 C   0  0  0  0  0  0  0  0  0  0  0  0
    0.0805    2.0958   -0.5006 O   0  0  0  0  0  0  0  0  0  0  0  0
    0.5739   -0.1547   -0.0788 C   0  0  0  0  0  0  0  0  0  0  0  0
    4.5431   -0.7047    1.3441 H   0  0  0  0  0  0  0  0  0  0  0  0
    4.8116   -1.6643   -0.1309 H   0  0  0  0  0  0  0  0  0  0  0  0
    4.5572    0.0936   -0.2468 H   0  0  0  0  0  0  0  0  0  0  0  0
    2.9619   -3.1604    0.2938 H   0  0  0  0  0  0  0  0  0  0  0  0
    0.5388   -3.5515    0.0923 H   0  0  0  0  0  0  0  0  0  0  0  0
   -4.0801   -1.7365    0.1798 H   0  0  0  0  0  0  0  0  0  0  0  0
   -5.5818    0.1965    0.4467 H   0  0  0  0  0  0  0  0  0  0  0  0
   -4.6853    2.4818    0.3996 H   0  0  0  0  0  0  0  0  0  0  0  0
   -2.2736    2.8676    0.0873 H   0  0  0  0  0  0  0  0  0  0  0  0
  1  2  1  0  0  0  0
  2  3  2  0  0  0  0
  2  4  1  0  0  0  0
  4  5  1  0  0  0  0
  5  6  1  0  0  0  0
  5  7  2  0  0  0  0
  7  8  1  0  0  0  0
  8  9  2  0  0  0  0
  9 10  1  0  0  0  0
 10 11  2  0  0  0  0
 10 12  1  0  0  0  0
 12 13  1  0  0  0  0
 13 14  2  0  0  0  0
 14 15  1  0  0  0  0
 15 16  2  0  0  0  0
 16 17  1  0  0  0  0
 12 17  2  0  0  0  0
 17 18  1  0  0  0  0
 18 19  2  0  0  0  0
 18 20  1  0  0  0  0
  4 20  2  0  0  0  0
  9 20  1  0  0  0  0
  6 21  1  0  0  0  0
  6 22  1  0  0  0  0
  6 23  1  0  0  0  0
  7 24  1  0  0  0  0
  8 25  1  0  0  0  0
 13 26  1  0  0  0  0
 14 27  1  0  0  0  0
 15 28  1  0  0  0  0
 16 29  1  0  0  0  0
M  CHG  2   1  -1   2   1
M  END
$$$$
