 
WItclserve11290013443D 0   0.00000     0.00000cramer
 
 35 36  0  0  0  0  0  0  0  0  1 V2000
   -0.0091   -2.1266    0.7611 C   0  0  0  0  0  0  0  0  0  0  0  0
    0.0853   -3.0148    1.5749 O   0  0  0  0  0  0  0  0  0  0  0  0
   -0.1410   -2.4213   -0.5418 O   0  0  0  0  0  0  0  0  0  0  0  0
   -0.1704   -3.8074   -0.9732 C   0  0  0  0  0  0  0  0  0  0  0  0
   -0.3277   -3.8649   -2.4940 C   0  0  0  0  0  0  0  0  0  0  0  0
    0.0152   -0.6881    1.2096 C   0  0  0  0  0  0  0  0  0  0  0  0
    0.0239   -0.6344    2.6376 O   0  0  0  0  0  0  0  0  0  0  0  0
    1.2531   -0.0158    0.6741 C   0  0  0  0  0  0  0  0  0  0  0  0
    2.0816    0.6881    1.5284 C   0  0  0  0  0  0  0  0  0  0  0  0
    3.2169    1.3048    1.0379 C   0  0  0  0  0  0  0  0  0  0  0  0
    3.5246    1.2174   -0.3084 C   0  0  0  0  0  0  0  0  0  0  0  0
    4.9508    1.9914   -0.9251 Cl  0  0  0  0  0  0  0  0  0  0  0  0
    2.6955    0.5127   -1.1625 C   0  0  0  0  0  0  0  0  0  0  0  0
    1.5627   -0.1079   -0.6698 C   0  0  0  0  0  0  0  0  0  0  0  0
   -1.2075    0.0215    0.6877 C   0  0  0  0  0  0  0  0  0  0  0  0
   -1.4749    0.0306   -0.6688 C   0  0  0  0  0  0  0  0  0  0  0  0
   -2.5960    0.6811   -1.1481 C   0  0  0  0  0  0  0  0  0  0  0  0
   -3.4513    1.3231   -0.2700 C   0  0  0  0  0  0  0  0  0  0  0  0
   -4.8602    2.1401   -0.8712 Cl  0  0  0  0  0  0  0  0  0  0  0  0
   -3.1835    1.3133    1.0871 C   0  0  0  0  0  0  0  0  0  0  0  0
   -2.0643    0.6581    1.5658 C   0  0  0  0  0  0  0  0  0  0  0  0
    0.7597   -4.2973   -0.6853 H   0  0  0  0  0  0  0  0  0  0  0  0
   -1.0106   -4.3170   -0.5016 H   0  0  0  0  0  0  0  0  0  0  0  0
    0.5125   -3.3553   -2.9657 H   0  0  0  0  0  0  0  0  0  0  0  0
   -0.3497   -4.9054   -2.8180 H   0  0  0  0  0  0  0  0  0  0  0  0
   -1.2578   -3.3749   -2.7819 H   0  0  0  0  0  0  0  0  0  0  0  0
    0.0394    0.3011    2.8820 H   0  0  0  0  0  0  0  0  0  0  0  0
    1.8413    0.7563    2.5791 H   0  0  0  0  0  0  0  0  0  0  0  0
    3.8636    1.8552    1.7051 H   0  0  0  0  0  0  0  0  0  0  0  0
    2.9350    0.4444   -2.2134 H   0  0  0  0  0  0  0  0  0  0  0  0
    0.9155   -0.6584   -1.3365 H   0  0  0  0  0  0  0  0  0  0  0  0
   -0.8073   -0.4705   -1.3541 H   0  0  0  0  0  0  0  0  0  0  0  0
   -2.8044    0.6888   -2.2077 H   0  0  0  0  0  0  0  0  0  0  0  0
   -3.8505    1.8145    1.7729 H   0  0  0  0  0  0  0  0  0  0  0  0
   -1.8554    0.6501    2.6253 H   0  0  0  0  0  0  0  0  0  0  0  0
  1  2  2  0  0  0  0
  1  3  1  0  0  0  0
  3  4  1  0  0  0  0
  4  5  1  0  0  0  0
  1  6  1  0  0  0  0
  6  7  1  0  0  0  0
  6  8  1  0  0  0  0
  8  9  1  0  0  0  0
  9 10  2  0  0  0  0
 10 11  1  0  0  0  0
 11 12  1  0  0  0  0
 11 13  2  0  0  0  0
 13 14  1  0  0  0  0
  8 14  2  0  0  0  0
  6 15  1  0  0  0  0
 15 16  1  0  0  0  0
 16 17  2  0  0  0  0
 17 18  1  0  0  0  0
 18 19  1  0  0  0  0
 18 20  2  0  0  0  0
 20 21  1  0  0  0  0
 15 21  2  0  0  0  0
  4 22  1  0  0  0  0
  4 23  1  0  0  0  0
  5 24  1  0  0  0  0
  5 25  1  0  0  0  0
  5 26  1  0  0  0  0
  7 27  1  0  0  0  0
  9 28  1  0  0  0  0
 10 29  1  0  0  0  0
 13 30  1  0  0  0  0
 14 31  1  0  0  0  0
 16 32  1  0  0  0  0
 17 33  1  0  0  0  0
 20 34  1  0  0  0  0
 21 35  1  0  0  0  0
M  END
$$$$
