 
WItclserve11290013443D 0   0.00000     0.00000cramer
 
 26 25  0  0  0  0  0  0  0  0  1 V2000
   -2.1954    0.4979    0.0240 N   0  0  0  0  0  0  0  0  0  0  0  0
   -3.5896    0.0544    0.0984 C   0  0  0  0  0  0  0  0  0  0  0  0
   -4.1039   -0.2496   -1.3101 C   0  0  0  0  0  0  0  0  0  0  0  0
   -1.8869    1.9217   -0.1308 C   0  0  0  0  0  0  0  0  0  0  0  0
   -1.8679    2.5918    1.2445 C   0  0  0  0  0  0  0  0  0  0  0  0
   -1.1964   -0.4033    0.1034 C   0  0  0  0  0  0  0  0  0  0  0  0
   -1.5550   -2.0765    0.1536 S   0  0  0  0  0  0  0  0  0  0  0  0
    0.4788    0.1407    0.1557 S   0  0  0  0  0  0  0  0  0  0  0  0
    1.8204   -1.0696    0.2624 C   0  0  0  0  0  0  0  0  0  0  0  0
    3.1444   -0.3505    0.2924 C   0  0  0  0  0  0  0  0  0  0  0  0
    3.9475   -0.4975    1.3189 C   0  0  0  0  0  0  0  0  0  0  0  0
    3.6067    0.6724   -1.0319 Cl  0  0  0  0  0  0  0  0  0  0  0  0
   -3.6525   -0.8455    0.7102 H   0  0  0  0  0  0  0  0  0  0  0  0
   -4.1977    0.8409    0.5453 H   0  0  0  0  0  0  0  0  0  0  0  0
   -5.1413   -0.5796   -1.2548 H   0  0  0  0  0  0  0  0  0  0  0  0
   -4.0411    0.6503   -1.9220 H   0  0  0  0  0  0  0  0  0  0  0  0
   -3.4958   -1.0361   -1.7571 H   0  0  0  0  0  0  0  0  0  0  0  0
   -0.9105    2.0328   -0.6025 H   0  0  0  0  0  0  0  0  0  0  0  0
   -2.6472    2.3926   -0.7539 H   0  0  0  0  0  0  0  0  0  0  0  0
   -1.7264    3.6658    1.1235 H   0  0  0  0  0  0  0  0  0  0  0  0
   -2.8139    2.4050    1.7528 H   0  0  0  0  0  0  0  0  0  0  0  0
   -1.0500    2.1821    1.8371 H   0  0  0  0  0  0  0  0  0  0  0  0
    1.7064   -1.6591    1.1722 H   0  0  0  0  0  0  0  0  0  0  0  0
    1.7846   -1.7291   -0.6047 H   0  0  0  0  0  0  0  0  0  0  0  0
    4.8963    0.0178    1.3403 H   0  0  0  0  0  0  0  0  0  0  0  0
    3.6598   -1.1339    2.1427 H   0  0  0  0  0  0  0  0  0  0  0  0
  1  2  1  0  0  0  0
  2  3  1  0  0  0  0
  1  4  1  0  0  0  0
  4  5  1  0  0  0  0
  1  6  1  0  0  0  0
  6  7  2  0  0  0  0
  6  8  1  0  0  0  0
  8  9  1  0  0  0  0
  9 10  1  0  0  0  0
 10 11  2  0  0  0  0
 10 12  1  0  0  0  0
  2 13  1  0  0  0  0
  2 14  1  0  0  0  0
  3 15  1  0  0  0  0
  3 16  1  0  0  0  0
  3 17  1  0  0  0  0
  4 18  1  0  0  0  0
  4 19  1  0  0  0  0
  5 20  1  0  0  0  0
  5 21  1  0  0  0  0
  5 22  1  0  0  0  0
  9 23  1  0  0  0  0
  9 24  1  0  0  0  0
 11 25  1  0  0  0  0
 11 26  1  0  0  0  0
M  END
$$$$
