 
WItclserve11290013443D 0   0.00000     0.00000cramer
 
 68 67  0  0  0  0  0  0  0  0  1 V2000
   -4.2935   -0.6091    0.2039 O   0  0  0  0  0  0  0  0  0  0  0  0
   -5.5613    0.0986    0.2116 C   0  0  0  0  0  0  0  0  0  0  0  0
   -6.7097   -0.9122    0.1941 C   0  0  0  0  0  0  0  0  0  0  0  0
   -6.6187   -1.8089    1.4304 C   0  0  0  0  0  0  0  0  0  0  0  0
   -7.6733   -2.9136    1.3380 C   0  0  0  0  0  0  0  0  0  0  0  0
   -8.0457   -0.1664    0.2023 C   0  0  0  0  0  0  0  0  0  0  0  0
   -8.1973    0.6224   -1.0999 C   0  0  0  0  0  0  0  0  0  0  0  0
   -9.4768    1.4594   -1.0431 C   0  0  0  0  0  0  0  0  0  0  0  0
   -9.6285    2.2483   -2.3452 C   0  0  0  0  0  0  0  0  0  0  0  0
   -3.1408    0.0787    0.2166 C   0  0  0  0  0  0  0  0  0  0  0  0
   -3.1583    1.2866    0.2345 O   0  0  0  0  0  0  0  0  0  0  0  0
   -1.8250   -0.6559    0.2086 C   0  0  0  0  0  0  0  0  0  0  0  0
   -0.6765    0.3549    0.2261 C   0  0  0  0  0  0  0  0  0  0  0  0
    0.6594   -0.3908    0.2180 C   0  0  0  0  0  0  0  0  0  0  0  0
    1.8078    0.6200    0.2355 C   0  0  0  0  0  0  0  0  0  0  0  0
    3.1237   -0.1146    0.2275 C   0  0  0  0  0  0  0  0  0  0  0  0
    3.1411   -1.3226    0.2096 O   0  0  0  0  0  0  0  0  0  0  0  0
    4.2763    0.5732    0.2402 O   0  0  0  0  0  0  0  0  0  0  0  0
    5.5441   -0.1345    0.2325 C   0  0  0  0  0  0  0  0  0  0  0  0
    6.6926    0.8763    0.2500 C   0  0  0  0  0  0  0  0  0  0  0  0
    6.5961    1.7360    1.5119 C   0  0  0  0  0  0  0  0  0  0  0  0
    7.6510    2.8428    1.4568 C   0  0  0  0  0  0  0  0  0  0  0  0
    8.0285    0.1305    0.2419 C   0  0  0  0  0  0  0  0  0  0  0  0
    8.1831   -0.6244   -1.0799 C   0  0  0  0  0  0  0  0  0  0  0  0
    9.5715   -1.2643   -1.1423 C   0  0  0  0  0  0  0  0  0  0  0  0
    9.7261   -2.0193   -2.4641 C   0  0  0  0  0  0  0  0  0  0  0  0
   -5.6300    0.7111    1.1106 H   0  0  0  0  0  0  0  0  0  0  0  0
   -5.6261    0.7375   -0.6691 H   0  0  0  0  0  0  0  0  0  0  0  0
   -6.6410   -1.5247   -0.7049 H   0  0  0  0  0  0  0  0  0  0  0  0
   -5.6265   -2.2573    1.4818 H   0  0  0  0  0  0  0  0  0  0  0  0
   -6.7948   -1.2126    2.3256 H   0  0  0  0  0  0  0  0  0  0  0  0
   -8.6579   -2.4656    1.2037 H   0  0  0  0  0  0  0  0  0  0  0  0
   -7.4493   -3.5596    0.4891 H   0  0  0  0  0  0  0  0  0  0  0  0
   -7.6641   -3.5024    2.2552 H   0  0  0  0  0  0  0  0  0  0  0  0
   -8.8617   -0.8838    0.2897 H   0  0  0  0  0  0  0  0  0  0  0  0
   -8.0733    0.5202    1.0483 H   0  0  0  0  0  0  0  0  0  0  0  0
   -7.3380    1.2806   -1.2282 H   0  0  0  0  0  0  0  0  0  0  0  0
   -8.2532   -0.0701   -1.9398 H   0  0  0  0  0  0  0  0  0  0  0  0
  -10.3361    0.8013   -0.9148 H   0  0  0  0  0  0  0  0  0  0  0  0
   -9.4209    2.1519   -0.2032 H   0  0  0  0  0  0  0  0  0  0  0  0
  -10.5400    2.8446   -2.3047 H   0  0  0  0  0  0  0  0  0  0  0  0
   -8.7691    2.9064   -2.4735 H   0  0  0  0  0  0  0  0  0  0  0  0
   -9.6843    1.5558   -3.1851 H   0  0  0  0  0  0  0  0  0  0  0  0
   -1.7601   -1.2948    1.0894 H   0  0  0  0  0  0  0  0  0  0  0  0
   -1.7562   -1.2684   -0.6904 H   0  0  0  0  0  0  0  0  0  0  0  0
   -0.7414    0.9938   -0.6546 H   0  0  0  0  0  0  0  0  0  0  0  0
   -0.7453    0.9674    1.1251 H   0  0  0  0  0  0  0  0  0  0  0  0
    0.7242   -1.0297    1.0987 H   0  0  0  0  0  0  0  0  0  0  0  0
    0.7281   -1.0033   -0.6810 H   0  0  0  0  0  0  0  0  0  0  0  0
    1.7430    1.2588   -0.6453 H   0  0  0  0  0  0  0  0  0  0  0  0
    1.7391    1.2325    1.1345 H   0  0  0  0  0  0  0  0  0  0  0  0
    5.6090   -0.7734    1.1132 H   0  0  0  0  0  0  0  0  0  0  0  0
    5.6129   -0.7470   -0.6665 H   0  0  0  0  0  0  0  0  0  0  0  0
    6.6277    1.5151   -0.6308 H   0  0  0  0  0  0  0  0  0  0  0  0
    5.6036    2.1827    1.5722 H   0  0  0  0  0  0  0  0  0  0  0  0
    6.7682    1.1133    2.3898 H   0  0  0  0  0  0  0  0  0  0  0  0
    7.4307    3.5138    0.6266 H   0  0  0  0  0  0  0  0  0  0  0  0
    7.6377    3.4042    2.3910 H   0  0  0  0  0  0  0  0  0  0  0  0
    8.6362    2.3989    1.3137 H   0  0  0  0  0  0  0  0  0  0  0  0
    8.8443    0.8453    0.3496 H   0  0  0  0  0  0  0  0  0  0  0  0
    8.0543   -0.5778    1.0700 H   0  0  0  0  0  0  0  0  0  0  0  0
    7.4216   -1.4015   -1.1457 H   0  0  0  0  0  0  0  0  0  0  0  0
    8.0657    0.0707   -1.9112 H   0  0  0  0  0  0  0  0  0  0  0  0
   10.3330   -0.4873   -1.0765 H   0  0  0  0  0  0  0  0  0  0  0  0
    9.6889   -1.9595   -0.3110 H   0  0  0  0  0  0  0  0  0  0  0  0
   10.7152   -2.4751   -2.5086 H   0  0  0  0  0  0  0  0  0  0  0  0
    8.9646   -2.7963   -2.5299 H   0  0  0  0  0  0  0  0  0  0  0  0
    9.6087   -1.3241   -3.2954 H   0  0  0  0  0  0  0  0  0  0  0  0
  1  2  1  0  0  0  0
  2  3  1  0  0  0  0
  3  4  1  0  0  0  0
  4  5  1  0  0  0  0
  3  6  1  0  0  0  0
  6  7  1  0  0  0  0
  7  8  1  0  0  0  0
  8  9  1  0  0  0  0
  1 10  1  0  0  0  0
 10 11  2  0  0  0  0
 10 12  1  0  0  0  0
 12 13  1  0  0  0  0
 13 14  1  0  0  0  0
 14 15  1  0  0  0  0
 15 16  1  0  0  0  0
 16 17  2  0  0  0  0
 16 18  1  0  0  0  0
 18 19  1  0  0  0  0
 19 20  1  0  0  0  0
 20 21  1  0  0  0  0
 21 22  1  0  0  0  0
 20 23  1  0  0  0  0
 23 24  1  0  0  0  0
 24 25  1  0  0  0  0
 25 26  1  0  0  0  0
  2 27  1  0  0  0  0
  2 28  1  0  0  0  0
  3 29  1  0  0  0  0
  4 30  1  0  0  0  0
  4 31  1  0  0  0  0
  5 32  1  0  0  0  0
  5 33  1  0  0  0  0
  5 34  1  0  0  0  0
  6 35  1  0  0  0  0
  6 36  1  0  0  0  0
  7 37  1  0  0  0  0
  7 38  1  0  0  0  0
  8 39  1  0  0  0  0
  8 40  1  0  0  0  0
  9 41  1  0  0  0  0
  9 42  1  0  0  0  0
  9 43  1  0  0  0  0
 12 44  1  0  0  0  0
 12 45  1  0  0  0  0
 13 46  1  0  0  0  0
 13 47  1  0  0  0  0
 14 48  1  0  0  0  0
 14 49  1  0  0  0  0
 15 50  1  0  0  0  0
 15 51  1  0  0  0  0
 19 52  1  0  0  0  0
 19 53  1  0  0  0  0
 20 54  1  0  0  0  0
 21 55  1  0  0  0  0
 21 56  1  0  0  0  0
 22 57  1  0  0  0  0
 22 58  1  0  0  0  0
 22 59  1  0  0  0  0
 23 60  1  0  0  0  0
 23 61  1  0  0  0  0
 24 62  1  0  0  0  0
 24 63  1  0  0  0  0
 25 64  1  0  0  0  0
 25 65  1  0  0  0  0
 26 66  1  0  0  0  0
 26 67  1  0  0  0  0
 26 68  1  0  0  0  0
M  END
$$$$
