 
WItclserve11290013443D 0   0.00000     0.00000cramer
 
 10  9  0  0  0  0  0  0  0  0  1 V2000
    1.8074    0.1308   -0.0003 C   0  0  0  0  0  0  0  0  0  0  0  0
    0.6005   -0.4248   -0.0002 C   0  0  0  0  0  0  0  0  0  0  0  0
   -0.6005    0.4248    0.0001 C   0  0  0  0  0  0  0  0  0  0  0  0
   -1.8074   -0.1308    0.0001 C   0  0  0  0  0  0  0  0  0  0  0  0
    1.9068    1.2062   -0.0001 H   0  0  0  0  0  0  0  0  0  0  0  0
    2.6891   -0.4930    0.0040 H   0  0  0  0  0  0  0  0  0  0  0  0
    0.5011   -1.5003   -0.0004 H   0  0  0  0  0  0  0  0  0  0  0  0
   -0.5011    1.5003    0.0002 H   0  0  0  0  0  0  0  0  0  0  0  0
   -1.9068   -1.2062   -0.0001 H   0  0  0  0  0  0  0  0  0  0  0  0
   -2.6891    0.4930    0.0003 H   0  0  0  0  0  0  0  0  0  0  0  0
  1  2  2  0  0  0  0
  2  3  1  0  0  0  0
  3  4  2  0  0  0  0
  1  5  1  0  0  0  0
  1  6  1  0  0  0  0
  2  7  1  0  0  0  0
  3  8  1  0  0  0  0
  4  9  1  0  0  0  0
  4 10  1  0  0  0  0
M  END
$$$$
