 
WItclserve11290013443D 0   0.00000     0.00000cramer
 
 14 13  0  0  0  0  0  0  0  0  1 V2000
    0.5252    0.0184   -0.1271 C   0  0  0  0  0  0  0  0  0  0  0  0
    0.4443   -1.1877   -0.2601 O   0  0  0  0  0  0  0  0  0  0  0  0
    1.8287    0.6421    0.1484 C   0  0  0  0  0  0  0  0  0  0  0  0
    2.9186   -0.1129    0.2520 C   0  0  0  0  0  0  0  0  0  0  0  0
   -0.5784    0.7841   -0.2375 N   0  0  0  0  0  0  0  0  0  0  0  0
   -1.8755    0.1635   -0.5179 C   0  0  0  0  0  0  0  0  0  0  0  0
   -2.5203   -0.1691    0.7132 O   0  0  0  0  0  0  0  0  0  0  0  0
    1.9006    1.7133    0.2665 H   0  0  0  0  0  0  0  0  0  0  0  0
    2.8467   -1.1840    0.1338 H   0  0  0  0  0  0  0  0  0  0  0  0
    3.8756    0.3450    0.4542 H   0  0  0  0  0  0  0  0  0  0  0  0
   -0.5138    1.7461   -0.1314 H   0  0  0  0  0  0  0  0  0  0  0  0
   -2.4986    0.8610   -1.0776 H   0  0  0  0  0  0  0  0  0  0  0  0
   -1.7255   -0.7420   -1.1058 H   0  0  0  0  0  0  0  0  0  0  0  0
   -3.3681   -0.5739    0.4841 H   0  0  0  0  0  0  0  0  0  0  0  0
  1  2  2  0  0  0  0
  1  3  1  0  0  0  0
  3  4  2  0  0  0  0
  1  5  1  0  0  0  0
  5  6  1  0  0  0  0
  6  7  1  0  0  0  0
  3  8  1  0  0  0  0
  4  9  1  0  0  0  0
  4 10  1  0  0  0  0
  5 11  1  0  0  0  0
  6 12  1  0  0  0  0
  6 13  1  0  0  0  0
  7 14  1  0  0  0  0
M  END
$$$$
