 
WItclserve11290013453D 0   0.00000     0.00000cramer
 
 17 18  0  0  0  0  0  0  0  0  1 V2000
   -2.6405    0.9778    0.0002 C   0  0  0  0  0  0  0  0  0  0  0  0
   -2.8715   -0.3904    0.0002 C   0  0  0  0  0  0  0  0  0  0  0  0
   -1.8258   -1.2702   -0.0001 C   0  0  0  0  0  0  0  0  0  0  0  0
   -0.5135   -0.7873   -0.0003 C   0  0  0  0  0  0  0  0  0  0  0  0
    0.6299   -1.7050   -0.0001 C   0  0  0  0  0  0  0  0  0  0  0  0
    1.8784   -1.1731    0.0001 C   0  0  0  0  0  0  0  0  0  0  0  0
    2.0437    0.2290    0.0002 C   0  0  0  0  0  0  0  0  0  0  0  0
    3.1693    0.6938    0.0001 O   0  0  0  0  0  0  0  0  0  0  0  0
    0.9921    1.0626    0.0000 O   0  0  0  0  0  0  0  0  0  0  0  0
   -0.2755    0.5981   -0.0002 C   0  0  0  0  0  0  0  0  0  0  0  0
   -1.3537    1.4741    0.0001 C   0  0  0  0  0  0  0  0  0  0  0  0
   -3.4769    1.6611   -0.0041 H   0  0  0  0  0  0  0  0  0  0  0  0
   -3.8852   -0.7628    0.0007 H   0  0  0  0  0  0  0  0  0  0  0  0
   -2.0121   -2.3340    0.0002 H   0  0  0  0  0  0  0  0  0  0  0  0
    0.4827   -2.7749    0.0001 H   0  0  0  0  0  0  0  0  0  0  0  0
    2.7429   -1.8204    0.0006 H   0  0  0  0  0  0  0  0  0  0  0  0
   -1.1847    2.5408    0.0005 H   0  0  0  0  0  0  0  0  0  0  0  0
  1  2  1  0  0  0  0
  2  3  2  0  0  0  0
  3  4  1  0  0  0  0
  4  5  1  0  0  0  0
  5  6  2  0  0  0  0
  6  7  1  0  0  0  0
  7  8  2  0  0  0  0
  7  9  1  0  0  0  0
  9 10  1  0  0  0  0
  4 10  2  0  0  0  0
 10 11  1  0  0  0  0
  1 11  2  0  0  0  0
  1 12  1  0  0  0  0
  2 13  1  0  0  0  0
  3 14  1  0  0  0  0
  5 15  1  0  0  0  0
  6 16  1  0  0  0  0
 11 17  1  0  0  0  0
M  END
$$$$
