 
WItclserve11290013453D 0   0.00000     0.00000cramer
 
  6  5  0  0  0  0  0  0  0  0  1 V2000
    0.6595    0.0000    0.0017 C   0  0  0  0  0  0  0  0  0  0  0  0
    1.3350   -1.1700    0.0010 F   0  0  0  0  0  0  0  0  0  0  0  0
    1.3350    1.1700   -0.0018 F   0  0  0  0  0  0  0  0  0  0  0  0
   -0.6595    0.0000    0.0004 C   0  0  0  0  0  0  0  0  0  0  0  0
   -1.3350   -1.1700   -0.0017 F   0  0  0  0  0  0  0  0  0  0  0  0
   -1.3350    1.1700    0.0012 F   0  0  0  0  0  0  0  0  0  0  0  0
  1  2  1  0  0  0  0
  1  3  1  0  0  0  0
  1  4  2  0  0  0  0
  4  5  1  0  0  0  0
  4  6  1  0  0  0  0
M  END
$$$$
