 
WItclserve11290013453D 0   0.00000     0.00000cramer
 
 42 44  0  0  0  0  0  0  0  0  1 V2000
   -4.5049   -1.2320   -0.7081 S   0  0  0  0  0  0  0  0  0  0  0  0
   -4.9741   -2.5476   -0.4468 O   0  0  0  0  0  0  0  0  0  0  0  0
   -4.6426   -0.5394   -1.9412 O   0  0  0  0  0  0  0  0  0  0  0  0
   -5.2166   -0.2655    0.4328 N   0  0  0  0  0  0  0  0  0  0  0  0
   -4.8408    1.0679    0.5464 C   0  0  0  0  0  0  0  0  0  0  0  0
   -5.4428    1.8745    1.5072 C   0  0  0  0  0  0  0  0  0  0  0  0
   -5.0593    3.1993    1.6093 C   0  0  0  0  0  0  0  0  0  0  0  0
   -4.0828    3.6752    0.7439 C   0  0  0  0  0  0  0  0  0  0  0  0
   -3.5277    2.8191   -0.1856 C   0  0  0  0  0  0  0  0  0  0  0  0
   -3.9093    1.5578   -0.2568 N   0  0  0  0  0  0  0  0  0  0  0  0
   -2.7764   -1.2638   -0.3675 C   0  0  0  0  0  0  0  0  0  0  0  0
   -2.2585   -2.2311    0.4763 C   0  0  0  0  0  0  0  0  0  0  0  0
   -0.9069   -2.2620    0.7478 C   0  0  0  0  0  0  0  0  0  0  0  0
   -0.0594   -1.3136    0.1684 C   0  0  0  0  0  0  0  0  0  0  0  0
   -0.5894   -0.3404   -0.6827 C   0  0  0  0  0  0  0  0  0  0  0  0
   -1.9427   -0.3252   -0.9492 C   0  0  0  0  0  0  0  0  0  0  0  0
    1.2816   -1.3377    0.4334 N   0  0  0  0  0  0  0  0  0  0  0  0
    2.0610   -0.4609   -0.1030 N   0  0  0  0  0  0  0  0  0  0  0  0
    3.4005   -0.4850    0.1617 C   0  0  0  0  0  0  0  0  0  0  0  0
    3.9285   -1.4619    1.0159 C   0  0  0  0  0  0  0  0  0  0  0  0
    5.2778   -1.4906    1.2860 C   0  0  0  0  0  0  0  0  0  0  0  0
    6.1265   -0.5512    0.7138 C   0  0  0  0  0  0  0  0  0  0  0  0
    7.4543   -0.5846    0.9836 O   0  0  0  0  0  0  0  0  0  0  0  0
    5.6094    0.4323   -0.1441 C   0  0  0  0  0  0  0  0  0  0  0  0
    4.2439    0.4590   -0.4225 C   0  0  0  0  0  0  0  0  0  0  0  0
    6.5082    1.4300   -0.7529 C   0  0  0  0  0  0  0  0  0  0  0  0
    7.6989    1.4018   -0.5124 O   0  0  0  0  0  0  0  0  0  0  0  0
    6.0093    2.3729   -1.5760 O   0  0  0  0  0  0  0  0  0  0  0  0
   -5.8958   -0.6299    1.0217 H   0  0  0  0  0  0  0  0  0  0  0  0
   -6.1995    1.4715    2.1640 H   0  0  0  0  0  0  0  0  0  0  0  0
   -5.5092    3.8492    2.3451 H   0  0  0  0  0  0  0  0  0  0  0  0
   -3.7613    4.7049    0.7976 H   0  0  0  0  0  0  0  0  0  0  0  0
   -2.7683    3.1852   -0.8607 H   0  0  0  0  0  0  0  0  0  0  0  0
   -2.9146   -2.9633    0.9233 H   0  0  0  0  0  0  0  0  0  0  0  0
   -0.5043   -3.0169    1.4069 H   0  0  0  0  0  0  0  0  0  0  0  0
    0.0595    0.3958   -1.1337 H   0  0  0  0  0  0  0  0  0  0  0  0
   -2.3538    0.4265   -1.6068 H   0  0  0  0  0  0  0  0  0  0  0  0
    3.2744   -2.1950    1.4643 H   0  0  0  0  0  0  0  0  0  0  0  0
    5.6783   -2.2461    1.9456 H   0  0  0  0  0  0  0  0  0  0  0  0
    7.8612   -1.1527    0.3152 H   0  0  0  0  0  0  0  0  0  0  0  0
    3.8396    1.2129   -1.0816 H   0  0  0  0  0  0  0  0  0  0  0  0
    6.5988    3.0272   -1.9753 H   0  0  0  0  0  0  0  0  0  0  0  0
  1  2  2  0  0  0  0
  1  3  2  0  0  0  0
  1  4  1  0  0  0  0
  4  5  1  0  0  0  0
  5  6  1  0  0  0  0
  6  7  2  0  0  0  0
  7  8  1  0  0  0  0
  8  9  2  0  0  0  0
  9 10  1  0  0  0  0
  5 10  2  0  0  0  0
  1 11  1  0  0  0  0
 11 12  1  0  0  0  0
 12 13  2  0  0  0  0
 13 14  1  0  0  0  0
 14 15  2  0  0  0  0
 15 16  1  0  0  0  0
 11 16  2  0  0  0  0
 14 17  1  0  0  0  0
 17 18  2  0  0  0  0
 18 19  1  0  0  0  0
 19 20  1  0  0  0  0
 20 21  2  0  0  0  0
 21 22  1  0  0  0  0
 22 23  1  0  0  0  0
 22 24  2  0  0  0  0
 24 25  1  0  0  0  0
 19 25  2  0  0  0  0
 24 26  1  0  0  0  0
 26 27  2  0  0  0  0
 26 28  1  0  0  0  0
  4 29  1  0  0  0  0
  6 30  1  0  0  0  0
  7 31  1  0  0  0  0
  8 32  1  0  0  0  0
  9 33  1  0  0  0  0
 12 34  1  0  0  0  0
 13 35  1  0  0  0  0
 15 36  1  0  0  0  0
 16 37  1  0  0  0  0
 20 38  1  0  0  0  0
 21 39  1  0  0  0  0
 23 40  1  0  0  0  0
 25 41  1  0  0  0  0
 28 42  1  0  0  0  0
M  END
$$$$
