
WItclserve11290013443D 0   0.00000     0.00000cramer
 
  5  4  0  0  0  0  0  0  0  0  1 V2000
   -0.0350   -1.6995   -0.0748 Cl  0  0  0  0  0  0  0  0  0  0  0  0
    0.0000    0.0000    0.5263 C   0  0  0  0  0  0  0  0  0  0  0  0
    1.4893    0.8194   -0.0747 Cl  0  0  0  0  0  0  0  0  0  0  0  0
   -1.4543    0.8801   -0.0747 Cl  0  0  0  0  0  0  0  0  0  0  0  0
    0.0000    0.0000    1.6163 H   0  0  0  0  0  0  0  0  0  0  0  0
  1  2  1  0  0  0  0
  2  3  1  0  0  0  0
  2  4  1  0  0  0  0
  2  5  1  0  0  0  0
M  END
$$$$
