 
WItclserve11290013443D 0   0.00000     0.00000cramer
 
 35 36  0  0  0  0  0  0  0  0  1 V2000
    0.6330    0.8070    1.5311 C   0  0  0  0  0  0  0  0  0  0  0  0
   -0.5595   -0.1438    1.6537 C   0  0  0  0  0  0  0  0  0  0  0  0
   -1.4474    0.2993    2.8182 C   0  0  0  0  0  0  0  0  0  0  0  0
   -1.3369   -0.1174    0.4076 N   0  0  0  0  0  0  0  0  0  0  0  0
   -2.3316   -1.1931    0.5079 C   0  0  0  0  0  0  0  0  0  0  0  0
   -3.2566   -1.1375   -0.6797 C   0  0  0  0  0  0  0  0  0  0  0  0
   -3.7460   -2.1588   -1.1122 O   0  0  0  0  0  0  0  0  0  0  0  0
   -3.5415    0.0424   -1.2630 N   0  0  0  0  0  0  0  0  0  0  0  0
   -3.0076    1.1831   -0.7860 C   0  0  0  0  0  0  0  0  0  0  0  0
   -3.2743    2.2415   -1.3135 O   0  0  0  0  0  0  0  0  0  0  0  0
   -2.0807    1.1488    0.4009 C   0  0  0  0  0  0  0  0  0  0  0  0
    1.4855    0.3815    0.4130 N   0  0  0  0  0  0  0  0  0  0  0  0
    2.6046    1.3304    0.3507 C   0  0  0  0  0  0  0  0  0  0  0  0
    3.5950    0.8752   -0.6890 C   0  0  0  0  0  0  0  0  0  0  0  0
    4.2446    1.6938   -1.3034 O   0  0  0  0  0  0  0  0  0  0  0  0
    3.7611   -0.4377   -0.9388 N   0  0  0  0  0  0  0  0  0  0  0  0
    3.0486   -1.3549   -0.2571 C   0  0  0  0  0  0  0  0  0  0  0  0
    3.2089   -2.5349   -0.4842 O   0  0  0  0  0  0  0  0  0  0  0  0
    2.0535   -0.9201    0.7869 C   0  0  0  0  0  0  0  0  0  0  0  0
    0.2731    1.8196    1.3487 H   0  0  0  0  0  0  0  0  0  0  0  0
    1.2098    0.7874    2.4557 H   0  0  0  0  0  0  0  0  0  0  0  0
   -0.1996   -1.1564    1.8360 H   0  0  0  0  0  0  0  0  0  0  0  0
   -2.3624   -0.2930    2.8233 H   0  0  0  0  0  0  0  0  0  0  0  0
   -0.9144    0.1528    3.7577 H   0  0  0  0  0  0  0  0  0  0  0  0
   -1.6979    1.3539    2.7033 H   0  0  0  0  0  0  0  0  0  0  0  0
   -1.8232   -2.1570    0.5273 H   0  0  0  0  0  0  0  0  0  0  0  0
   -2.9091   -1.0691    1.4240 H   0  0  0  0  0  0  0  0  0  0  0  0
   -4.1338    0.0708   -2.0306 H   0  0  0  0  0  0  0  0  0  0  0  0
   -2.6628    1.2330    1.3186 H   0  0  0  0  0  0  0  0  0  0  0  0
   -1.3797    1.9811    0.3383 H   0  0  0  0  0  0  0  0  0  0  0  0
    2.2284    2.3185    0.0857 H   0  0  0  0  0  0  0  0  0  0  0  0
    3.0949    1.3778    1.3230 H   0  0  0  0  0  0  0  0  0  0  0  0
    4.3968   -0.7240   -1.6131 H   0  0  0  0  0  0  0  0  0  0  0  0
    2.5534   -0.8347    1.7517 H   0  0  0  0  0  0  0  0  0  0  0  0
    1.2544   -1.6582    0.8565 H   0  0  0  0  0  0  0  0  0  0  0  0
  1  2  1  0  0  0  0
  2  3  1  0  0  0  0
  2  4  1  0  0  0  0
  4  5  1  0  0  0  0
  5  6  1  0  0  0  0
  6  7  2  0  0  0  0
  6  8  1  0  0  0  0
  8  9  1  0  0  0  0
  9 10  2  0  0  0  0
  9 11  1  0  0  0  0
  4 11  1  0  0  0  0
  1 12  1  0  0  0  0
 12 13  1  0  0  0  0
 13 14  1  0  0  0  0
 14 15  2  0  0  0  0
 14 16  1  0  0  0  0
 16 17  1  0  0  0  0
 17 18  2  0  0  0  0
 17 19  1  0  0  0  0
 12 19  1  0  0  0  0
  1 20  1  0  0  0  0
  1 21  1  0  0  0  0
  2 22  1  0  0  0  0
  3 23  1  0  0  0  0
  3 24  1  0  0  0  0
  3 25  1  0  0  0  0
  5 26  1  0  0  0  0
  5 27  1  0  0  0  0
  8 28  1  0  0  0  0
 11 29  1  0  0  0  0
 11 30  1  0  0  0  0
 13 31  1  0  0  0  0
 13 32  1  0  0  0  0
 16 33  1  0  0  0  0
 19 34  1  0  0  0  0
 19 35  1  0  0  0  0
M  END
$$$$
