 
WItclserve11290013443D 0   0.00000     0.00000cramer
 
 23 23  0  0  0  0  0  0  0  0  1 V2000
    0.0181   -1.3829   -0.0002 C   0  0  0  0  0  0  0  0  0  0  0  0
   -1.1898   -0.6965   -0.0003 C   0  0  0  0  0  0  0  0  0  0  0  0
   -2.3955   -1.4016   -0.0001 N   0  0  0  0  0  0  0  0  0  0  0  0
   -1.1958    0.6924   -0.0001 C   0  0  0  0  0  0  0  0  0  0  0  0
   -2.5036    1.4411    0.0003 C   0  0  0  0  0  0  0  0  0  0  0  0
   -0.0016    1.3865    0.0001 C   0  0  0  0  0  0  0  0  0  0  0  0
    1.1987    0.7003   -0.0003 C   0  0  0  0  0  0  0  0  0  0  0  0
    2.4996    1.4611    0.0000 C   0  0  0  0  0  0  0  0  0  0  0  0
    1.2082   -0.6827    0.0000 C   0  0  0  0  0  0  0  0  0  0  0  0
    2.5190   -1.4263    0.0001 C   0  0  0  0  0  0  0  0  0  0  0  0
    0.0262   -2.4629    0.0042 H   0  0  0  0  0  0  0  0  0  0  0  0
   -2.3901   -2.3716    0.0002 H   0  0  0  0  0  0  0  0  0  0  0  0
   -3.2383   -0.9213   -0.0001 H   0  0  0  0  0  0  0  0  0  0  0  0
   -2.8187    1.6215    1.0280 H   0  0  0  0  0  0  0  0  0  0  0  0
   -2.3769    2.3941   -0.5135 H   0  0  0  0  0  0  0  0  0  0  0  0
   -3.2612    0.8493   -0.5135 H   0  0  0  0  0  0  0  0  0  0  0  0
   -0.0055    2.4665    0.0002 H   0  0  0  0  0  0  0  0  0  0  0  0
    2.8133    1.6441    1.0277 H   0  0  0  0  0  0  0  0  0  0  0  0
    3.2625    0.8765   -0.5141 H   0  0  0  0  0  0  0  0  0  0  0  0
    2.3639    2.4130   -0.5134 H   0  0  0  0  0  0  0  0  0  0  0  0
    2.8351   -1.6054    1.0278 H   0  0  0  0  0  0  0  0  0  0  0  0
    2.3958   -2.3798   -0.5135 H   0  0  0  0  0  0  0  0  0  0  0  0
    3.2741   -0.8317   -0.5139 H   0  0  0  0  0  0  0  0  0  0  0  0
  1  2  1  0  0  0  0
  2  3  1  0  0  0  0
  2  4  2  0  0  0  0
  4  5  1  0  0  0  0
  4  6  1  0  0  0  0
  6  7  2  0  0  0  0
  7  8  1  0  0  0  0
  7  9  1  0  0  0  0
  1  9  2  0  0  0  0
  9 10  1  0  0  0  0
  1 11  1  0  0  0  0
  3 12  1  0  0  0  0
  3 13  1  0  0  0  0
  5 14  1  0  0  0  0
  5 15  1  0  0  0  0
  5 16  1  0  0  0  0
  6 17  1  0  0  0  0
  8 18  1  0  0  0  0
  8 19  1  0  0  0  0
  8 20  1  0  0  0  0
 10 21  1  0  0  0  0
 10 22  1  0  0  0  0
 10 23  1  0  0  0  0
M  END
$$$$
