 
WItclserve11290013453D 0   0.00000     0.00000cramer
 
 32 33  0  0  0  0  0  0  0  0  1 V2000
   -0.6806    2.6061   -0.0613 C   0  0  0  0  0  0  0  0  0  0  0  0
   -1.8910    2.6096   -0.1708 O   0  0  0  0  0  0  0  0  0  0  0  0
   -0.0120    3.7697    0.0635 O   0  0  0  0  0  0  0  0  0  0  0  0
    0.0547    1.3306   -0.0587 C   0  0  0  0  0  0  0  0  0  0  0  0
    1.4530    1.3248   -0.0548 C   0  0  0  0  0  0  0  0  0  0  0  0
    2.1350    0.1290   -0.0520 C   0  0  0  0  0  0  0  0  0  0  0  0
    1.4420   -1.0734   -0.0533 C   0  0  0  0  0  0  0  0  0  0  0  0
    2.3164   -2.5731   -0.0502 Cl  0  0  0  0  0  0  0  0  0  0  0  0
    0.0610   -1.0843   -0.0566 C   0  0  0  0  0  0  0  0  0  0  0  0
   -0.6441    0.1123   -0.0542 C   0  0  0  0  0  0  0  0  0  0  0  0
   -2.0324    0.1042   -0.0570 N   0  0  0  0  0  0  0  0  0  0  0  0
   -2.7578   -1.1634    0.0582 C   0  0  0  0  0  0  0  0  0  0  0  0
   -4.2409   -0.8978    0.0298 C   0  0  0  0  0  0  0  0  0  0  0  0
   -5.0123   -0.8596   -1.0716 C   0  0  0  0  0  0  0  0  0  0  0  0
   -6.3295   -0.5817   -0.6396 C   0  0  0  0  0  0  0  0  0  0  0  0
   -6.2843   -0.4668    0.6998 C   0  0  0  0  0  0  0  0  0  0  0  0
   -5.0178   -0.6649    1.1003 O   0  0  0  0  0  0  0  0  0  0  0  0
    3.8970    0.1250   -0.0471 S   0  0  0  0  0  0  0  0  0  0  0  0
    4.3865   -0.6651    1.3234 N   0  0  0  0  0  0  0  0  0  0  0  0
    4.2841   -0.7074   -1.1318 O   0  0  0  0  0  0  0  0  0  0  0  0
    4.2856    1.4804    0.1289 O   0  0  0  0  0  0  0  0  0  0  0  0
   -0.4953    4.6072    0.0658 H   0  0  0  0  0  0  0  0  0  0  0  0
    1.9974    2.2576   -0.0545 H   0  0  0  0  0  0  0  0  0  0  0  0
   -0.4712   -2.0241   -0.0576 H   0  0  0  0  0  0  0  0  0  0  0  0
   -2.5221    0.9379   -0.1354 H   0  0  0  0  0  0  0  0  0  0  0  0
   -2.4889   -1.8129   -0.7748 H   0  0  0  0  0  0  0  0  0  0  0  0
   -2.4936   -1.6491    0.9976 H   0  0  0  0  0  0  0  0  0  0  0  0
   -4.6876   -1.0115   -2.0903 H   0  0  0  0  0  0  0  0  0  0  0  0
   -7.2041   -0.4808   -1.2651 H   0  0  0  0  0  0  0  0  0  0  0  0
   -7.1247   -0.2550    1.3443 H   0  0  0  0  0  0  0  0  0  0  0  0
    5.3324   -0.7729    1.5094 H   0  0  0  0  0  0  0  0  0  0  0  0
    3.7274   -1.0201    1.9402 H   0  0  0  0  0  0  0  0  0  0  0  0
  1  2  2  0  0  0  0
  1  3  1  0  0  0  0
  1  4  1  0  0  0  0
  4  5  1  0  0  0  0
  5  6  2  0  0  0  0
  6  7  1  0  0  0  0
  7  8  1  0  0  0  0
  7  9  2  0  0  0  0
  9 10  1  0  0  0  0
  4 10  2  0  0  0  0
 10 11  1  0  0  0  0
 11 12  1  0  0  0  0
 12 13  1  0  0  0  0
 13 14  2  0  0  0  0
 14 15  1  0  0  0  0
 15 16  2  0  0  0  0
 16 17  1  0  0  0  0
 13 17  1  0  0  0  0
  6 18  1  0  0  0  0
 18 19  1  0  0  0  0
 18 20  2  0  0  0  0
 18 21  2  0  0  0  0
  3 22  1  0  0  0  0
  5 23  1  0  0  0  0
  9 24  1  0  0  0  0
 11 25  1  0  0  0  0
 12 26  1  0  0  0  0
 12 27  1  0  0  0  0
 14 28  1  0  0  0  0
 15 29  1  0  0  0  0
 16 30  1  0  0  0  0
 19 31  1  0  0  0  0
 19 32  1  0  0  0  0
M  END
$$$$
