 
WItclserve11290013453D 0   0.00000     0.00000cramer
 
 14 14  0  0  0  0  0  0  0  0  1 V2000
    0.0406   -1.0721   -0.0003 C   0  0  0  0  0  0  0  0  0  0  0  0
   -1.3139   -1.3315   -0.0002 C   0  0  0  0  0  0  0  0  0  0  0  0
   -2.2221   -0.2875    0.0001 C   0  0  0  0  0  0  0  0  0  0  0  0
   -1.7798    1.0243    0.0003 C   0  0  0  0  0  0  0  0  0  0  0  0
   -0.4290    1.3000   -0.0002 C   0  0  0  0  0  0  0  0  0  0  0  0
    0.4953    0.2503    0.0000 C   0  0  0  0  0  0  0  0  0  0  0  0
    1.9390    0.5359   -0.0001 C   0  0  0  0  0  0  0  0  0  0  0  0
    2.7376   -0.3765    0.0001 O   0  0  0  0  0  0  0  0  0  0  0  0
    0.7482   -1.8880    0.0040 H   0  0  0  0  0  0  0  0  0  0  0  0
   -1.6667   -2.3523   -0.0007 H   0  0  0  0  0  0  0  0  0  0  0  0
   -3.2815   -0.4971   -0.0002 H   0  0  0  0  0  0  0  0  0  0  0  0
   -2.4948    1.8337    0.0006 H   0  0  0  0  0  0  0  0  0  0  0  0
   -0.0855    2.3240   -0.0007 H   0  0  0  0  0  0  0  0  0  0  0  0
    2.2872    1.5583   -0.0003 H   0  0  0  0  0  0  0  0  0  0  0  0
  1  2  1  0  0  0  0
  2  3  2  0  0  0  0
  3  4  1  0  0  0  0
  4  5  2  0  0  0  0
  5  6  1  0  0  0  0
  1  6  2  0  0  0  0
  6  7  1  0  0  0  0
  7  8  2  0  0  0  0
  1  9  1  0  0  0  0
  2 10  1  0  0  0  0
  3 11  1  0  0  0  0
  4 12  1  0  0  0  0
  5 13  1  0  0  0  0
  7 14  1  0  0  0  0
M  END
$$$$
