 
WItclserve11290013443D 0   0.00000     0.00000cramer
 
 24 23  0  0  0  0  0  0  0  0  1 V2000
   -1.6529   -1.8856   -0.2758 S   0  0  0  0  0  0  0  0  0  0  0  0
   -1.5329   -0.0502    0.0237 P   0  0  0  0  0  0  0  0  0  0  0  0
   -1.6583    0.7317   -1.3781 O   0  0  0  0  0  0  0  0  0  0  0  0
   -1.5593    2.1264   -1.0834 C   0  0  0  0  0  0  0  0  0  0  0  0
   -2.7228    0.4125    1.0045 O   0  0  0  0  0  0  0  0  0  0  0  0
   -3.9495    0.0847    0.3489 C   0  0  0  0  0  0  0  0  0  0  0  0
    0.3357    0.3990    0.9187 S   0  0  0  0  0  0  0  0  0  0  0  0
    1.4571   -0.2126   -0.3693 C   0  0  0  0  0  0  0  0  0  0  0  0
    2.8844    0.0082    0.0610 C   0  0  0  0  0  0  0  0  0  0  0  0
    3.1217    0.5271    1.1312 O   0  0  0  0  0  0  0  0  0  0  0  0
    3.8971   -0.3709   -0.7435 N   0  0  0  0  0  0  0  0  0  0  0  0
    5.2846   -0.1562   -0.3252 C   0  0  0  0  0  0  0  0  0  0  0  0
   -1.6392    2.6996   -2.0071 H   0  0  0  0  0  0  0  0  0  0  0  0
   -2.3647    2.4130   -0.4072 H   0  0  0  0  0  0  0  0  0  0  0  0
   -0.5984    2.3307   -0.6111 H   0  0  0  0  0  0  0  0  0  0  0  0
   -3.9905   -0.9899    0.1710 H   0  0  0  0  0  0  0  0  0  0  0  0
   -4.7885    0.3810    0.9786 H   0  0  0  0  0  0  0  0  0  0  0  0
   -4.0052    0.6130   -0.6029 H   0  0  0  0  0  0  0  0  0  0  0  0
    1.2851   -1.2776   -0.5250 H   0  0  0  0  0  0  0  0  0  0  0  0
    1.2705    0.3253   -1.2989 H   0  0  0  0  0  0  0  0  0  0  0  0
    3.7072   -0.7859   -1.5994 H   0  0  0  0  0  0  0  0  0  0  0  0
    5.9584   -0.5237   -1.0991 H   0  0  0  0  0  0  0  0  0  0  0  0
    5.4565    0.9088   -0.1695 H   0  0  0  0  0  0  0  0  0  0  0  0
    5.4712   -0.6941    0.6044 H   0  0  0  0  0  0  0  0  0  0  0  0
  1  2  2  0  0  0  0
  2  3  1  0  0  0  0
  3  4  1  0  0  0  0
  2  5  1  0  0  0  0
  5  6  1  0  0  0  0
  2  7  1  0  0  0  0
  7  8  1  0  0  0  0
  8  9  1  0  0  0  0
  9 10  2  0  0  0  0
  9 11  1  0  0  0  0
 11 12  1  0  0  0  0
  4 13  1  0  0  0  0
  4 14  1  0  0  0  0
  4 15  1  0  0  0  0
  6 16  1  0  0  0  0
  6 17  1  0  0  0  0
  6 18  1  0  0  0  0
  8 19  1  0  0  0  0
  8 20  1  0  0  0  0
 11 21  1  0  0  0  0
 12 22  1  0  0  0  0
 12 23  1  0  0  0  0
 12 24  1  0  0  0  0
M  END
$$$$
