 
WItclserve11290013443D 0   0.00000     0.00000cramer
 
 35 35  0  0  0  0  0  0  0  0  1 V2000
    2.2319   -0.6122   -0.1347 C   0  0  0  0  0  0  0  0  0  0  0  0
    2.6480   -1.7543   -0.1343 O   0  0  0  0  0  0  0  0  0  0  0  0
    3.0900    0.4177    0.0040 N   0  0  0  0  0  0  0  0  0  0  0  0
    4.5244    0.1608    0.1551 C   0  0  0  0  0  0  0  0  0  0  0  0
    5.3167    1.3294   -0.4345 C   0  0  0  0  0  0  0  0  0  0  0  0
    4.8624    0.0130    1.6399 C   0  0  0  0  0  0  0  0  0  0  0  0
    0.7850   -0.3527   -0.2933 C   0  0  0  0  0  0  0  0  0  0  0  0
   -0.1058   -1.4170   -0.4429 C   0  0  0  0  0  0  0  0  0  0  0  0
   -1.4545   -1.1680   -0.5899 C   0  0  0  0  0  0  0  0  0  0  0  0
   -1.9250    0.1334   -0.5899 C   0  0  0  0  0  0  0  0  0  0  0  0
   -3.3998    0.3979   -0.7510 C   0  0  0  0  0  0  0  0  0  0  0  0
   -4.0397    0.4257    0.5710 N   0  0  0  0  0  0  0  0  0  0  0  0
   -5.4528    0.6835    0.3460 N   0  0  0  0  0  0  0  0  0  0  0  0
   -6.1846   -0.4637    0.8995 C   0  0  0  0  0  0  0  0  0  0  0  0
   -1.0475    1.1926   -0.4421 C   0  0  0  0  0  0  0  0  0  0  0  0
    0.3033    0.9571   -0.2883 C   0  0  0  0  0  0  0  0  0  0  0  0
    2.7579    1.3291    0.0037 H   0  0  0  0  0  0  0  0  0  0  0  0
    4.7863   -0.7575   -0.3703 H   0  0  0  0  0  0  0  0  0  0  0  0
    6.3839    1.1383   -0.3220 H   0  0  0  0  0  0  0  0  0  0  0  0
    5.0759    1.4347   -1.4923 H   0  0  0  0  0  0  0  0  0  0  0  0
    5.0547    2.2478    0.0909 H   0  0  0  0  0  0  0  0  0  0  0  0
    4.6004    0.9314    2.1653 H   0  0  0  0  0  0  0  0  0  0  0  0
    4.2979   -0.8195    2.0599 H   0  0  0  0  0  0  0  0  0  0  0  0
    5.9296   -0.1781    1.7524 H   0  0  0  0  0  0  0  0  0  0  0  0
    0.2602   -2.4331   -0.4438 H   0  0  0  0  0  0  0  0  0  0  0  0
   -2.1448   -1.9905   -0.7058 H   0  0  0  0  0  0  0  0  0  0  0  0
   -3.5448    1.3586   -1.2451 H   0  0  0  0  0  0  0  0  0  0  0  0
   -3.8468   -0.3922   -1.3545 H   0  0  0  0  0  0  0  0  0  0  0  0
   -3.9715   -0.5086    0.9458 H   0  0  0  0  0  0  0  0  0  0  0  0
   -5.6955    1.4827    0.9121 H   0  0  0  0  0  0  0  0  0  0  0  0
   -5.9713   -0.5510    1.9648 H   0  0  0  0  0  0  0  0  0  0  0  0
   -7.2548   -0.3164    0.7541 H   0  0  0  0  0  0  0  0  0  0  0  0
   -5.8708   -1.3748    0.3902 H   0  0  0  0  0  0  0  0  0  0  0  0
   -1.4212    2.2059   -0.4429 H   0  0  0  0  0  0  0  0  0  0  0  0
    0.9873    1.7848   -0.1731 H   0  0  0  0  0  0  0  0  0  0  0  0
  1  2  2  0  0  0  0
  1  3  1  0  0  0  0
  3  4  1  0  0  0  0
  4  5  1  0  0  0  0
  4  6  1  0  0  0  0
  1  7  1  0  0  0  0
  7  8  1  0  0  0  0
  8  9  2  0  0  0  0
  9 10  1  0  0  0  0
 10 11  1  0  0  0  0
 11 12  1  0  0  0  0
 12 13  1  0  0  0  0
 13 14  1  0  0  0  0
 10 15  2  0  0  0  0
 15 16  1  0  0  0  0
  7 16  2  0  0  0  0
  3 17  1  0  0  0  0
  4 18  1  0  0  0  0
  5 19  1  0  0  0  0
  5 20  1  0  0  0  0
  5 21  1  0  0  0  0
  6 22  1  0  0  0  0
  6 23  1  0  0  0  0
  6 24  1  0  0  0  0
  8 25  1  0  0  0  0
  9 26  1  0  0  0  0
 11 27  1  0  0  0  0
 11 28  1  0  0  0  0
 12 29  1  0  0  0  0
 13 30  1  0  0  0  0
 14 31  1  0  0  0  0
 14 32  1  0  0  0  0
 14 33  1  0  0  0  0
 15 34  1  0  0  0  0
 16 35  1  0  0  0  0
M  END
$$$$
