 
WItclserve11290013443D 0   0.00000     0.00000cramer
 
 20 20  0  0  0  0  0  0  0  0  1 V2000
    1.0614   -1.4117   -0.0003 C   0  0  0  0  0  0  0  0  0  0  0  0
   -0.3163   -1.2914   -0.0004 C   0  0  0  0  0  0  0  0  0  0  0  0
   -0.9035   -0.0378   -0.0003 C   0  0  0  0  0  0  0  0  0  0  0  0
   -2.2596    0.0786    0.0001 O   0  0  0  0  0  0  0  0  0  0  0  0
   -2.7881   -1.2491    0.0004 C   0  0  0  0  0  0  0  0  0  0  0  0
   -0.1060    1.1048   -0.0003 C   0  0  0  0  0  0  0  0  0  0  0  0
   -0.6982    2.3728    0.0002 N   0  0  0  0  0  0  0  0  0  0  0  0
    1.2751    0.9837   -0.0002 C   0  0  0  0  0  0  0  0  0  0  0  0
    1.8595   -0.2758   -0.0002 C   0  0  0  0  0  0  0  0  0  0  0  0
    3.2532   -0.4002    0.0003 N   0  0  0  0  0  0  0  0  0  0  0  0
    1.5171   -2.3908    0.0042 H   0  0  0  0  0  0  0  0  0  0  0  0
   -0.9349   -2.1767   -0.0008 H   0  0  0  0  0  0  0  0  0  0  0  0
   -2.4454   -1.7768   -0.8896 H   0  0  0  0  0  0  0  0  0  0  0  0
   -2.4448   -1.7766    0.8903 H   0  0  0  0  0  0  0  0  0  0  0  0
   -3.8773   -1.2066    0.0007 H   0  0  0  0  0  0  0  0  0  0  0  0
   -0.1424    3.1677    0.0003 H   0  0  0  0  0  0  0  0  0  0  0  0
   -1.6646    2.4567    0.0005 H   0  0  0  0  0  0  0  0  0  0  0  0
    1.8955    1.8677   -0.0005 H   0  0  0  0  0  0  0  0  0  0  0  0
    3.6616   -1.2800    0.0003 H   0  0  0  0  0  0  0  0  0  0  0  0
    3.8110    0.3935    0.0007 H   0  0  0  0  0  0  0  0  0  0  0  0
  1  2  1  0  0  0  0
  2  3  2  0  0  0  0
  3  4  1  0  0  0  0
  4  5  1  0  0  0  0
  3  6  1  0  0  0  0
  6  7  1  0  0  0  0
  6  8  2  0  0  0  0
  8  9  1  0  0  0  0
  1  9  2  0  0  0  0
  9 10  1  0  0  0  0
  1 11  1  0  0  0  0
  2 12  1  0  0  0  0
  5 13  1  0  0  0  0
  5 14  1  0  0  0  0
  5 15  1  0  0  0  0
  7 16  1  0  0  0  0
  7 17  1  0  0  0  0
  8 18  1  0  0  0  0
 10 19  1  0  0  0  0
 10 20  1  0  0  0  0
M  END
$$$$
