 
WItclserve11290013443D 0   0.00000     0.00000cramer
 
 31 31  0  0  0  0  0  0  0  0  1 V2000
    1.8103   -1.7787   -0.6652 S   0  0  0  0  0  0  0  0  0  0  0  0
    2.2281   -0.1314    0.0993 P   0  0  0  0  0  0  0  0  0  0  0  0
    3.7786   -0.1186    0.5327 O   0  0  0  0  0  0  0  0  0  0  0  0
    4.5415   -0.3342   -0.6562 C   0  0  0  0  0  0  0  0  0  0  0  0
    1.9605    1.0406   -0.9717 O   0  0  0  0  0  0  0  0  0  0  0  0
    2.2975    2.2718   -0.3295 C   0  0  0  0  0  0  0  0  0  0  0  0
    1.3060    0.1071    1.3974 O   0  0  0  0  0  0  0  0  0  0  0  0
    0.0146    0.0862    0.9714 C   0  0  0  0  0  0  0  0  0  0  0  0
   -0.6863   -1.1107    0.9420 C   0  0  0  0  0  0  0  0  0  0  0  0
   -1.9976   -1.1330    0.5102 C   0  0  0  0  0  0  0  0  0  0  0  0
   -2.6151    0.0438    0.1050 C   0  0  0  0  0  0  0  0  0  0  0  0
   -4.2886    0.0169   -0.4457 S   0  0  0  0  0  0  0  0  0  0  0  0
   -4.6513   -1.7513   -0.2652 C   0  0  0  0  0  0  0  0  0  0  0  0
   -1.9125    1.2416    0.1349 C   0  0  0  0  0  0  0  0  0  0  0  0
   -2.5809    2.5188   -0.3043 C   0  0  0  0  0  0  0  0  0  0  0  0
   -0.6026    1.2624    0.5722 C   0  0  0  0  0  0  0  0  0  0  0  0
    5.6037   -0.3336   -0.4114 H   0  0  0  0  0  0  0  0  0  0  0  0
    4.2698   -1.2951   -1.0931 H   0  0  0  0  0  0  0  0  0  0  0  0
    4.3331    0.4619   -1.3710 H   0  0  0  0  0  0  0  0  0  0  0  0
    1.6720    2.4043    0.5533 H   0  0  0  0  0  0  0  0  0  0  0  0
    3.3460    2.2514   -0.0321 H   0  0  0  0  0  0  0  0  0  0  0  0
    2.1317    3.0990   -1.0197 H   0  0  0  0  0  0  0  0  0  0  0  0
   -0.2060   -2.0254    1.2566 H   0  0  0  0  0  0  0  0  0  0  0  0
   -2.5429   -2.0649    0.4870 H   0  0  0  0  0  0  0  0  0  0  0  0
   -3.9697   -2.3277   -0.8909 H   0  0  0  0  0  0  0  0  0  0  0  0
   -4.5232   -2.0439    0.7769 H   0  0  0  0  0  0  0  0  0  0  0  0
   -5.6788   -1.9448   -0.5733 H   0  0  0  0  0  0  0  0  0  0  0  0
   -3.0620    2.9904    0.5527 H   0  0  0  0  0  0  0  0  0  0  0  0
   -1.8341    3.1955   -0.7196 H   0  0  0  0  0  0  0  0  0  0  0  0
   -3.3301    2.2944   -1.0635 H   0  0  0  0  0  0  0  0  0  0  0  0
   -0.0561    2.1937    0.5959 H   0  0  0  0  0  0  0  0  0  0  0  0
  1  2  2  0  0  0  0
  2  3  1  0  0  0  0
  3  4  1  0  0  0  0
  2  5  1  0  0  0  0
  5  6  1  0  0  0  0
  2  7  1  0  0  0  0
  7  8  1  0  0  0  0
  8  9  1  0  0  0  0
  9 10  2  0  0  0  0
 10 11  1  0  0  0  0
 11 12  1  0  0  0  0
 12 13  1  0  0  0  0
 11 14  2  0  0  0  0
 14 15  1  0  0  0  0
 14 16  1  0  0  0  0
  8 16  2  0  0  0  0
  4 17  1  0  0  0  0
  4 18  1  0  0  0  0
  4 19  1  0  0  0  0
  6 20  1  0  0  0  0
  6 21  1  0  0  0  0
  6 22  1  0  0  0  0
  9 23  1  0  0  0  0
 10 24  1  0  0  0  0
 13 25  1  0  0  0  0
 13 26  1  0  0  0  0
 13 27  1  0  0  0  0
 15 28  1  0  0  0  0
 15 29  1  0  0  0  0
 15 30  1  0  0  0  0
 16 31  1  0  0  0  0
M  END
$$$$
