 
WItclserve11290013443D 0   0.00000     0.00000cramer
 
 17 16  0  0  0  0  0  0  0  0  1 V2000
    0.1116   -0.0877   -0.0226 C   0  0  0  0  0  0  0  0  0  0  0  0
    0.8353    1.4631    0.0271 S   0  0  0  0  0  0  0  0  0  0  0  0
    0.8844   -1.1905   -0.0775 N   0  0  0  0  0  0  0  0  0  0  0  0
    2.3413   -1.0696    0.0186 C   0  0  0  0  0  0  0  0  0  0  0  0
   -1.2308   -0.2059   -0.0011 N   0  0  0  0  0  0  0  0  0  0  0  0
   -2.0725    0.9921   -0.0514 C   0  0  0  0  0  0  0  0  0  0  0  0
   -1.8482   -1.5324    0.0724 C   0  0  0  0  0  0  0  0  0  0  0  0
    0.4761   -2.0643   -0.1807 H   0  0  0  0  0  0  0  0  0  0  0  0
    2.7930   -2.0595   -0.0449 H   0  0  0  0  0  0  0  0  0  0  0  0
    2.7091   -0.4493   -0.7987 H   0  0  0  0  0  0  0  0  0  0  0  0
    2.6056   -0.6100    0.9710 H   0  0  0  0  0  0  0  0  0  0  0  0
   -1.4425    1.8807   -0.0123 H   0  0  0  0  0  0  0  0  0  0  0  0
   -2.6465    0.9942   -0.9780 H   0  0  0  0  0  0  0  0  0  0  0  0
   -2.7548    0.9927    0.7986 H   0  0  0  0  0  0  0  0  0  0  0  0
   -1.5251   -2.0334    0.9850 H   0  0  0  0  0  0  0  0  0  0  0  0
   -2.9332   -1.4282    0.0797 H   0  0  0  0  0  0  0  0  0  0  0  0
   -1.5457   -2.1225   -0.7927 H   0  0  0  0  0  0  0  0  0  0  0  0
  1  2  2  0  0  0  0
  1  3  1  0  0  0  0
  3  4  1  0  0  0  0
  1  5  1  0  0  0  0
  5  6  1  0  0  0  0
  5  7  1  0  0  0  0
  3  8  1  0  0  0  0
  4  9  1  0  0  0  0
  4 10  1  0  0  0  0
  4 11  1  0  0  0  0
  6 12  1  0  0  0  0
  6 13  1  0  0  0  0
  6 14  1  0  0  0  0
  7 15  1  0  0  0  0
  7 16  1  0  0  0  0
  7 17  1  0  0  0  0
M  END
$$$$
