 
WItclserve11290013443D 0   0.00000     0.00000cramer
 
 34 35  0  0  0  0  0  0  0  0  1 V2000
    0.7078    0.0106   -0.0804 C   0  0  0  0  0  0  0  0  0  0  0  0
    1.4187   -1.1492   -0.4605 C   0  0  0  0  0  0  0  0  0  0  0  0
    2.7697   -1.1596   -0.4751 C   0  0  0  0  0  0  0  0  0  0  0  0
    3.5013    0.0536   -0.0896 C   0  0  0  0  0  0  0  0  0  0  0  0
    4.8173    0.0744   -0.0942 N   0  0  0  0  0  0  0  0  0  0  0  0
    5.4574   -0.9458   -0.4292 C   0  0  0  0  0  0  0  0  0  0  0  0
    6.0759   -1.9316   -0.7529 O   0  0  0  0  0  0  0  0  0  0  0  0
    2.7317    1.2475    0.3021 C   0  0  0  0  0  0  0  0  0  0  0  0
    1.3744    1.1909    0.2951 C   0  0  0  0  0  0  0  0  0  0  0  0
    3.3702    2.3880    0.6654 O   0  0  0  0  0  0  0  0  0  0  0  0
    2.3576    3.3451    0.9825 C   0  0  0  0  0  0  0  0  0  0  0  0
   -0.7074   -0.0137   -0.0828 C   0  0  0  0  0  0  0  0  0  0  0  0
   -1.4171    1.1469   -0.4627 C   0  0  0  0  0  0  0  0  0  0  0  0
   -2.7681    1.1592   -0.4761 C   0  0  0  0  0  0  0  0  0  0  0  0
   -3.5010   -0.0530   -0.0901 C   0  0  0  0  0  0  0  0  0  0  0  0
   -4.8171   -0.0719   -0.0935 N   0  0  0  0  0  0  0  0  0  0  0  0
   -5.4560    0.9491   -0.4278 C   0  0  0  0  0  0  0  0  0  0  0  0
   -6.0734    1.9359   -0.7509 O   0  0  0  0  0  0  0  0  0  0  0  0
   -2.7328   -1.2480    0.3008 C   0  0  0  0  0  0  0  0  0  0  0  0
   -3.3725   -2.3879    0.6637 O   0  0  0  0  0  0  0  0  0  0  0  0
   -2.3610   -3.3464    0.9801 C   0  0  0  0  0  0  0  0  0  0  0  0
   -1.3753   -1.1949    0.2876 C   0  0  0  0  0  0  0  0  0  0  0  0
    0.8756   -2.0390   -0.7428 H   0  0  0  0  0  0  0  0  0  0  0  0
    3.3057   -2.0507   -0.7667 H   0  0  0  0  0  0  0  0  0  0  0  0
    0.8015    2.0608    0.5806 H   0  0  0  0  0  0  0  0  0  0  0  0
    2.8252    4.2832    1.2817 H   0  0  0  0  0  0  0  0  0  0  0  0
    1.7309    3.5146    0.1069 H   0  0  0  0  0  0  0  0  0  0  0  0
    1.7443    2.9676    1.8007 H   0  0  0  0  0  0  0  0  0  0  0  0
   -0.8729    2.0359   -0.7458 H   0  0  0  0  0  0  0  0  0  0  0  0
   -3.3030    2.0511   -0.7672 H   0  0  0  0  0  0  0  0  0  0  0  0
   -2.8296   -4.2840    1.2790 H   0  0  0  0  0  0  0  0  0  0  0  0
   -1.7347   -3.5163    0.1043 H   0  0  0  0  0  0  0  0  0  0  0  0
   -1.7470   -2.9701    1.7983 H   0  0  0  0  0  0  0  0  0  0  0  0
   -0.8034   -2.0658    0.5721 H   0  0  0  0  0  0  0  0  0  0  0  0
  1  2  1  0  0  0  0
  2  3  2  0  0  0  0
  3  4  1  0  0  0  0
  4  5  1  0  0  0  0
  5  6  2  0  0  0  0
  6  7  2  0  0  0  0
  4  8  2  0  0  0  0
  8  9  1  0  0  0  0
  1  9  2  0  0  0  0
  8 10  1  0  0  0  0
 10 11  1  0  0  0  0
  1 12  1  0  0  0  0
 12 13  1  0  0  0  0
 13 14  2  0  0  0  0
 14 15  1  0  0  0  0
 15 16  1  0  0  0  0
 16 17  2  0  0  0  0
 17 18  2  0  0  0  0
 15 19  2  0  0  0  0
 19 20  1  0  0  0  0
 20 21  1  0  0  0  0
 19 22  1  0  0  0  0
 12 22  2  0  0  0  0
  2 23  1  0  0  0  0
  3 24  1  0  0  0  0
  9 25  1  0  0  0  0
 11 26  1  0  0  0  0
 11 27  1  0  0  0  0
 11 28  1  0  0  0  0
 13 29  1  0  0  0  0
 14 30  1  0  0  0  0
 21 31  1  0  0  0  0
 21 32  1  0  0  0  0
 21 33  1  0  0  0  0
 22 34  1  0  0  0  0
M  END
$$$$
