 
WItclserve11290013443D 0   0.00000     0.00000cramer
 
 31 32  0  0  0  0  0  0  0  0  1 V2000
    0.3551   -1.8410   -0.3166 S   0  0  0  0  0  0  0  0  0  0  0  0
    0.8653   -2.9513    0.4088 O   0  0  0  0  0  0  0  0  0  0  0  0
    0.0466   -1.8363   -1.7037 O   0  0  0  0  0  0  0  0  0  0  0  0
   -1.0420   -1.4020    0.4566 N   0  0  0  0  0  0  0  0  0  0  0  0
   -1.7051   -0.2478    0.0835 C   0  0  0  0  0  0  0  0  0  0  0  0
   -2.8609    0.2449    0.6217 C   0  0  0  0  0  0  0  0  0  0  0  0
   -3.6873   -0.3379    1.7390 C   0  0  0  0  0  0  0  0  0  0  0  0
   -3.0996    1.4243   -0.1104 C   0  0  0  0  0  0  0  0  0  0  0  0
   -4.2536    2.3771    0.0671 C   0  0  0  0  0  0  0  0  0  0  0  0
   -2.1263    1.5305   -0.9714 N   0  0  0  0  0  0  0  0  0  0  0  0
   -1.3400    0.6170   -0.8763 O   0  0  0  0  0  0  0  0  0  0  0  0
    1.5191   -0.5394   -0.0806 C   0  0  0  0  0  0  0  0  0  0  0  0
    2.3635   -0.5590    1.0146 C   0  0  0  0  0  0  0  0  0  0  0  0
    3.2768    0.4594    1.2025 C   0  0  0  0  0  0  0  0  0  0  0  0
    3.3469    1.5046    0.2899 C   0  0  0  0  0  0  0  0  0  0  0  0
    4.2699    2.5362    0.4767 N   0  0  0  0  0  0  0  0  0  0  0  0
    2.4975    1.5212   -0.8088 C   0  0  0  0  0  0  0  0  0  0  0  0
    1.5901    0.4964   -0.9938 C   0  0  0  0  0  0  0  0  0  0  0  0
   -1.3950   -1.9547    1.1713 H   0  0  0  0  0  0  0  0  0  0  0  0
   -3.3391    0.0578    2.6931 H   0  0  0  0  0  0  0  0  0  0  0  0
   -4.7339   -0.0699    1.5947 H   0  0  0  0  0  0  0  0  0  0  0  0
   -3.5866   -1.4233    1.7373 H   0  0  0  0  0  0  0  0  0  0  0  0
   -3.9841    3.1427    0.7946 H   0  0  0  0  0  0  0  0  0  0  0  0
   -4.4855    2.8488   -0.8878 H   0  0  0  0  0  0  0  0  0  0  0  0
   -5.1260    1.8289    0.4229 H   0  0  0  0  0  0  0  0  0  0  0  0
    2.3082   -1.3717    1.7238 H   0  0  0  0  0  0  0  0  0  0  0  0
    3.9357    0.4437    2.0581 H   0  0  0  0  0  0  0  0  0  0  0  0
    4.3179    3.2654   -0.1611 H   0  0  0  0  0  0  0  0  0  0  0  0
    4.8629    2.5233    1.2443 H   0  0  0  0  0  0  0  0  0  0  0  0
    2.5494    2.3323   -1.5201 H   0  0  0  0  0  0  0  0  0  0  0  0
    0.9295    0.5085   -1.8481 H   0  0  0  0  0  0  0  0  0  0  0  0
  1  2  2  0  0  0  0
  1  3  2  0  0  0  0
  1  4  1  0  0  0  0
  4  5  1  0  0  0  0
  5  6  2  0  0  0  0
  6  7  1  0  0  0  0
  6  8  1  0  0  0  0
  8  9  1  0  0  0  0
  8 10  2  0  0  0  0
 10 11  1  0  0  0  0
  5 11  1  0  0  0  0
  1 12  1  0  0  0  0
 12 13  1  0  0  0  0
 13 14  2  0  0  0  0
 14 15  1  0  0  0  0
 15 16  1  0  0  0  0
 15 17  2  0  0  0  0
 17 18  1  0  0  0  0
 12 18  2  0  0  0  0
  4 19  1  0  0  0  0
  7 20  1  0  0  0  0
  7 21  1  0  0  0  0
  7 22  1  0  0  0  0
  9 23  1  0  0  0  0
  9 24  1  0  0  0  0
  9 25  1  0  0  0  0
 13 26  1  0  0  0  0
 14 27  1  0  0  0  0
 16 28  1  0  0  0  0
 16 29  1  0  0  0  0
 17 30  1  0  0  0  0
 18 31  1  0  0  0  0
M  END
$$$$
