 
WItclserve11290013443D 0   0.00000     0.00000cramer
 
 26 26  0  0  0  0  0  0  0  0  2 V2000
    1.6802   -1.7136   -0.6792 S   0  0  0  0  0  0  0  0  0  0  0  0
    2.0733   -0.0616    0.0884 P   0  0  0  0  0  0  0  0  0  0  0  0
    3.6254   -0.0236    0.5146 O   0  0  0  0  0  0  0  0  0  0  0  0
    4.3864   -0.2225   -0.6784 C   0  0  0  0  0  0  0  0  0  0  0  0
    1.7808    1.1087   -0.9779 O   0  0  0  0  0  0  0  0  0  0  0  0
    2.0997    2.3437   -0.3335 C   0  0  0  0  0  0  0  0  0  0  0  0
    1.1534    0.1573    1.3914 O   0  0  0  0  0  0  0  0  0  0  0  0
   -0.1385    0.1156    0.9717 C   0  0  0  0  0  0  0  0  0  0  0  0
   -0.8206   -1.0923    0.9412 C   0  0  0  0  0  0  0  0  0  0  0  0
   -2.1338   -1.1320    0.5146 C   0  0  0  0  0  0  0  0  0  0  0  0
   -2.7685    0.0307    0.1177 C   0  0  0  0  0  0  0  0  0  0  0  0
   -2.0910    1.2354    0.1472 C   0  0  0  0  0  0  0  0  0  0  0  0
   -0.7792    1.2813    0.5785 C   0  0  0  0  0  0  0  0  0  0  0  0
   -4.1753   -0.0148   -0.3398 N   0  3  0  0  0  0  0  0  0  0  0  0
   -4.7353    1.0087   -0.6896 O   0  0  0  0  0  0  0  0  0  0  0  0
   -4.7730   -1.0757   -0.3665 O   0  5  0  0  0  0  0  0  0  0  0  0
    5.4495   -0.2046   -0.4385 H   0  0  0  0  0  0  0  0  0  0  0  0
    4.1291   -1.1867   -1.1169 H   0  0  0  0  0  0  0  0  0  0  0  0
    4.1610    0.5719   -1.3898 H   0  0  0  0  0  0  0  0  0  0  0  0
    1.4761    2.4628    0.5526 H   0  0  0  0  0  0  0  0  0  0  0  0
    3.1497    2.3403   -0.0410 H   0  0  0  0  0  0  0  0  0  0  0  0
    1.9165    3.1699   -1.0204 H   0  0  0  0  0  0  0  0  0  0  0  0
   -0.3251   -2.0008    1.2504 H   0  0  0  0  0  0  0  0  0  0  0  0
   -2.6651   -2.0719    0.4907 H   0  0  0  0  0  0  0  0  0  0  0  0
   -2.5889    2.1421   -0.1633 H   0  0  0  0  0  0  0  0  0  0  0  0
   -0.2504    2.2227    0.6013 H   0  0  0  0  0  0  0  0  0  0  0  0
  1  2  2  0  0  0  0
  2  3  1  0  0  0  0
  3  4  1  0  0  0  0
  2  5  1  0  0  0  0
  5  6  1  0  0  0  0
  2  7  1  0  0  0  0
  7  8  1  0  0  0  0
  8  9  1  0  0  0  0
  9 10  2  0  0  0  0
 10 11  1  0  0  0  0
 11 12  2  0  0  0  0
 12 13  1  0  0  0  0
  8 13  2  0  0  0  0
 11 14  1  0  0  0  0
 14 15  2  0  0  0  0
 14 16  1  0  0  0  0
  4 17  1  0  0  0  0
  4 18  1  0  0  0  0
  4 19  1  0  0  0  0
  6 20  1  0  0  0  0
  6 21  1  0  0  0  0
  6 22  1  0  0  0  0
  9 23  1  0  0  0  0
 10 24  1  0  0  0  0
 12 25  1  0  0  0  0
 13 26  1  0  0  0  0
M  CHG  2  14   1  16  -1
M  END
$$$$
