 
WItclserve11290013443D 0   0.00000     0.00000cramer
 
 34 35  0  0  0  0  0  0  0  0  1 V2000
   -5.7831    0.4230   -0.0178 C   0  0  0  0  0  0  0  0  0  0  0  0
   -6.0860   -0.9267   -0.0468 C   0  0  0  0  0  0  0  0  0  0  0  0
   -5.0734   -1.8689   -0.0584 C   0  0  0  0  0  0  0  0  0  0  0  0
   -3.7532   -1.4675   -0.0412 C   0  0  0  0  0  0  0  0  0  0  0  0
   -3.4410   -0.1080   -0.0124 C   0  0  0  0  0  0  0  0  0  0  0  0
   -4.4674    0.8374   -0.0008 C   0  0  0  0  0  0  0  0  0  0  0  0
   -2.0291    0.3290    0.0066 C   0  0  0  0  0  0  0  0  0  0  0  0
   -1.7355    1.6214    0.0339 C   0  0  0  0  0  0  0  0  0  0  0  0
   -0.2960    2.0670    0.0533 C   0  0  0  0  0  0  0  0  0  0  0  0
    0.5713    0.9026    0.0372 O   0  0  0  0  0  0  0  0  0  0  0  0
    1.9098    1.0591    0.0502 C   0  0  0  0  0  0  0  0  0  0  0  0
    2.3908    2.1748    0.0755 O   0  0  0  0  0  0  0  0  0  0  0  0
    2.7895   -0.1221    0.0339 C   0  0  0  0  0  0  0  0  0  0  0  0
    2.2450   -1.4062    0.1274 C   0  0  0  0  0  0  0  0  0  0  0  0
    3.0733   -2.5064    0.1116 C   0  0  0  0  0  0  0  0  0  0  0  0
    4.4463   -2.3484    0.0036 C   0  0  0  0  0  0  0  0  0  0  0  0
    4.9995   -1.0881   -0.0896 C   0  0  0  0  0  0  0  0  0  0  0  0
    4.1801    0.0342   -0.0816 C   0  0  0  0  0  0  0  0  0  0  0  0
    4.7344    1.3036   -0.1753 N   0  0  0  0  0  0  0  0  0  0  0  0
   -6.5783    1.1538   -0.0130 H   0  0  0  0  0  0  0  0  0  0  0  0
   -7.1177   -1.2461   -0.0600 H   0  0  0  0  0  0  0  0  0  0  0  0
   -5.3164   -2.9210   -0.0807 H   0  0  0  0  0  0  0  0  0  0  0  0
   -2.9634   -2.2041   -0.0496 H   0  0  0  0  0  0  0  0  0  0  0  0
   -4.2322    1.8913    0.0211 H   0  0  0  0  0  0  0  0  0  0  0  0
   -1.2365   -0.4047   -0.0017 H   0  0  0  0  0  0  0  0  0  0  0  0
   -2.5280    2.3551    0.0423 H   0  0  0  0  0  0  0  0  0  0  0  0
   -0.0943    2.6824   -0.8234 H   0  0  0  0  0  0  0  0  0  0  0  0
   -0.1076    2.6478    0.9562 H   0  0  0  0  0  0  0  0  0  0  0  0
    1.1761   -1.5353    0.2124 H   0  0  0  0  0  0  0  0  0  0  0  0
    2.6508   -3.4978    0.1839 H   0  0  0  0  0  0  0  0  0  0  0  0
    5.0871   -3.2177   -0.0072 H   0  0  0  0  0  0  0  0  0  0  0  0
    6.0701   -0.9738   -0.1734 H   0  0  0  0  0  0  0  0  0  0  0  0
    5.6871    1.4070   -0.3254 H   0  0  0  0  0  0  0  0  0  0  0  0
    4.1689    2.0872   -0.0907 H   0  0  0  0  0  0  0  0  0  0  0  0
  1  2  1  0  0  0  0
  2  3  2  0  0  0  0
  3  4  1  0  0  0  0
  4  5  2  0  0  0  0
  5  6  1  0  0  0  0
  1  6  2  0  0  0  0
  5  7  1  0  0  0  0
  7  8  2  0  0  0  0
  8  9  1  0  0  0  0
  9 10  1  0  0  0  0
 10 11  1  0  0  0  0
 11 12  2  0  0  0  0
 11 13  1  0  0  0  0
 13 14  1  0  0  0  0
 14 15  2  0  0  0  0
 15 16  1  0  0  0  0
 16 17  2  0  0  0  0
 17 18  1  0  0  0  0
 13 18  2  0  0  0  0
 18 19  1  0  0  0  0
  1 20  1  0  0  0  0
  2 21  1  0  0  0  0
  3 22  1  0  0  0  0
  4 23  1  0  0  0  0
  6 24  1  0  0  0  0
  7 25  1  0  0  0  0
  8 26  1  0  0  0  0
  9 27  1  0  0  0  0
  9 28  1  0  0  0  0
 14 29  1  0  0  0  0
 15 30  1  0  0  0  0
 16 31  1  0  0  0  0
 17 32  1  0  0  0  0
 19 33  1  0  0  0  0
 19 34  1  0  0  0  0
M  END
$$$$
