 
WItclserve11290013443D 0   0.00000     0.00000cramer
 
 30 32  0  0  0  0  0  0  0  0  1 V2000
   -1.4037   -1.5249   -0.2645 N   0  0  0  0  0  0  0  0  0  0  0  0
   -2.3815   -0.5463   -0.0695 C   0  0  0  0  0  0  0  0  0  0  0  0
   -3.5990   -0.6365   -0.7330 C   0  0  0  0  0  0  0  0  0  0  0  0
   -4.5634    0.3322   -0.5376 C   0  0  0  0  0  0  0  0  0  0  0  0
   -4.3183    1.3917    0.3171 C   0  0  0  0  0  0  0  0  0  0  0  0
   -3.1077    1.4848    0.9785 C   0  0  0  0  0  0  0  0  0  0  0  0
   -2.1409    0.5161    0.7925 C   0  0  0  0  0  0  0  0  0  0  0  0
   -0.0527   -1.1993   -0.1270 C   0  0  0  0  0  0  0  0  0  0  0  0
    0.8595   -2.1821    0.2774 C   0  0  0  0  0  0  0  0  0  0  0  0
    2.1798   -1.8933    0.4193 C   0  0  0  0  0  0  0  0  0  0  0  0
    2.6449   -0.5922    0.1585 C   0  0  0  0  0  0  0  0  0  0  0  0
    4.0044   -0.2655    0.2959 C   0  0  0  0  0  0  0  0  0  0  0  0
    4.4228    1.0035    0.0349 C   0  0  0  0  0  0  0  0  0  0  0  0
    3.5223    1.9875   -0.3678 C   0  0  0  0  0  0  0  0  0  0  0  0
    2.1978    1.7083   -0.5113 C   0  0  0  0  0  0  0  0  0  0  0  0
    1.7286    0.4091   -0.2513 C   0  0  0  0  0  0  0  0  0  0  0  0
    0.3701    0.0840   -0.3960 C   0  0  0  0  0  0  0  0  0  0  0  0
   -1.6634   -2.4316   -0.4915 H   0  0  0  0  0  0  0  0  0  0  0  0
   -3.7908   -1.4632   -1.4010 H   0  0  0  0  0  0  0  0  0  0  0  0
   -5.5099    0.2627   -1.0529 H   0  0  0  0  0  0  0  0  0  0  0  0
   -5.0742    2.1482    0.4678 H   0  0  0  0  0  0  0  0  0  0  0  0
   -2.9195    2.3137    1.6449 H   0  0  0  0  0  0  0  0  0  0  0  0
   -1.1957    0.5893    1.3097 H   0  0  0  0  0  0  0  0  0  0  0  0
    0.5087   -3.1833    0.4796 H   0  0  0  0  0  0  0  0  0  0  0  0
    2.8708   -2.6620    0.7323 H   0  0  0  0  0  0  0  0  0  0  0  0
    4.7142   -1.0175    0.6076 H   0  0  0  0  0  0  0  0  0  0  0  0
    5.4685    1.2512    0.1419 H   0  0  0  0  0  0  0  0  0  0  0  0
    3.8804    2.9864   -0.5685 H   0  0  0  0  0  0  0  0  0  0  0  0
    1.5109    2.4810   -0.8235 H   0  0  0  0  0  0  0  0  0  0  0  0
   -0.3384    0.8352   -0.7125 H   0  0  0  0  0  0  0  0  0  0  0  0
  1  2  1  0  0  0  0
  2  3  1  0  0  0  0
  3  4  2  0  0  0  0
  4  5  1  0  0  0  0
  5  6  2  0  0  0  0
  6  7  1  0  0  0  0
  2  7  2  0  0  0  0
  1  8  1  0  0  0  0
  8  9  1  0  0  0  0
  9 10  2  0  0  0  0
 10 11  1  0  0  0  0
 11 12  2  0  0  0  0
 12 13  1  0  0  0  0
 13 14  2  0  0  0  0
 14 15  1  0  0  0  0
 15 16  2  0  0  0  0
 11 16  1  0  0  0  0
 16 17  1  0  0  0  0
  8 17  2  0  0  0  0
  1 18  1  0  0  0  0
  3 19  1  0  0  0  0
  4 20  1  0  0  0  0
  5 21  1  0  0  0  0
  6 22  1  0  0  0  0
  7 23  1  0  0  0  0
  9 24  1  0  0  0  0
 10 25  1  0  0  0  0
 12 26  1  0  0  0  0
 13 27  1  0  0  0  0
 14 28  1  0  0  0  0
 15 29  1  0  0  0  0
 17 30  1  0  0  0  0
M  END
$$$$
