 
WItclserve11290013453D 0   0.00000     0.00000cramer
 
 34 35  0  0  0  0  0  0  0  0  1 V2000
    0.7137   -0.2005    0.2512 C   0  0  0  0  0  0  0  0  0  0  0  0
    1.0756   -1.4826    0.6609 C   0  0  0  0  0  0  0  0  0  0  0  0
    2.4028   -1.8599    0.6574 C   0  0  0  0  0  0  0  0  0  0  0  0
    3.3803   -0.9641    0.2462 C   0  0  0  0  0  0  0  0  0  0  0  0
    4.7251   -1.3497    0.2438 N   0  0  0  0  0  0  0  0  0  0  0  0
    3.0232    0.3192   -0.1650 C   0  0  0  0  0  0  0  0  0  0  0  0
    1.6941    0.7004   -0.1622 C   0  0  0  0  0  0  0  0  0  0  0  0
    3.9817    1.1961   -0.5677 O   0  0  0  0  0  0  0  0  0  0  0  0
    3.3110    2.4072   -0.9219 C   0  0  0  0  0  0  0  0  0  0  0  0
   -0.7137    0.2030    0.2491 C   0  0  0  0  0  0  0  0  0  0  0  0
   -1.0769    1.4846    0.6593 C   0  0  0  0  0  0  0  0  0  0  0  0
   -2.4047    1.8602    0.6570 C   0  0  0  0  0  0  0  0  0  0  0  0
   -3.3813    0.9631    0.2463 C   0  0  0  0  0  0  0  0  0  0  0  0
   -4.7266    1.3471    0.2446 N   0  0  0  0  0  0  0  0  0  0  0  0
   -3.0229   -0.3198   -0.1649 C   0  0  0  0  0  0  0  0  0  0  0  0
   -3.9805   -1.1978   -0.5674 O   0  0  0  0  0  0  0  0  0  0  0  0
   -3.3086   -2.4081   -0.9217 C   0  0  0  0  0  0  0  0  0  0  0  0
   -1.6927   -0.6974   -0.1686 C   0  0  0  0  0  0  0  0  0  0  0  0
    0.3168   -2.1810    0.9816 H   0  0  0  0  0  0  0  0  0  0  0  0
    2.6817   -2.8536    0.9756 H   0  0  0  0  0  0  0  0  0  0  0  0
    4.9741   -2.2426    0.5295 H   0  0  0  0  0  0  0  0  0  0  0  0
    5.4085   -0.7241   -0.0435 H   0  0  0  0  0  0  0  0  0  0  0  0
    1.4157    1.6941   -0.4807 H   0  0  0  0  0  0  0  0  0  0  0  0
    2.7742    2.7922   -0.0549 H   0  0  0  0  0  0  0  0  0  0  0  0
    4.0426    3.1443   -1.2529 H   0  0  0  0  0  0  0  0  0  0  0  0
    2.6046    2.2090   -1.7280 H   0  0  0  0  0  0  0  0  0  0  0  0
   -0.3188    2.1839    0.9795 H   0  0  0  0  0  0  0  0  0  0  0  0
   -2.6846    2.8535    0.9754 H   0  0  0  0  0  0  0  0  0  0  0  0
   -4.9765    2.2398    0.5303 H   0  0  0  0  0  0  0  0  0  0  0  0
   -5.4094    0.7207   -0.0422 H   0  0  0  0  0  0  0  0  0  0  0  0
   -2.7712   -2.7925   -0.0548 H   0  0  0  0  0  0  0  0  0  0  0  0
   -4.0395   -3.1460   -1.2526 H   0  0  0  0  0  0  0  0  0  0  0  0
   -2.6026   -2.2092   -1.7280 H   0  0  0  0  0  0  0  0  0  0  0  0
   -1.4133   -1.6908   -0.4872 H   0  0  0  0  0  0  0  0  0  0  0  0
  1  2  1  0  0  0  0
  2  3  2  0  0  0  0
  3  4  1  0  0  0  0
  4  5  1  0  0  0  0
  4  6  2  0  0  0  0
  6  7  1  0  0  0  0
  1  7  2  0  0  0  0
  6  8  1  0  0  0  0
  8  9  1  0  0  0  0
  1 10  1  0  0  0  0
 10 11  1  0  0  0  0
 11 12  2  0  0  0  0
 12 13  1  0  0  0  0
 13 14  1  0  0  0  0
 13 15  2  0  0  0  0
 15 16  1  0  0  0  0
 16 17  1  0  0  0  0
 15 18  1  0  0  0  0
 10 18  2  0  0  0  0
  2 19  1  0  0  0  0
  3 20  1  0  0  0  0
  5 21  1  0  0  0  0
  5 22  1  0  0  0  0
  7 23  1  0  0  0  0
  9 24  1  0  0  0  0
  9 25  1  0  0  0  0
  9 26  1  0  0  0  0
 11 27  1  0  0  0  0
 12 28  1  0  0  0  0
 14 29  1  0  0  0  0
 14 30  1  0  0  0  0
 17 31  1  0  0  0  0
 17 32  1  0  0  0  0
 17 33  1  0  0  0  0
 18 34  1  0  0  0  0
M  END
$$$$
