 
WItclserve11290013443D 0   0.00000     0.00000cramer
 
 16 16  0  0  0  0  0  0  0  0  1 V2000
   -2.7189    0.2988   -0.0003 N   0  0  0  0  0  0  0  0  0  0  0  0
   -3.4269   -0.9275   -0.0012 O   0  0  0  0  0  0  0  0  0  0  0  0
   -1.4065    0.2988   -0.0006 C   0  0  0  0  0  0  0  0  0  0  0  0
   -0.6721    1.5708    0.0003 C   0  0  0  0  0  0  0  0  0  0  0  0
    0.6721    1.5708    0.0004 C   0  0  0  0  0  0  0  0  0  0  0  0
    1.4065    0.2988   -0.0004 C   0  0  0  0  0  0  0  0  0  0  0  0
    2.7189    0.2988    0.0001 N   0  0  0  0  0  0  0  0  0  0  0  0
    3.4269   -0.9275   -0.0006 O   0  0  0  0  0  0  0  0  0  0  0  0
    0.6721   -0.9733   -0.0013 C   0  0  0  0  0  0  0  0  0  0  0  0
   -0.6721   -0.9733    0.0042 C   0  0  0  0  0  0  0  0  0  0  0  0
   -4.3683   -0.7067   -0.0007 H   0  0  0  0  0  0  0  0  0  0  0  0
   -1.2121    2.5061    0.0005 H   0  0  0  0  0  0  0  0  0  0  0  0
    1.2121    2.5061    0.0007 H   0  0  0  0  0  0  0  0  0  0  0  0
    4.3683   -0.7067    0.0000 H   0  0  0  0  0  0  0  0  0  0  0  0
    1.2121   -1.9086   -0.0019 H   0  0  0  0  0  0  0  0  0  0  0  0
   -1.2121   -1.9086    0.0035 H   0  0  0  0  0  0  0  0  0  0  0  0
  1  2  1  0  0  0  0
  1  3  2  0  0  0  0
  3  4  1  0  0  0  0
  4  5  2  0  0  0  0
  5  6  1  0  0  0  0
  6  7  2  0  0  0  0
  7  8  1  0  0  0  0
  6  9  1  0  0  0  0
  9 10  2  0  0  0  0
  3 10  1  0  0  0  0
  2 11  1  0  0  0  0
  4 12  1  0  0  0  0
  5 13  1  0  0  0  0
  8 14  1  0  0  0  0
  9 15  1  0  0  0  0
 10 16  1  0  0  0  0
M  END
$$$$
