 
WItclserve11290013443D 0   0.00000     0.00000cramer
 
 13 13  0  0  0  0  0  0  0  0  1 V2000
   -0.9376   -0.4928   -0.3596 C   0  0  0  0  0  0  0  0  0  0  0  0
   -2.2069    0.2155    0.1180 C   0  0  0  0  0  0  0  0  0  0  0  0
    0.2642    0.0239    0.4338 C   0  0  0  0  0  0  0  0  0  0  0  0
    1.6393   -0.5617    0.1070 C   0  0  0  0  0  0  0  0  0  0  0  0
    1.2617    0.7627   -0.2742 O   0  0  0  0  0  0  0  0  0  0  0  0
   -1.0407   -1.5668   -0.2046 H   0  0  0  0  0  0  0  0  0  0  0  0
   -0.7865   -0.2917   -1.4202 H   0  0  0  0  0  0  0  0  0  0  0  0
   -2.3580    0.0144    1.1786 H   0  0  0  0  0  0  0  0  0  0  0  0
   -2.1038    1.2895   -0.0370 H   0  0  0  0  0  0  0  0  0  0  0  0
   -3.0630   -0.1526   -0.4472 H   0  0  0  0  0  0  0  0  0  0  0  0
    0.0635    0.3025    1.4683 H   0  0  0  0  0  0  0  0  0  0  0  0
    2.3520   -0.6712    0.9245 H   0  0  0  0  0  0  0  0  0  0  0  0
    1.6962   -1.3187   -0.6751 H   0  0  0  0  0  0  0  0  0  0  0  0
  1  2  1  0  0  0  0
  1  3  1  0  0  0  0
  3  4  1  0  0  0  0
  4  5  1  0  0  0  0
  3  5  1  0  0  0  0
  1  6  1  0  0  0  0
  1  7  1  0  0  0  0
  2  8  1  0  0  0  0
  2  9  1  0  0  0  0
  2 10  1  0  0  0  0
  3 11  1  0  0  0  0
  4 12  1  0  0  0  0
  4 13  1  0  0  0  0
M  END
$$$$
