 
WItclserve11290013443D 0   0.00000     0.00000cramer
 
 14 14  0  0  0  0  0  0  0  0  2 V2000
    3.3351    0.0071    1.0561 O   0  5  0  0  0  0  0  0  0  0  0  0
    2.7260    0.0052    0.0014 N   0  3  0  0  0  0  0  0  0  0  0  0
    3.3349    0.0004   -1.0535 O   0  0  0  0  0  0  0  0  0  0  0  0
    1.2458    0.0025    0.0015 C   0  0  0  0  0  0  0  0  0  0  0  0
    0.5521    1.1994    0.0007 C   0  0  0  0  0  0  0  0  0  0  0  0
    1.4178    2.7042   -0.0006 Cl  0  0  0  0  0  0  0  0  0  0  0  0
   -0.8321    1.1974    0.0003 C   0  0  0  0  0  0  0  0  0  0  0  0
   -1.7024    2.6995   -0.0013 Cl  0  0  0  0  0  0  0  0  0  0  0  0
   -1.5223   -0.0027    0.0009 C   0  0  0  0  0  0  0  0  0  0  0  0
   -3.2583   -0.0059   -0.0001 Cl  0  0  0  0  0  0  0  0  0  0  0  0
   -0.8279   -1.1998    0.0017 C   0  0  0  0  0  0  0  0  0  0  0  0
   -1.6926   -2.7051    0.0019 Cl  0  0  0  0  0  0  0  0  0  0  0  0
    0.5568   -1.1967   -0.0033 C   0  0  0  0  0  0  0  0  0  0  0  0
    1.4281   -2.6982   -0.0022 Cl  0  0  0  0  0  0  0  0  0  0  0  0
  1  2  1  0  0  0  0
  2  3  2  0  0  0  0
  2  4  1  0  0  0  0
  4  5  1  0  0  0  0
  5  6  1  0  0  0  0
  5  7  2  0  0  0  0
  7  8  1  0  0  0  0
  7  9  1  0  0  0  0
  9 10  1  0  0  0  0
  9 11  2  0  0  0  0
 11 12  1  0  0  0  0
 11 13  1  0  0  0  0
  4 13  2  0  0  0  0
 13 14  1  0  0  0  0
M  CHG  2   1  -1   2   1
M  END
$$$$
