 
WItclserve11290013453D 0   0.00000     0.00000cramer
 
 10  9  0  0  0  0  0  0  0  0  1 V2000
   -0.5146    1.8359    0.0003 C   0  0  0  0  0  0  0  0  0  0  0  0
   -0.0220    0.6006    0.0001 C   0  0  0  0  0  0  0  0  0  0  0  0
   -1.0970   -0.7626    0.0000 Cl  0  0  0  0  0  0  0  0  0  0  0  0
    1.4345    0.3891    0.0000 C   0  0  0  0  0  0  0  0  0  0  0  0
    1.9266   -0.8449   -0.0001 C   0  0  0  0  0  0  0  0  0  0  0  0
    0.1541    2.6839    0.0003 H   0  0  0  0  0  0  0  0  0  0  0  0
   -1.5834    1.9910   -0.0042 H   0  0  0  0  0  0  0  0  0  0  0  0
    2.1033    1.2372    0.0001 H   0  0  0  0  0  0  0  0  0  0  0  0
    2.9954   -1.0000   -0.0002 H   0  0  0  0  0  0  0  0  0  0  0  0
    1.2579   -1.6929   -0.0002 H   0  0  0  0  0  0  0  0  0  0  0  0
  1  2  2  0  0  0  0
  2  3  1  0  0  0  0
  2  4  1  0  0  0  0
  4  5  2  0  0  0  0
  1  6  1  0  0  0  0
  1  7  1  0  0  0  0
  4  8  1  0  0  0  0
  5  9  1  0  0  0  0
  5 10  1  0  0  0  0
M  END
$$$$
