 
WItclserve11290013443D 0   0.00000     0.00000cramer
 
 18 18  0  0  0  0  0  0  0  0  1 V2000
   -0.7902   -1.1360    0.2937 N   0  0  0  0  0  0  0  0  0  0  0  0
   -1.8693   -0.3620    0.0636 C   0  0  0  0  0  0  0  0  0  0  0  0
   -3.1068   -0.8487    0.2830 N   0  0  0  0  0  0  0  0  0  0  0  0
   -1.6681    1.2393   -0.5075 S   0  0  0  0  0  0  0  0  0  0  0  0
    0.4950   -0.5938    0.1872 C   0  0  0  0  0  0  0  0  0  0  0  0
    0.7586    0.6754    0.6863 C   0  0  0  0  0  0  0  0  0  0  0  0
    2.0282    1.2077    0.5795 C   0  0  0  0  0  0  0  0  0  0  0  0
    3.0368    0.4788   -0.0240 C   0  0  0  0  0  0  0  0  0  0  0  0
    2.7777   -0.7846   -0.5222 C   0  0  0  0  0  0  0  0  0  0  0  0
    1.5114   -1.3255   -0.4127 C   0  0  0  0  0  0  0  0  0  0  0  0
   -0.9047   -2.0680    0.5370 H   0  0  0  0  0  0  0  0  0  0  0  0
   -3.2208   -1.7560    0.6066 H   0  0  0  0  0  0  0  0  0  0  0  0
   -3.8834   -0.2917    0.1174 H   0  0  0  0  0  0  0  0  0  0  0  0
   -0.0288    1.2454    1.1570 H   0  0  0  0  0  0  0  0  0  0  0  0
    2.2338    2.1945    0.9674 H   0  0  0  0  0  0  0  0  0  0  0  0
    4.0289    0.8975   -0.1066 H   0  0  0  0  0  0  0  0  0  0  0  0
    3.5673   -1.3512   -0.9933 H   0  0  0  0  0  0  0  0  0  0  0  0
    1.3096   -2.3125   -0.8021 H   0  0  0  0  0  0  0  0  0  0  0  0
  1  2  1  0  0  0  0
  2  3  1  0  0  0  0
  2  4  2  0  0  0  0
  1  5  1  0  0  0  0
  5  6  1  0  0  0  0
  6  7  2  0  0  0  0
  7  8  1  0  0  0  0
  8  9  2  0  0  0  0
  9 10  1  0  0  0  0
  5 10  2  0  0  0  0
  1 11  1  0  0  0  0
  3 12  1  0  0  0  0
  3 13  1  0  0  0  0
  6 14  1  0  0  0  0
  7 15  1  0  0  0  0
  8 16  1  0  0  0  0
  9 17  1  0  0  0  0
 10 18  1  0  0  0  0
M  END
$$$$
