 
WItclserve11290013453D 0   0.00000     0.00000cramer
 
 17 17  0  0  0  0  0  0  0  0  2 V2000
    0.7040   -1.1795   -0.0004 C   0  0  0  0  0  0  0  0  0  0  0  0
   -0.6756   -1.1915   -0.0001 C   0  0  0  0  0  0  0  0  0  0  0  0
   -1.3809   -0.0014    0.0002 C   0  0  0  0  0  0  0  0  0  0  0  0
   -0.7089    1.2085    0.0001 C   0  0  0  0  0  0  0  0  0  0  0  0
    0.6700    1.2350   -0.0003 C   0  0  0  0  0  0  0  0  0  0  0  0
    1.3882    0.0374   -0.0001 C   0  0  0  0  0  0  0  0  0  0  0  0
    2.8653    0.0580    0.0000 C   0  0  0  0  0  0  0  0  0  0  0  0
    3.5551   -1.0991    0.0002 O   0  0  0  0  0  0  0  0  0  0  0  0
    3.4579    1.1184   -0.0001 O   0  0  0  0  0  0  0  0  0  0  0  0
   -2.8609   -0.0220    0.0001 N   0  3  0  0  0  0  0  0  0  0  0  0
   -3.4846    1.0242    0.0003 O   0  0  0  0  0  0  0  0  0  0  0  0
   -3.4551   -1.0853   -0.0002 O   0  5  0  0  0  0  0  0  0  0  0  0
    1.2533   -2.1094    0.0035 H   0  0  0  0  0  0  0  0  0  0  0  0
   -1.2062   -2.1322   -0.0003 H   0  0  0  0  0  0  0  0  0  0  0  0
   -1.2656    2.1339   -0.0001 H   0  0  0  0  0  0  0  0  0  0  0  0
    1.1932    2.1798   -0.0011 H   0  0  0  0  0  0  0  0  0  0  0  0
    4.5220   -1.0856    0.0003 H   0  0  0  0  0  0  0  0  0  0  0  0
  1  2  1  0  0  0  0
  2  3  2  0  0  0  0
  3  4  1  0  0  0  0
  4  5  2  0  0  0  0
  5  6  1  0  0  0  0
  1  6  2  0  0  0  0
  6  7  1  0  0  0  0
  7  8  1  0  0  0  0
  7  9  2  0  0  0  0
  3 10  1  0  0  0  0
 10 11  2  0  0  0  0
 10 12  1  0  0  0  0
  1 13  1  0  0  0  0
  2 14  1  0  0  0  0
  4 15  1  0  0  0  0
  5 16  1  0  0  0  0
  8 17  1  0  0  0  0
M  CHG  2  10   1  12  -1
M  END
$$$$
