 
WItclserve11290013443D 0   0.00000     0.00000cramer
 
 16 16  0  0  0  0  0  0  0  0  1 V2000
    1.4131   -1.3490    0.0001 C   0  0  0  0  0  0  0  0  0  0  0  0
    0.0356   -1.4617    0.0001 C   0  0  0  0  0  0  0  0  0  0  0  0
   -0.7533   -0.3271   -0.0002 C   0  0  0  0  0  0  0  0  0  0  0  0
   -2.4831   -0.4735   -0.0001 Cl  0  0  0  0  0  0  0  0  0  0  0  0
   -0.1626    0.9320   -0.0002 C   0  0  0  0  0  0  0  0  0  0  0  0
   -0.9606    2.0791    0.0004 N   0  0  0  0  0  0  0  0  0  0  0  0
    1.2198    1.0477   -0.0002 C   0  0  0  0  0  0  0  0  0  0  0  0
    2.0090   -0.0942   -0.0003 C   0  0  0  0  0  0  0  0  0  0  0  0
    3.4018    0.0185    0.0000 N   0  0  0  0  0  0  0  0  0  0  0  0
    2.0270   -2.2376    0.0048 H   0  0  0  0  0  0  0  0  0  0  0  0
   -0.4252   -2.4385    0.0001 H   0  0  0  0  0  0  0  0  0  0  0  0
   -1.9272    1.9975    0.0008 H   0  0  0  0  0  0  0  0  0  0  0  0
   -0.5480    2.9570    0.0005 H   0  0  0  0  0  0  0  0  0  0  0  0
    1.6811    2.0242   -0.0006 H   0  0  0  0  0  0  0  0  0  0  0  0
    3.9530   -0.7797    0.0000 H   0  0  0  0  0  0  0  0  0  0  0  0
    3.8175    0.8949    0.0004 H   0  0  0  0  0  0  0  0  0  0  0  0
  1  2  1  0  0  0  0
  2  3  2  0  0  0  0
  3  4  1  0  0  0  0
  3  5  1  0  0  0  0
  5  6  1  0  0  0  0
  5  7  2  0  0  0  0
  7  8  1  0  0  0  0
  1  8  2  0  0  0  0
  8  9  1  0  0  0  0
  1 10  1  0  0  0  0
  2 11  1  0  0  0  0
  6 12  1  0  0  0  0
  6 13  1  0  0  0  0
  7 14  1  0  0  0  0
  9 15  1  0  0  0  0
  9 16  1  0  0  0  0
M  END
$$$$
