 
WItclserve11290013443D 0   0.00000     0.00000cramer
 
 31 32  0  0  0  0  0  0  0  0  1 V2000
   -3.2324   -1.7054    0.7837 S   0  0  0  0  0  0  0  0  0  0  0  0
   -3.1208   -0.0694   -0.1017 P   0  0  0  0  0  0  0  0  0  0  0  0
   -4.1431   -0.0615   -1.3455 O   0  0  0  0  0  0  0  0  0  0  0  0
   -5.4516   -0.2580   -0.8058 C   0  0  0  0  0  0  0  0  0  0  0  0
   -3.5038    1.1185    0.9153 O   0  0  0  0  0  0  0  0  0  0  0  0
   -3.4001    2.3401    0.1813 C   0  0  0  0  0  0  0  0  0  0  0  0
   -1.1434    0.2171   -0.8105 S   0  0  0  0  0  0  0  0  0  0  0  0
   -0.2356    0.1650    0.7591 C   0  0  0  0  0  0  0  0  0  0  0  0
    1.1951    0.3475    0.5021 N   0  0  0  0  0  0  0  0  0  0  0  0
    1.7446    1.6323    0.4957 N   0  0  0  0  0  0  0  0  0  0  0  0
    2.9892    1.8583    0.2776 N   0  0  0  0  0  0  0  0  0  0  0  0
    3.8694    0.8553    0.0352 C   0  0  0  0  0  0  0  0  0  0  0  0
    5.2217    1.1163   -0.2011 C   0  0  0  0  0  0  0  0  0  0  0  0
    6.0862    0.0733   -0.4441 C   0  0  0  0  0  0  0  0  0  0  0  0
    5.6315   -1.2389   -0.4578 C   0  0  0  0  0  0  0  0  0  0  0  0
    4.3031   -1.5218   -0.2282 C   0  0  0  0  0  0  0  0  0  0  0  0
    3.4111   -0.4800    0.0204 C   0  0  0  0  0  0  0  0  0  0  0  0
    1.9843   -0.7293    0.2765 C   0  0  0  0  0  0  0  0  0  0  0  0
    1.5301   -1.8587    0.2808 O   0  0  0  0  0  0  0  0  0  0  0  0
   -6.1819   -0.2600   -1.6151 H   0  0  0  0  0  0  0  0  0  0  0  0
   -5.4886   -1.2124   -0.2807 H   0  0  0  0  0  0  0  0  0  0  0  0
   -5.6826    0.5487   -0.1101 H   0  0  0  0  0  0  0  0  0  0  0  0
   -2.3804    2.4583   -0.1853 H   0  0  0  0  0  0  0  0  0  0  0  0
   -4.0892    2.3164   -0.6629 H   0  0  0  0  0  0  0  0  0  0  0  0
   -3.6516    3.1775    0.8321 H   0  0  0  0  0  0  0  0  0  0  0  0
   -0.5921    0.9620    1.4117 H   0  0  0  0  0  0  0  0  0  0  0  0
   -0.3980   -0.7991    1.2410 H   0  0  0  0  0  0  0  0  0  0  0  0
    5.5871    2.1326   -0.1933 H   0  0  0  0  0  0  0  0  0  0  0  0
    7.1308    0.2778   -0.6267 H   0  0  0  0  0  0  0  0  0  0  0  0
    6.3251   -2.0441   -0.6504 H   0  0  0  0  0  0  0  0  0  0  0  0
    3.9551   -2.5441   -0.2400 H   0  0  0  0  0  0  0  0  0  0  0  0
  1  2  2  0  0  0  0
  2  3  1  0  0  0  0
  3  4  1  0  0  0  0
  2  5  1  0  0  0  0
  5  6  1  0  0  0  0
  2  7  1  0  0  0  0
  7  8  1  0  0  0  0
  8  9  1  0  0  0  0
  9 10  1  0  0  0  0
 10 11  2  0  0  0  0
 11 12  1  0  0  0  0
 12 13  1  0  0  0  0
 13 14  2  0  0  0  0
 14 15  1  0  0  0  0
 15 16  2  0  0  0  0
 16 17  1  0  0  0  0
 12 17  2  0  0  0  0
 17 18  1  0  0  0  0
  9 18  1  0  0  0  0
 18 19  2  0  0  0  0
  4 20  1  0  0  0  0
  4 21  1  0  0  0  0
  4 22  1  0  0  0  0
  6 23  1  0  0  0  0
  6 24  1  0  0  0  0
  6 25  1  0  0  0  0
  8 26  1  0  0  0  0
  8 27  1  0  0  0  0
 13 28  1  0  0  0  0
 14 29  1  0  0  0  0
 15 30  1  0  0  0  0
 16 31  1  0  0  0  0
M  END
$$$$
