 
WItclserve11290013443D 0   0.00000     0.00000cramer
 
 29 31  0  0  0  0  0  0  0  0  1 V2000
    0.0185   -2.4322    0.0009 O   0  0  0  0  0  0  0  0  0  0  0  0
    0.2393   -1.2367    0.0010 C   0  0  0  0  0  0  0  0  0  0  0  0
    1.6322   -0.7416   -0.0003 C   0  0  0  0  0  0  0  0  0  0  0  0
    2.6960   -1.6391   -0.0009 C   0  0  0  0  0  0  0  0  0  0  0  0
    3.9967   -1.1671   -0.0017 C   0  0  0  0  0  0  0  0  0  0  0  0
    4.2484    0.1929   -0.0019 C   0  0  0  0  0  0  0  0  0  0  0  0
    3.2028    1.0990   -0.0009 C   0  0  0  0  0  0  0  0  0  0  0  0
    1.8880    0.6411   -0.0005 C   0  0  0  0  0  0  0  0  0  0  0  0
    0.7645    1.6010    0.0002 C   0  0  0  0  0  0  0  0  0  0  0  0
    0.9846    2.7960    0.0003 O   0  0  0  0  0  0  0  0  0  0  0  0
   -0.6272    1.1043    0.0004 C   0  0  0  0  0  0  0  0  0  0  0  0
   -1.6909    1.9997    0.0014 C   0  0  0  0  0  0  0  0  0  0  0  0
   -2.9957    1.5301    0.0020 C   0  0  0  0  0  0  0  0  0  0  0  0
   -3.2539    0.1761    0.0015 C   0  0  0  0  0  0  0  0  0  0  0  0
   -4.6785   -0.3155    0.0021 C   0  0  0  0  0  0  0  0  0  0  0  0
   -2.2030   -0.7416    0.0001 C   0  0  0  0  0  0  0  0  0  0  0  0
   -2.4665   -2.1024   -0.0008 N   0  0  0  0  0  0  0  0  0  0  0  0
   -0.8804   -0.2807   -0.0036 C   0  0  0  0  0  0  0  0  0  0  0  0
    2.5064   -2.7024   -0.0003 H   0  0  0  0  0  0  0  0  0  0  0  0
    4.8207   -1.8652   -0.0017 H   0  0  0  0  0  0  0  0  0  0  0  0
    5.2677    0.5498   -0.0026 H   0  0  0  0  0  0  0  0  0  0  0  0
    3.4062    2.1596   -0.0005 H   0  0  0  0  0  0  0  0  0  0  0  0
   -1.5007    3.0628    0.0020 H   0  0  0  0  0  0  0  0  0  0  0  0
   -3.8169    2.2315    0.0031 H   0  0  0  0  0  0  0  0  0  0  0  0
   -5.0225   -0.4336   -1.0254 H   0  0  0  0  0  0  0  0  0  0  0  0
   -4.7313   -1.2755    0.5156 H   0  0  0  0  0  0  0  0  0  0  0  0
   -5.3119    0.4071    0.5166 H   0  0  0  0  0  0  0  0  0  0  0  0
   -3.3042   -2.4340   -0.3603 H   0  0  0  0  0  0  0  0  0  0  0  0
   -1.8132   -2.7232    0.3581 H   0  0  0  0  0  0  0  0  0  0  0  0
  1  2  2  0  0  0  0
  2  3  1  0  0  0  0
  3  4  1  0  0  0  0
  4  5  2  0  0  0  0
  5  6  1  0  0  0  0
  6  7  2  0  0  0  0
  7  8  1  0  0  0  0
  3  8  2  0  0  0  0
  8  9  1  0  0  0  0
  9 10  2  0  0  0  0
  9 11  1  0  0  0  0
 11 12  1  0  0  0  0
 12 13  2  0  0  0  0
 13 14  1  0  0  0  0
 14 15  1  0  0  0  0
 14 16  2  0  0  0  0
 16 17  1  0  0  0  0
 16 18  1  0  0  0  0
  2 18  1  0  0  0  0
 11 18  2  0  0  0  0
  4 19  1  0  0  0  0
  5 20  1  0  0  0  0
  6 21  1  0  0  0  0
  7 22  1  0  0  0  0
 12 23  1  0  0  0  0
 13 24  1  0  0  0  0
 15 25  1  0  0  0  0
 15 26  1  0  0  0  0
 15 27  1  0  0  0  0
 17 28  1  0  0  0  0
 17 29  1  0  0  0  0
M  END
$$$$
