 
WItclserve11290013443D 0   0.00000     0.00000cramer
 
 40 40  0  0  0  0  0  0  0  0  1 V2000
   -2.5070   -0.5855   -0.0079 C   0  0  0  0  0  0  0  0  0  0  0  0
   -3.6684    0.4104   -0.0028 C   0  0  0  0  0  0  0  0  0  0  0  0
   -2.5892   -1.4712    1.2370 C   0  0  0  0  0  0  0  0  0  0  0  0
   -2.5894   -1.4588   -1.2614 C   0  0  0  0  0  0  0  0  0  0  0  0
   -1.2007    0.1661   -0.0043 C   0  0  0  0  0  0  0  0  0  0  0  0
   -1.1981    1.5477    0.0026 C   0  0  0  0  0  0  0  0  0  0  0  0
   -0.0001    2.2377    0.0059 C   0  0  0  0  0  0  0  0  0  0  0  0
   -0.0001    3.7447    0.0134 C   0  0  0  0  0  0  0  0  0  0  0  0
    1.1981    1.5475    0.0028 C   0  0  0  0  0  0  0  0  0  0  0  0
    1.2008    0.1663   -0.0040 C   0  0  0  0  0  0  0  0  0  0  0  0
   -0.0002   -0.5287   -0.0020 C   0  0  0  0  0  0  0  0  0  0  0  0
   -0.0002   -1.8877   -0.0084 O   0  0  0  0  0  0  0  0  0  0  0  0
    2.5070   -0.5853   -0.0079 C   0  0  0  0  0  0  0  0  0  0  0  0
    3.6685    0.4106   -0.0031 C   0  0  0  0  0  0  0  0  0  0  0  0
    2.5895   -1.4710    1.2370 C   0  0  0  0  0  0  0  0  0  0  0  0
    2.5892   -1.4586   -1.2615 C   0  0  0  0  0  0  0  0  0  0  0  0
   -4.6132   -0.1332   -0.0054 H   0  0  0  0  0  0  0  0  0  0  0  0
   -3.6097    1.0326    0.8903 H   0  0  0  0  0  0  0  0  0  0  0  0
   -3.6099    1.0414   -0.8897 H   0  0  0  0  0  0  0  0  0  0  0  0
   -2.5304   -0.8490    2.1301 H   0  0  0  0  0  0  0  0  0  0  0  0
   -3.5339   -2.0148    1.2344 H   0  0  0  0  0  0  0  0  0  0  0  0
   -1.7617   -2.1807    1.2334 H   0  0  0  0  0  0  0  0  0  0  0  0
   -3.5342   -2.0024   -1.2640 H   0  0  0  0  0  0  0  0  0  0  0  0
   -2.5309   -0.8278   -2.1483 H   0  0  0  0  0  0  0  0  0  0  0  0
   -1.7620   -2.1683   -1.2650 H   0  0  0  0  0  0  0  0  0  0  0  0
   -2.1326    2.0891    0.0050 H   0  0  0  0  0  0  0  0  0  0  0  0
    0.0000    4.1030    1.0428 H   0  0  0  0  0  0  0  0  0  0  0  0
    0.8898    4.1106   -0.4987 H   0  0  0  0  0  0  0  0  0  0  0  0
   -0.8902    4.1106   -0.4986 H   0  0  0  0  0  0  0  0  0  0  0  0
    2.1326    2.0888    0.0054 H   0  0  0  0  0  0  0  0  0  0  0  0
    0.0038   -2.1714    0.9161 H   0  0  0  0  0  0  0  0  0  0  0  0
    4.6132   -0.1330   -0.0059 H   0  0  0  0  0  0  0  0  0  0  0  0
    3.6097    1.0416   -0.8899 H   0  0  0  0  0  0  0  0  0  0  0  0
    3.6099    1.0328    0.8900 H   0  0  0  0  0  0  0  0  0  0  0  0
    3.5342   -2.0146    1.2342 H   0  0  0  0  0  0  0  0  0  0  0  0
    2.5309   -0.8489    2.1300 H   0  0  0  0  0  0  0  0  0  0  0  0
    1.7620   -2.1805    1.2335 H   0  0  0  0  0  0  0  0  0  0  0  0
    3.5340   -2.0022   -1.2643 H   0  0  0  0  0  0  0  0  0  0  0  0
    1.7617   -2.1681   -1.2649 H   0  0  0  0  0  0  0  0  0  0  0  0
    2.5305   -0.8276   -2.1483 H   0  0  0  0  0  0  0  0  0  0  0  0
  1  2  1  0  0  0  0
  1  3  1  0  0  0  0
  1  4  1  0  0  0  0
  1  5  1  0  0  0  0
  5  6  1  0  0  0  0
  6  7  2  0  0  0  0
  7  8  1  0  0  0  0
  7  9  1  0  0  0  0
  9 10  2  0  0  0  0
 10 11  1  0  0  0  0
  5 11  2  0  0  0  0
 11 12  1  0  0  0  0
 10 13  1  0  0  0  0
 13 14  1  0  0  0  0
 13 15  1  0  0  0  0
 13 16  1  0  0  0  0
  2 17  1  0  0  0  0
  2 18  1  0  0  0  0
  2 19  1  0  0  0  0
  3 20  1  0  0  0  0
  3 21  1  0  0  0  0
  3 22  1  0  0  0  0
  4 23  1  0  0  0  0
  4 24  1  0  0  0  0
  4 25  1  0  0  0  0
  6 26  1  0  0  0  0
  8 27  1  0  0  0  0
  8 28  1  0  0  0  0
  8 29  1  0  0  0  0
  9 30  1  0  0  0  0
 12 31  1  0  0  0  0
 14 32  1  0  0  0  0
 14 33  1  0  0  0  0
 14 34  1  0  0  0  0
 15 35  1  0  0  0  0
 15 36  1  0  0  0  0
 15 37  1  0  0  0  0
 16 38  1  0  0  0  0
 16 39  1  0  0  0  0
 16 40  1  0  0  0  0
M  END
$$$$
