 
WItclserve11290013443D 0   0.00000     0.00000cramer
 
 13 13  0  0  0  0  0  0  0  0  1 V2000
   -1.1639    1.1981   -0.0043 C   0  0  0  0  0  0  0  0  0  0  0  0
   -1.8541   -0.0002   -0.0133 C   0  0  0  0  0  0  0  0  0  0  0  0
   -1.1640   -1.1981   -0.0049 C   0  0  0  0  0  0  0  0  0  0  0  0
    0.2176   -1.2007    0.0125 C   0  0  0  0  0  0  0  0  0  0  0  0
    0.9122   -0.0001    0.0211 C   0  0  0  0  0  0  0  0  0  0  0  0
    0.2172    1.2009    0.0126 C   0  0  0  0  0  0  0  0  0  0  0  0
    2.2710    0.0000    0.0388 O   0  0  0  0  0  0  0  0  0  0  0  0
   -1.7052    2.1326   -0.0151 H   0  0  0  0  0  0  0  0  0  0  0  0
   -2.9340   -0.0002   -0.0266 H   0  0  0  0  0  0  0  0  0  0  0  0
   -1.7053   -2.1326   -0.0116 H   0  0  0  0  0  0  0  0  0  0  0  0
    0.7562   -2.1368    0.0198 H   0  0  0  0  0  0  0  0  0  0  0  0
    0.7558    2.1370    0.0190 H   0  0  0  0  0  0  0  0  0  0  0  0
    2.5625   -0.0003   -0.8833 H   0  0  0  0  0  0  0  0  0  0  0  0
  1  2  1  0  0  0  0
  2  3  2  0  0  0  0
  3  4  1  0  0  0  0
  4  5  2  0  0  0  0
  5  6  1  0  0  0  0
  1  6  2  0  0  0  0
  5  7  1  0  0  0  0
  1  8  1  0  0  0  0
  2  9  1  0  0  0  0
  3 10  1  0  0  0  0
  4 11  1  0  0  0  0
  6 12  1  0  0  0  0
  7 13  1  0  0  0  0
M  END
$$$$
