 
WItclserve11290013453D 0   0.00000     0.00000cramer
 
 40 41  0  0  0  0  0  0  0  0  1 V2000
   -0.6354    0.9400    0.3231 O   0  0  0  0  0  0  0  0  0  0  0  0
   -1.6606    0.8147    1.3107 C   0  0  0  0  0  0  0  0  0  0  0  0
   -2.8880    1.6183    0.8765 C   0  0  0  0  0  0  0  0  0  0  0  0
   -3.4458    1.0354   -0.3511 N   0  0  0  0  0  0  0  0  0  0  0  0
   -4.1624   -0.1832    0.0481 C   0  0  0  0  0  0  0  0  0  0  0  0
   -4.4586    1.9785   -0.8438 C   0  0  0  0  0  0  0  0  0  0  0  0
    0.4779    0.1716    0.7837 C   0  0  0  0  0  0  0  0  0  0  0  0
    0.3597   -1.2408    0.2717 C   0  0  0  0  0  0  0  0  0  0  0  0
   -0.2723   -1.4889   -0.9326 C   0  0  0  0  0  0  0  0  0  0  0  0
   -0.3807   -2.7843   -1.4022 C   0  0  0  0  0  0  0  0  0  0  0  0
    0.1432   -3.8320   -0.6678 C   0  0  0  0  0  0  0  0  0  0  0  0
    0.7759   -3.5839    0.5358 C   0  0  0  0  0  0  0  0  0  0  0  0
    0.8881   -2.2876    1.0034 C   0  0  0  0  0  0  0  0  0  0  0  0
    1.7568    0.7851    0.2746 C   0  0  0  0  0  0  0  0  0  0  0  0
    2.9212    0.6668    1.0105 C   0  0  0  0  0  0  0  0  0  0  0  0
    4.0940    1.2295    0.5435 C   0  0  0  0  0  0  0  0  0  0  0  0
    4.1029    1.9104   -0.6597 C   0  0  0  0  0  0  0  0  0  0  0  0
    2.9391    2.0279   -1.3959 C   0  0  0  0  0  0  0  0  0  0  0  0
    1.7668    1.4613   -0.9309 C   0  0  0  0  0  0  0  0  0  0  0  0
   -1.9335   -0.2350    1.4199 H   0  0  0  0  0  0  0  0  0  0  0  0
   -1.2952    1.1961    2.2642 H   0  0  0  0  0  0  0  0  0  0  0  0
   -3.6389    1.5898    1.6661 H   0  0  0  0  0  0  0  0  0  0  0  0
   -2.5976    2.6520    0.6885 H   0  0  0  0  0  0  0  0  0  0  0  0
   -4.9555    0.0750    0.7498 H   0  0  0  0  0  0  0  0  0  0  0  0
   -4.5967   -0.6546   -0.8336 H   0  0  0  0  0  0  0  0  0  0  0  0
   -3.4668   -0.8743    0.5242 H   0  0  0  0  0  0  0  0  0  0  0  0
   -4.9612    1.5513   -1.7116 H   0  0  0  0  0  0  0  0  0  0  0  0
   -5.1896    2.1698   -0.0582 H   0  0  0  0  0  0  0  0  0  0  0  0
   -3.9765    2.9141   -1.1272 H   0  0  0  0  0  0  0  0  0  0  0  0
    0.4877    0.1633    1.8736 H   0  0  0  0  0  0  0  0  0  0  0  0
   -0.6816   -0.6705   -1.5064 H   0  0  0  0  0  0  0  0  0  0  0  0
   -0.8751   -2.9782   -2.3427 H   0  0  0  0  0  0  0  0  0  0  0  0
    0.0579   -4.8443   -1.0344 H   0  0  0  0  0  0  0  0  0  0  0  0
    1.1848   -4.4023    1.1096 H   0  0  0  0  0  0  0  0  0  0  0  0
    1.3825   -2.0937    1.9438 H   0  0  0  0  0  0  0  0  0  0  0  0
    2.9142    0.1349    1.9504 H   0  0  0  0  0  0  0  0  0  0  0  0
    5.0035    1.1376    1.1188 H   0  0  0  0  0  0  0  0  0  0  0  0
    5.0192    2.3507   -1.0243 H   0  0  0  0  0  0  0  0  0  0  0  0
    2.9460    2.5601   -2.3356 H   0  0  0  0  0  0  0  0  0  0  0  0
    0.8574    1.5531   -1.5061 H   0  0  0  0  0  0  0  0  0  0  0  0
  1  2  1  0  0  0  0
  2  3  1  0  0  0  0
  3  4  1  0  0  0  0
  4  5  1  0  0  0  0
  4  6  1  0  0  0  0
  1  7  1  0  0  0  0
  7  8  1  0  0  0  0
  8  9  1  0  0  0  0
  9 10  2  0  0  0  0
 10 11  1  0  0  0  0
 11 12  2  0  0  0  0
 12 13  1  0  0  0  0
  8 13  2  0  0  0  0
  7 14  1  0  0  0  0
 14 15  1  0  0  0  0
 15 16  2  0  0  0  0
 16 17  1  0  0  0  0
 17 18  2  0  0  0  0
 18 19  1  0  0  0  0
 14 19  2  0  0  0  0
  2 20  1  0  0  0  0
  2 21  1  0  0  0  0
  3 22  1  0  0  0  0
  3 23  1  0  0  0  0
  5 24  1  0  0  0  0
  5 25  1  0  0  0  0
  5 26  1  0  0  0  0
  6 27  1  0  0  0  0
  6 28  1  0  0  0  0
  6 29  1  0  0  0  0
  7 30  1  0  0  0  0
  9 31  1  0  0  0  0
 10 32  1  0  0  0  0
 11 33  1  0  0  0  0
 12 34  1  0  0  0  0
 13 35  1  0  0  0  0
 15 36  1  0  0  0  0
 16 37  1  0  0  0  0
 17 38  1  0  0  0  0
 18 39  1  0  0  0  0
 19 40  1  0  0  0  0
M  END
$$$$
