 
WItclserve11290013453D 0   0.00000     0.00000cramer
 
 38 38  0  0  0  0  0  0  0  0  1 V2000
   -1.2345    0.2669   -1.2154 S   0  0  0  0  0  0  0  0  0  0  0  0
   -1.3696   -0.7792   -2.1676 O   0  0  0  0  0  0  0  0  0  0  0  0
   -1.5431    1.6345   -1.4468 O   0  0  0  0  0  0  0  0  0  0  0  0
   -2.1525   -0.1877    0.0857 N   0  0  0  0  0  0  0  0  0  0  0  0
   -2.5429    0.8054    1.0895 C   0  0  0  0  0  0  0  0  0  0  0  0
   -3.9371    1.3426    0.7601 C   0  0  0  0  0  0  0  0  0  0  0  0
   -4.2939    2.4668    1.7347 C   0  0  0  0  0  0  0  0  0  0  0  0
   -2.5742   -1.5829    0.2330 C   0  0  0  0  0  0  0  0  0  0  0  0
   -1.5206   -2.3525    1.0320 C   0  0  0  0  0  0  0  0  0  0  0  0
   -1.9611   -3.8097    1.1859 C   0  0  0  0  0  0  0  0  0  0  0  0
    0.4522    0.2362   -0.7066 C   0  0  0  0  0  0  0  0  0  0  0  0
    1.1940   -0.9232   -0.8503 C   0  0  0  0  0  0  0  0  0  0  0  0
    2.5147   -0.9542   -0.4541 C   0  0  0  0  0  0  0  0  0  0  0  0
    3.1032    0.1880    0.0928 C   0  0  0  0  0  0  0  0  0  0  0  0
    2.3492    1.3544    0.2345 C   0  0  0  0  0  0  0  0  0  0  0  0
    1.0304    1.3729   -0.1705 C   0  0  0  0  0  0  0  0  0  0  0  0
    4.5172    0.1621    0.5198 C   0  0  0  0  0  0  0  0  0  0  0  0
    5.1706   -0.8543    0.3957 O   0  0  0  0  0  0  0  0  0  0  0  0
    5.0819    1.2657    1.0470 O   0  0  0  0  0  0  0  0  0  0  0  0
   -2.5563    0.3400    2.0750 H   0  0  0  0  0  0  0  0  0  0  0  0
   -1.8267    1.6271    1.0854 H   0  0  0  0  0  0  0  0  0  0  0  0
   -3.9463    1.7288   -0.2591 H   0  0  0  0  0  0  0  0  0  0  0  0
   -4.6671    0.5382    0.8504 H   0  0  0  0  0  0  0  0  0  0  0  0
   -3.5640    3.2712    1.6444 H   0  0  0  0  0  0  0  0  0  0  0  0
   -5.2872    2.8495    1.5000 H   0  0  0  0  0  0  0  0  0  0  0  0
   -4.2848    2.0806    2.7539 H   0  0  0  0  0  0  0  0  0  0  0  0
   -3.5282   -1.6205    0.7589 H   0  0  0  0  0  0  0  0  0  0  0  0
   -2.6847   -2.0351   -0.7526 H   0  0  0  0  0  0  0  0  0  0  0  0
   -0.5667   -2.3149    0.5061 H   0  0  0  0  0  0  0  0  0  0  0  0
   -1.4102   -1.9003    2.0177 H   0  0  0  0  0  0  0  0  0  0  0  0
   -2.0715   -4.2618    0.2002 H   0  0  0  0  0  0  0  0  0  0  0  0
   -1.2105   -4.3580    1.7551 H   0  0  0  0  0  0  0  0  0  0  0  0
   -2.9151   -3.8473    1.7118 H   0  0  0  0  0  0  0  0  0  0  0  0
    0.7376   -1.8059   -1.2734 H   0  0  0  0  0  0  0  0  0  0  0  0
    3.0923   -1.8599   -0.5661 H   0  0  0  0  0  0  0  0  0  0  0  0
    2.7982    2.2412    0.6569 H   0  0  0  0  0  0  0  0  0  0  0  0
    0.4461    2.2746   -0.0617 H   0  0  0  0  0  0  0  0  0  0  0  0
    6.0074    1.2488    1.3265 H   0  0  0  0  0  0  0  0  0  0  0  0
  1  2  2  0  0  0  0
  1  3  2  0  0  0  0
  1  4  1  0  0  0  0
  4  5  1  0  0  0  0
  5  6  1  0  0  0  0
  6  7  1  0  0  0  0
  4  8  1  0  0  0  0
  8  9  1  0  0  0  0
  9 10  1  0  0  0  0
  1 11  1  0  0  0  0
 11 12  1  0  0  0  0
 12 13  2  0  0  0  0
 13 14  1  0  0  0  0
 14 15  2  0  0  0  0
 15 16  1  0  0  0  0
 11 16  2  0  0  0  0
 14 17  1  0  0  0  0
 17 18  2  0  0  0  0
 17 19  1  0  0  0  0
  5 20  1  0  0  0  0
  5 21  1  0  0  0  0
  6 22  1  0  0  0  0
  6 23  1  0  0  0  0
  7 24  1  0  0  0  0
  7 25  1  0  0  0  0
  7 26  1  0  0  0  0
  8 27  1  0  0  0  0
  8 28  1  0  0  0  0
  9 29  1  0  0  0  0
  9 30  1  0  0  0  0
 10 31  1  0  0  0  0
 10 32  1  0  0  0  0
 10 33  1  0  0  0  0
 12 34  1  0  0  0  0
 13 35  1  0  0  0  0
 15 36  1  0  0  0  0
 16 37  1  0  0  0  0
 19 38  1  0  0  0  0
M  END
$$$$
