 
WItclserve11290013453D 0   0.00000     0.00000cramer
 
 25 26  0  0  0  0  0  0  0  0  1 V2000
    0.0000    1.8287    0.0001 S   0  0  0  0  0  0  0  0  0  0  0  0
   -0.0001    2.4809   -1.2624 O   0  0  0  0  0  0  0  0  0  0  0  0
    0.0000    2.4808    1.2627 O   0  0  0  0  0  0  0  0  0  0  0  0
   -1.4200    0.7855    0.0001 C   0  0  0  0  0  0  0  0  0  0  0  0
   -1.9769    0.3763    1.1976 C   0  0  0  0  0  0  0  0  0  0  0  0
   -3.0906   -0.4418    1.1983 C   0  0  0  0  0  0  0  0  0  0  0  0
   -3.6487   -0.8512    0.0001 C   0  0  0  0  0  0  0  0  0  0  0  0
   -5.0481   -1.8785    0.0000 Cl  0  0  0  0  0  0  0  0  0  0  0  0
   -3.0914   -0.4411   -1.1978 C   0  0  0  0  0  0  0  0  0  0  0  0
   -1.9802    0.3813   -1.1971 C   0  0  0  0  0  0  0  0  0  0  0  0
    1.4200    0.7856    0.0000 C   0  0  0  0  0  0  0  0  0  0  0  0
    1.9769    0.3765   -1.1976 C   0  0  0  0  0  0  0  0  0  0  0  0
    3.0906   -0.4416   -1.1983 C   0  0  0  0  0  0  0  0  0  0  0  0
    3.6487   -0.8511   -0.0002 C   0  0  0  0  0  0  0  0  0  0  0  0
    5.0481   -1.8784   -0.0003 Cl  0  0  0  0  0  0  0  0  0  0  0  0
    3.0914   -0.4412    1.1977 C   0  0  0  0  0  0  0  0  0  0  0  0
    1.9802    0.3812    1.1971 C   0  0  0  0  0  0  0  0  0  0  0  0
   -1.5412    0.6959    2.1328 H   0  0  0  0  0  0  0  0  0  0  0  0
   -3.5250   -0.7620    2.1337 H   0  0  0  0  0  0  0  0  0  0  0  0
   -3.5263   -0.7605   -2.1333 H   0  0  0  0  0  0  0  0  0  0  0  0
   -1.5452    0.7018   -2.1322 H   0  0  0  0  0  0  0  0  0  0  0  0
    1.5412    0.6962   -2.1327 H   0  0  0  0  0  0  0  0  0  0  0  0
    3.5251   -0.7616   -2.1339 H   0  0  0  0  0  0  0  0  0  0  0  0
    3.5263   -0.7608    2.1331 H   0  0  0  0  0  0  0  0  0  0  0  0
    1.5452    0.7016    2.1323 H   0  0  0  0  0  0  0  0  0  0  0  0
  1  2  2  0  0  0  0
  1  3  2  0  0  0  0
  1  4  1  0  0  0  0
  4  5  1  0  0  0  0
  5  6  2  0  0  0  0
  6  7  1  0  0  0  0
  7  8  1  0  0  0  0
  7  9  2  0  0  0  0
  9 10  1  0  0  0  0
  4 10  2  0  0  0  0
  1 11  1  0  0  0  0
 11 12  1  0  0  0  0
 12 13  2  0  0  0  0
 13 14  1  0  0  0  0
 14 15  1  0  0  0  0
 14 16  2  0  0  0  0
 16 17  1  0  0  0  0
 11 17  2  0  0  0  0
  5 18  1  0  0  0  0
  6 19  1  0  0  0  0
  9 20  1  0  0  0  0
 10 21  1  0  0  0  0
 12 22  1  0  0  0  0
 13 23  1  0  0  0  0
 16 24  1  0  0  0  0
 17 25  1  0  0  0  0
M  END
$$$$
