 
WItclserve11290013443D 0   0.00000     0.00000cramer
 
 12 12  0  0  0  0  0  0  0  0  2 V2000
    2.5383   -1.1583    0.0042 O   0  5  0  0  0  0  0  0  0  0  0  0
    2.0844   -0.0281    0.0025 N   0  3  0  0  0  0  0  0  0  0  0  0
    2.8362    0.9302   -0.0040 O   0  0  0  0  0  0  0  0  0  0  0  0
    0.6186    0.1810    0.0021 C   0  0  0  0  0  0  0  0  0  0  0  0
   -0.0895    1.3355    0.0003 C   0  0  0  0  0  0  0  0  0  0  0  0
   -1.4075    1.2655    0.0004 N   0  0  0  0  0  0  0  0  0  0  0  0
   -2.0292    0.1018    0.0022 C   0  0  0  0  0  0  0  0  0  0  0  0
   -3.3907   -0.1582    0.0019 N   0  0  0  0  0  0  0  0  0  0  0  0
   -0.7041   -1.0204   -0.0040 S   0  0  0  0  0  0  0  0  0  0  0  0
    0.4129    2.2915   -0.0008 H   0  0  0  0  0  0  0  0  0  0  0  0
   -4.0247    0.5760    0.0005 H   0  0  0  0  0  0  0  0  0  0  0  0
   -3.7095   -1.0743    0.0030 H   0  0  0  0  0  0  0  0  0  0  0  0
  1  2  1  0  0  0  0
  2  3  2  0  0  0  0
  2  4  1  0  0  0  0
  4  5  2  0  0  0  0
  5  6  1  0  0  0  0
  6  7  2  0  0  0  0
  7  8  1  0  0  0  0
  7  9  1  0  0  0  0
  4  9  1  0  0  0  0
  5 10  1  0  0  0  0
  8 11  1  0  0  0  0
  8 12  1  0  0  0  0
M  CHG  2   1  -1   2   1
M  END
$$$$
