 
WItclserve11290013443D 0   0.00000     0.00000cramer
 
 19 19  0  0  0  0  0  0  0  0  2 V2000
    1.1846   -1.7343    0.0341 C   0  0  0  0  0  0  0  0  0  0  0  0
   -0.0219   -2.4170    0.0478 C   0  0  0  0  0  0  0  0  0  0  0  0
   -1.2130   -1.7259    0.0345 C   0  0  0  0  0  0  0  0  0  0  0  0
   -1.2080   -0.3282    0.0077 C   0  0  0  0  0  0  0  0  0  0  0  0
   -2.4782    0.4174   -0.0061 C   0  0  0  0  0  0  0  0  0  0  0  0
   -2.4711    1.6309    0.0587 O   0  0  0  0  0  0  0  0  0  0  0  0
   -3.6482   -0.2461   -0.0906 O   0  0  0  0  0  0  0  0  0  0  0  0
    0.0156    0.3602   -0.0056 C   0  0  0  0  0  0  0  0  0  0  0  0
    0.0353    1.7481   -0.0318 N   0  0  0  0  0  0  0  0  0  0  0  0
    1.2068   -0.3552    0.0077 C   0  0  0  0  0  0  0  0  0  0  0  0
    2.5009    0.3632   -0.0062 N   0  3  0  0  0  0  0  0  0  0  0  0
    3.5426   -0.2603   -0.1051 O   0  0  0  0  0  0  0  0  0  0  0  0
    2.5241    1.5778    0.0813 O   0  5  0  0  0  0  0  0  0  0  0  0
    2.1132   -2.2856    0.0489 H   0  0  0  0  0  0  0  0  0  0  0  0
   -0.0276   -3.4968    0.0685 H   0  0  0  0  0  0  0  0  0  0  0  0
   -2.1499   -2.2631    0.0445 H   0  0  0  0  0  0  0  0  0  0  0  0
   -4.4820    0.2435   -0.0996 H   0  0  0  0  0  0  0  0  0  0  0  0
   -0.6485    2.2518    0.4368 H   0  0  0  0  0  0  0  0  0  0  0  0
    0.7329    2.2142   -0.5187 H   0  0  0  0  0  0  0  0  0  0  0  0
  1  2  1  0  0  0  0
  2  3  2  0  0  0  0
  3  4  1  0  0  0  0
  4  5  1  0  0  0  0
  5  6  2  0  0  0  0
  5  7  1  0  0  0  0
  4  8  2  0  0  0  0
  8  9  1  0  0  0  0
  8 10  1  0  0  0  0
  1 10  2  0  0  0  0
 10 11  1  0  0  0  0
 11 12  2  0  0  0  0
 11 13  1  0  0  0  0
  1 14  1  0  0  0  0
  2 15  1  0  0  0  0
  3 16  1  0  0  0  0
  7 17  1  0  0  0  0
  9 18  1  0  0  0  0
  9 19  1  0  0  0  0
M  CHG  2  11   1  13  -1
M  END
$$$$
