 
WItclserve11290013453D 0   0.00000     0.00000cramer
 
 11 11  0  0  0  0  0  0  0  0  1 V2000
   -1.6425    0.8625    0.0003 C   0  0  0  0  0  0  0  0  0  0  0  0
   -1.9707   -0.4499    0.0001 C   0  0  0  0  0  0  0  0  0  0  0  0
   -0.7730   -1.1772   -0.0002 C   0  0  0  0  0  0  0  0  0  0  0  0
    0.2496   -0.2495   -0.0003 C   0  0  0  0  0  0  0  0  0  0  0  0
   -0.3093    0.9796    0.0001 O   0  0  0  0  0  0  0  0  0  0  0  0
    1.6335   -0.5353    0.0001 C   0  0  0  0  0  0  0  0  0  0  0  0
    2.4409    0.3718    0.0000 O   0  0  0  0  0  0  0  0  0  0  0  0
   -2.3438    1.6839   -0.0035 H   0  0  0  0  0  0  0  0  0  0  0  0
   -2.9696   -0.8606    0.0006 H   0  0  0  0  0  0  0  0  0  0  0  0
   -0.6700   -2.2523    0.0001 H   0  0  0  0  0  0  0  0  0  0  0  0
    1.9732   -1.5605    0.0004 H   0  0  0  0  0  0  0  0  0  0  0  0
  1  2  2  0  0  0  0
  2  3  1  0  0  0  0
  3  4  2  0  0  0  0
  4  5  1  0  0  0  0
  1  5  1  0  0  0  0
  4  6  1  0  0  0  0
  6  7  2  0  0  0  0
  1  8  1  0  0  0  0
  2  9  1  0  0  0  0
  3 10  1  0  0  0  0
  6 11  1  0  0  0  0
M  END
$$$$
