 
WItclserve11290013443D 0   0.00000     0.00000cramer
 
 30 32  0  0  0  0  0  0  0  0  1 V2000
   -1.0869   -2.5843    0.4521 C   0  0  0  0  0  0  0  0  0  0  0  0
   -1.2685   -3.2469   -0.9150 C   0  0  0  0  0  0  0  0  0  0  0  0
   -0.6662   -1.1931    0.2685 N   0  0  0  0  0  0  0  0  0  0  0  0
   -1.5256   -0.1152    0.1558 C   0  0  0  0  0  0  0  0  0  0  0  0
   -2.9138   -0.0175    0.1774 C   0  0  0  0  0  0  0  0  0  0  0  0
   -3.5212    1.2117    0.0389 C   0  0  0  0  0  0  0  0  0  0  0  0
   -2.7609    2.3600   -0.1223 C   0  0  0  0  0  0  0  0  0  0  0  0
   -1.3851    2.2838   -0.1459 C   0  0  0  0  0  0  0  0  0  0  0  0
   -0.7582    1.0476   -0.0075 C   0  0  0  0  0  0  0  0  0  0  0  0
    0.6542    0.6240    0.0104 C   0  0  0  0  0  0  0  0  0  0  0  0
    1.8602    1.3109   -0.1047 C   0  0  0  0  0  0  0  0  0  0  0  0
    3.0551    0.6141   -0.0481 C   0  0  0  0  0  0  0  0  0  0  0  0
    4.2702    1.2995   -0.1628 N   0  0  0  0  0  0  0  0  0  0  0  0
    3.0496   -0.7672    0.1232 C   0  0  0  0  0  0  0  0  0  0  0  0
    1.8600   -1.4531    0.2378 C   0  0  0  0  0  0  0  0  0  0  0  0
    0.6506   -0.7672    0.1887 C   0  0  0  0  0  0  0  0  0  0  0  0
   -2.0310   -2.6096    0.9963 H   0  0  0  0  0  0  0  0  0  0  0  0
   -0.3266   -3.1222    1.0184 H   0  0  0  0  0  0  0  0  0  0  0  0
   -1.5816   -4.2820   -0.7784 H   0  0  0  0  0  0  0  0  0  0  0  0
   -2.0289   -2.7091   -1.4813 H   0  0  0  0  0  0  0  0  0  0  0  0
   -0.3245   -3.2217   -1.4593 H   0  0  0  0  0  0  0  0  0  0  0  0
   -3.5155   -0.9056    0.3024 H   0  0  0  0  0  0  0  0  0  0  0  0
   -4.5988    1.2813    0.0558 H   0  0  0  0  0  0  0  0  0  0  0  0
   -3.2486    3.3176   -0.2302 H   0  0  0  0  0  0  0  0  0  0  0  0
   -0.7950    3.1795   -0.2712 H   0  0  0  0  0  0  0  0  0  0  0  0
    1.8632    2.3827   -0.2380 H   0  0  0  0  0  0  0  0  0  0  0  0
    5.1078    0.8118   -0.1231 H   0  0  0  0  0  0  0  0  0  0  0  0
    4.2747    2.2622   -0.2818 H   0  0  0  0  0  0  0  0  0  0  0  0
    3.9849   -1.3055    0.1663 H   0  0  0  0  0  0  0  0  0  0  0  0
    1.8666   -2.5250    0.3701 H   0  0  0  0  0  0  0  0  0  0  0  0
  1  2  1  0  0  0  0
  1  3  1  0  0  0  0
  3  4  1  0  0  0  0
  4  5  1  0  0  0  0
  5  6  2  0  0  0  0
  6  7  1  0  0  0  0
  7  8  2  0  0  0  0
  8  9  1  0  0  0  0
  4  9  2  0  0  0  0
  9 10  1  0  0  0  0
 10 11  2  0  0  0  0
 11 12  1  0  0  0  0
 12 13  1  0  0  0  0
 12 14  2  0  0  0  0
 14 15  1  0  0  0  0
 15 16  2  0  0  0  0
  3 16  1  0  0  0  0
 10 16  1  0  0  0  0
  1 17  1  0  0  0  0
  1 18  1  0  0  0  0
  2 19  1  0  0  0  0
  2 20  1  0  0  0  0
  2 21  1  0  0  0  0
  5 22  1  0  0  0  0
  6 23  1  0  0  0  0
  7 24  1  0  0  0  0
  8 25  1  0  0  0  0
 11 26  1  0  0  0  0
 13 27  1  0  0  0  0
 13 28  1  0  0  0  0
 14 29  1  0  0  0  0
 15 30  1  0  0  0  0
M  END
$$$$
