 
WItclserve11290013443D 0   0.00000     0.00000cramer
 
 21 21  0  0  0  0  0  0  0  0  1 V2000
   -2.4401    0.7854    0.0009 O   0  0  0  0  0  0  0  0  0  0  0  0
   -3.3014   -0.3549   -0.0001 C   0  0  0  0  0  0  0  0  0  0  0  0
   -1.1643    0.3143    0.0010 C   0  0  0  0  0  0  0  0  0  0  0  0
   -0.9302   -1.0530    0.0002 C   0  0  0  0  0  0  0  0  0  0  0  0
    0.3649   -1.5321   -0.0002 C   0  0  0  0  0  0  0  0  0  0  0  0
    1.4332   -0.6447    0.0003 C   0  0  0  0  0  0  0  0  0  0  0  0
    2.7460   -1.1294   -0.0005 N   0  0  0  0  0  0  0  0  0  0  0  0
    1.1980    0.7236    0.0011 C   0  0  0  0  0  0  0  0  0  0  0  0
    2.3564    1.6876    0.0011 C   0  0  0  0  0  0  0  0  0  0  0  0
   -0.0982    1.2012   -0.0039 C   0  0  0  0  0  0  0  0  0  0  0  0
   -3.1107   -0.9551    0.8895 H   0  0  0  0  0  0  0  0  0  0  0  0
   -4.3404   -0.0255   -0.0003 H   0  0  0  0  0  0  0  0  0  0  0  0
   -3.1101   -0.9539   -0.8904 H   0  0  0  0  0  0  0  0  0  0  0  0
   -1.7610   -1.7430    0.0002 H   0  0  0  0  0  0  0  0  0  0  0  0
    0.5470   -2.5967   -0.0004 H   0  0  0  0  0  0  0  0  0  0  0  0
    2.9100   -2.0854   -0.0014 H   0  0  0  0  0  0  0  0  0  0  0  0
    3.4919   -0.5093   -0.0002 H   0  0  0  0  0  0  0  0  0  0  0  0
    2.6352    1.9205   -1.0265 H   0  0  0  0  0  0  0  0  0  0  0  0
    2.0666    2.6038    0.5156 H   0  0  0  0  0  0  0  0  0  0  0  0
    3.2052    1.2356    0.5144 H   0  0  0  0  0  0  0  0  0  0  0  0
   -0.2813    2.2655   -0.0032 H   0  0  0  0  0  0  0  0  0  0  0  0
  1  2  1  0  0  0  0
  1  3  1  0  0  0  0
  3  4  1  0  0  0  0
  4  5  2  0  0  0  0
  5  6  1  0  0  0  0
  6  7  1  0  0  0  0
  6  8  2  0  0  0  0
  8  9  1  0  0  0  0
  8 10  1  0  0  0  0
  3 10  2  0  0  0  0
  2 11  1  0  0  0  0
  2 12  1  0  0  0  0
  2 13  1  0  0  0  0
  4 14  1  0  0  0  0
  5 15  1  0  0  0  0
  7 16  1  0  0  0  0
  7 17  1  0  0  0  0
  9 18  1  0  0  0  0
  9 19  1  0  0  0  0
  9 20  1  0  0  0  0
 10 21  1  0  0  0  0
M  END
$$$$
