 
WItclserve11290013453D 0   0.00000     0.00000cramer
 
 18 18  0  0  0  0  0  0  0  0  1 V2000
   -1.9619    0.0012   -0.5921 C   0  0  0  0  0  0  0  0  0  0  0  0
   -2.7401   -0.0009    0.7252 C   0  0  0  0  0  0  0  0  0  0  0  0
   -0.4831    0.0006   -0.3020 C   0  0  0  0  0  0  0  0  0  0  0  0
    0.1951   -1.1970   -0.1710 C   0  0  0  0  0  0  0  0  0  0  0  0
    1.5514   -1.1975    0.0951 C   0  0  0  0  0  0  0  0  0  0  0  0
    2.2299   -0.0004    0.2298 C   0  0  0  0  0  0  0  0  0  0  0  0
    1.5521    1.1968    0.0979 C   0  0  0  0  0  0  0  0  0  0  0  0
    0.1962    1.1973   -0.1726 C   0  0  0  0  0  0  0  0  0  0  0  0
   -2.2196   -0.8878   -1.1678 H   0  0  0  0  0  0  0  0  0  0  0  0
   -2.2195    0.8922   -1.1648 H   0  0  0  0  0  0  0  0  0  0  0  0
   -3.8097   -0.0005    0.5154 H   0  0  0  0  0  0  0  0  0  0  0  0
   -2.4825   -0.8919    1.2979 H   0  0  0  0  0  0  0  0  0  0  0  0
   -2.4824    0.8881    1.3009 H   0  0  0  0  0  0  0  0  0  0  0  0
   -0.3349   -2.1321   -0.2762 H   0  0  0  0  0  0  0  0  0  0  0  0
    2.0811   -2.1330    0.1982 H   0  0  0  0  0  0  0  0  0  0  0  0
    3.2896   -0.0009    0.4384 H   0  0  0  0  0  0  0  0  0  0  0  0
    2.0820    2.1319    0.2034 H   0  0  0  0  0  0  0  0  0  0  0  0
   -0.3335    2.1328   -0.2757 H   0  0  0  0  0  0  0  0  0  0  0  0
  1  2  1  0  0  0  0
  1  3  1  0  0  0  0
  3  4  1  0  0  0  0
  4  5  2  0  0  0  0
  5  6  1  0  0  0  0
  6  7  2  0  0  0  0
  7  8  1  0  0  0  0
  3  8  2  0  0  0  0
  1  9  1  0  0  0  0
  1 10  1  0  0  0  0
  2 11  1  0  0  0  0
  2 12  1  0  0  0  0
  2 13  1  0  0  0  0
  4 14  1  0  0  0  0
  5 15  1  0  0  0  0
  6 16  1  0  0  0  0
  7 17  1  0  0  0  0
  8 18  1  0  0  0  0
M  END
$$$$
