 
WItclserve11290013443D 0   0.00000     0.00000cramer
 
 20 21  0  0  0  0  0  0  0  0  2 V2000
   -2.0916    1.6168    0.6170 O   0  5  0  0  0  0  0  0  0  0  0  0
   -2.1437    0.5587    0.0161 N   0  3  0  0  0  0  0  0  0  0  0  0
   -3.1493    0.2581   -0.6018 O   0  0  0  0  0  0  0  0  0  0  0  0
   -0.9825   -0.3592    0.0317 C   0  0  0  0  0  0  0  0  0  0  0  0
   -1.1753   -1.7056    0.0871 C   0  0  0  0  0  0  0  0  0  0  0  0
   -0.0948   -2.5851    0.1021 C   0  0  0  0  0  0  0  0  0  0  0  0
    1.1852   -2.1235    0.0624 C   0  0  0  0  0  0  0  0  0  0  0  0
    1.4238   -0.7401    0.0048 C   0  0  0  0  0  0  0  0  0  0  0  0
    2.7312   -0.2260   -0.0374 C   0  0  0  0  0  0  0  0  0  0  0  0
    2.9239    1.1201   -0.0928 C   0  0  0  0  0  0  0  0  0  0  0  0
    1.8429    1.9998   -0.1084 C   0  0  0  0  0  0  0  0  0  0  0  0
    0.5633    1.5384   -0.0687 C   0  0  0  0  0  0  0  0  0  0  0  0
    0.3244    0.1544   -0.0164 C   0  0  0  0  0  0  0  0  0  0  0  0
   -2.1810   -2.0980    0.1202 H   0  0  0  0  0  0  0  0  0  0  0  0
   -0.2754   -3.6490    0.1463 H   0  0  0  0  0  0  0  0  0  0  0  0
    2.0130   -2.8170    0.0754 H   0  0  0  0  0  0  0  0  0  0  0  0
    3.5785   -0.8956   -0.0255 H   0  0  0  0  0  0  0  0  0  0  0  0
    3.9295    1.5125   -0.1248 H   0  0  0  0  0  0  0  0  0  0  0  0
    2.0236    3.0637   -0.1524 H   0  0  0  0  0  0  0  0  0  0  0  0
   -0.2645    2.2320   -0.0811 H   0  0  0  0  0  0  0  0  0  0  0  0
  1  2  1  0  0  0  0
  2  3  2  0  0  0  0
  2  4  1  0  0  0  0
  4  5  1  0  0  0  0
  5  6  2  0  0  0  0
  6  7  1  0  0  0  0
  7  8  2  0  0  0  0
  8  9  1  0  0  0  0
  9 10  2  0  0  0  0
 10 11  1  0  0  0  0
 11 12  2  0  0  0  0
 12 13  1  0  0  0  0
  4 13  2  0  0  0  0
  8 13  1  0  0  0  0
  5 14  1  0  0  0  0
  6 15  1  0  0  0  0
  7 16  1  0  0  0  0
  9 17  1  0  0  0  0
 10 18  1  0  0  0  0
 11 19  1  0  0  0  0
 12 20  1  0  0  0  0
M  CHG  2   1  -1   2   1
M  END
$$$$
