 
WItclserve11290013443D 0   0.00000     0.00000cramer
 
 30 31  0  0  0  0  0  0  0  0  1 V2000
   -1.0804   -2.3080   -0.3361 C   0  0  0  0  0  0  0  0  0  0  0  0
   -0.9298   -2.9427    1.0479 C   0  0  0  0  0  0  0  0  0  0  0  0
   -1.7799   -0.9795   -0.2062 C   0  0  0  0  0  0  0  0  0  0  0  0
   -3.1017   -0.9147   -0.2102 N   0  0  0  0  0  0  0  0  0  0  0  0
   -3.7297    0.2466   -0.0963 C   0  0  0  0  0  0  0  0  0  0  0  0
   -5.1129    0.2657   -0.1055 N   0  0  0  0  0  0  0  0  0  0  0  0
   -3.0717    1.3900    0.0266 N   0  0  0  0  0  0  0  0  0  0  0  0
   -1.7441    1.4111    0.0395 C   0  0  0  0  0  0  0  0  0  0  0  0
   -1.0608    2.6072    0.1680 N   0  0  0  0  0  0  0  0  0  0  0  0
   -1.0437    0.1955   -0.0745 C   0  0  0  0  0  0  0  0  0  0  0  0
    0.4388    0.1676   -0.0647 C   0  0  0  0  0  0  0  0  0  0  0  0
    1.1366    0.4818    1.1006 C   0  0  0  0  0  0  0  0  0  0  0  0
    2.5159    0.4539    1.1046 C   0  0  0  0  0  0  0  0  0  0  0  0
    3.2072    0.1146   -0.0461 C   0  0  0  0  0  0  0  0  0  0  0  0
    4.9429    0.0808   -0.0343 Cl  0  0  0  0  0  0  0  0  0  0  0  0
    2.5192   -0.1983   -1.2058 C   0  0  0  0  0  0  0  0  0  0  0  0
    1.1393   -0.1785   -1.2188 C   0  0  0  0  0  0  0  0  0  0  0  0
   -0.0945   -2.1580   -0.7762 H   0  0  0  0  0  0  0  0  0  0  0  0
   -1.6675   -2.9668   -0.9760 H   0  0  0  0  0  0  0  0  0  0  0  0
   -0.2733   -2.3254    1.6612 H   0  0  0  0  0  0  0  0  0  0  0  0
   -1.9083   -3.0153    1.5226 H   0  0  0  0  0  0  0  0  0  0  0  0
   -0.5006   -3.9394    0.9458 H   0  0  0  0  0  0  0  0  0  0  0  0
   -5.5869    1.1080   -0.0230 H   0  0  0  0  0  0  0  0  0  0  0  0
   -5.6088   -0.5632   -0.1944 H   0  0  0  0  0  0  0  0  0  0  0  0
   -1.5517    3.4398    0.2496 H   0  0  0  0  0  0  0  0  0  0  0  0
   -0.0909    2.6132    0.1764 H   0  0  0  0  0  0  0  0  0  0  0  0
    0.5983    0.7470    1.9986 H   0  0  0  0  0  0  0  0  0  0  0  0
    3.0575    0.6975    2.0067 H   0  0  0  0  0  0  0  0  0  0  0  0
    3.0630   -0.4620   -2.1008 H   0  0  0  0  0  0  0  0  0  0  0  0
    0.6033   -0.4231   -2.1240 H   0  0  0  0  0  0  0  0  0  0  0  0
  1  2  1  0  0  0  0
  1  3  1  0  0  0  0
  3  4  1  0  0  0  0
  4  5  2  0  0  0  0
  5  6  1  0  0  0  0
  5  7  1  0  0  0  0
  7  8  2  0  0  0  0
  8  9  1  0  0  0  0
  8 10  1  0  0  0  0
  3 10  2  0  0  0  0
 10 11  1  0  0  0  0
 11 12  1  0  0  0  0
 12 13  2  0  0  0  0
 13 14  1  0  0  0  0
 14 15  1  0  0  0  0
 14 16  2  0  0  0  0
 16 17  1  0  0  0  0
 11 17  2  0  0  0  0
  1 18  1  0  0  0  0
  1 19  1  0  0  0  0
  2 20  1  0  0  0  0
  2 21  1  0  0  0  0
  2 22  1  0  0  0  0
  6 23  1  0  0  0  0
  6 24  1  0  0  0  0
  9 25  1  0  0  0  0
  9 26  1  0  0  0  0
 12 27  1  0  0  0  0
 13 28  1  0  0  0  0
 16 29  1  0  0  0  0
 17 30  1  0  0  0  0
M  END
$$$$
