 
WItclserve11290013443D 0   0.00000     0.00000cramer
 
 29 30  0  0  0  0  0  0  0  0  1 V2000
   -0.0148    0.7429    0.7406 C   0  0  0  0  0  0  0  0  0  0  0  0
   -0.0412    1.1809    2.1006 O   0  0  0  0  0  0  0  0  0  0  0  0
    1.2211   -0.0864    0.5038 C   0  0  0  0  0  0  0  0  0  0  0  0
    2.1344    0.2946   -0.4617 C   0  0  0  0  0  0  0  0  0  0  0  0
    3.2679   -0.4654   -0.6793 C   0  0  0  0  0  0  0  0  0  0  0  0
    3.4888   -1.6077    0.0697 C   0  0  0  0  0  0  0  0  0  0  0  0
    4.9128   -2.5627   -0.2026 Cl  0  0  0  0  0  0  0  0  0  0  0  0
    2.5749   -1.9882    1.0359 C   0  0  0  0  0  0  0  0  0  0  0  0
    1.4439   -1.2244    1.2559 C   0  0  0  0  0  0  0  0  0  0  0  0
   -1.2394   -0.0882    0.4567 C   0  0  0  0  0  0  0  0  0  0  0  0
   -2.3560    0.0284    1.2637 C   0  0  0  0  0  0  0  0  0  0  0  0
   -3.4793   -0.7334    1.0038 C   0  0  0  0  0  0  0  0  0  0  0  0
   -3.4866   -1.6128   -0.0645 C   0  0  0  0  0  0  0  0  0  0  0  0
   -4.8975   -2.5698   -0.3919 Cl  0  0  0  0  0  0  0  0  0  0  0  0
   -2.3693   -1.7287   -0.8718 C   0  0  0  0  0  0  0  0  0  0  0  0
   -1.2480   -0.9626   -0.6137 C   0  0  0  0  0  0  0  0  0  0  0  0
    0.0021    1.9596   -0.1868 C   0  0  0  0  0  0  0  0  0  0  0  0
    0.0354    1.4070   -1.9027 Cl  0  0  0  0  0  0  0  0  0  0  0  0
   -1.4765    2.9518    0.0964 Cl  0  0  0  0  0  0  0  0  0  0  0  0
    1.4673    2.9540    0.1528 Cl  0  0  0  0  0  0  0  0  0  0  0  0
   -0.0511    0.3854    2.6503 H   0  0  0  0  0  0  0  0  0  0  0  0
    1.9618    1.1862   -1.0462 H   0  0  0  0  0  0  0  0  0  0  0  0
    3.9809   -0.1681   -1.4340 H   0  0  0  0  0  0  0  0  0  0  0  0
    2.7467   -2.8798    1.6206 H   0  0  0  0  0  0  0  0  0  0  0  0
    0.7304   -1.5212    2.0105 H   0  0  0  0  0  0  0  0  0  0  0  0
   -2.3502    0.7148    2.0975 H   0  0  0  0  0  0  0  0  0  0  0  0
   -4.3512   -0.6427    1.6347 H   0  0  0  0  0  0  0  0  0  0  0  0
   -2.3742   -2.4152   -1.7056 H   0  0  0  0  0  0  0  0  0  0  0  0
   -0.3757   -1.0527   -1.2442 H   0  0  0  0  0  0  0  0  0  0  0  0
  1  2  1  0  0  0  0
  1  3  1  0  0  0  0
  3  4  1  0  0  0  0
  4  5  2  0  0  0  0
  5  6  1  0  0  0  0
  6  7  1  0  0  0  0
  6  8  2  0  0  0  0
  8  9  1  0  0  0  0
  3  9  2  0  0  0  0
  1 10  1  0  0  0  0
 10 11  1  0  0  0  0
 11 12  2  0  0  0  0
 12 13  1  0  0  0  0
 13 14  1  0  0  0  0
 13 15  2  0  0  0  0
 15 16  1  0  0  0  0
 10 16  2  0  0  0  0
  1 17  1  0  0  0  0
 17 18  1  0  0  0  0
 17 19  1  0  0  0  0
 17 20  1  0  0  0  0
  2 21  1  0  0  0  0
  4 22  1  0  0  0  0
  5 23  1  0  0  0  0
  8 24  1  0  0  0  0
  9 25  1  0  0  0  0
 11 26  1  0  0  0  0
 12 27  1  0  0  0  0
 15 28  1  0  0  0  0
 16 29  1  0  0  0  0
M  END
$$$$
