 
WItclserve11290013443D 0   0.00000     0.00000cramer
 
 22 23  0  0  0  0  0  0  0  0  1 V2000
    2.7464    1.3530   -0.0006 N   0  0  0  0  0  0  0  0  0  0  0  0
    1.8398    0.2940   -0.0006 C   0  0  0  0  0  0  0  0  0  0  0  0
    2.2917   -1.0083   -0.0004 C   0  0  0  0  0  0  0  0  0  0  0  0
    1.3949   -2.0724   -0.0004 C   0  0  0  0  0  0  0  0  0  0  0  0
    0.0499   -1.8573   -0.0002 C   0  0  0  0  0  0  0  0  0  0  0  0
   -0.4506   -0.5457    0.0000 C   0  0  0  0  0  0  0  0  0  0  0  0
   -1.8399   -0.2940   -0.0004 C   0  0  0  0  0  0  0  0  0  0  0  0
   -2.7465   -1.3531   -0.0001 N   0  0  0  0  0  0  0  0  0  0  0  0
   -2.2918    1.0080   -0.0007 C   0  0  0  0  0  0  0  0  0  0  0  0
   -1.3947    2.0724   -0.0005 C   0  0  0  0  0  0  0  0  0  0  0  0
   -0.0500    1.8576   -0.0002 C   0  0  0  0  0  0  0  0  0  0  0  0
    0.4509    0.5457    0.0050 C   0  0  0  0  0  0  0  0  0  0  0  0
    3.6999    1.1752   -0.0005 H   0  0  0  0  0  0  0  0  0  0  0  0
    2.4237    2.2678   -0.0049 H   0  0  0  0  0  0  0  0  0  0  0  0
    3.3537   -1.2051   -0.0006 H   0  0  0  0  0  0  0  0  0  0  0  0
    1.7712   -3.0847   -0.0009 H   0  0  0  0  0  0  0  0  0  0  0  0
   -0.6313   -2.6954   -0.0005 H   0  0  0  0  0  0  0  0  0  0  0  0
   -3.7001   -1.1753   -0.0004 H   0  0  0  0  0  0  0  0  0  0  0  0
   -2.4237   -2.2678    0.0004 H   0  0  0  0  0  0  0  0  0  0  0  0
   -3.3537    1.2046   -0.0013 H   0  0  0  0  0  0  0  0  0  0  0  0
   -1.7711    3.0846   -0.0010 H   0  0  0  0  0  0  0  0  0  0  0  0
    0.6310    2.6959    0.0000 H   0  0  0  0  0  0  0  0  0  0  0  0
  1  2  1  0  0  0  0
  2  3  1  0  0  0  0
  3  4  2  0  0  0  0
  4  5  1  0  0  0  0
  5  6  2  0  0  0  0
  6  7  1  0  0  0  0
  7  8  1  0  0  0  0
  7  9  2  0  0  0  0
  9 10  1  0  0  0  0
 10 11  2  0  0  0  0
 11 12  1  0  0  0  0
  2 12  2  0  0  0  0
  6 12  1  0  0  0  0
  1 13  1  0  0  0  0
  1 14  1  0  0  0  0
  3 15  1  0  0  0  0
  4 16  1  0  0  0  0
  5 17  1  0  0  0  0
  8 18  1  0  0  0  0
  8 19  1  0  0  0  0
  9 20  1  0  0  0  0
 10 21  1  0  0  0  0
 11 22  1  0  0  0  0
M  END
$$$$
