 
WItclserve11290013443D 0   0.00000     0.00000cramer
 
 17 17  0  0  0  0  0  0  0  0  1 V2000
   -2.0883    1.9423   -0.0015 C   0  0  0  0  0  0  0  0  0  0  0  0
   -1.1382    0.7726   -0.0015 C   0  0  0  0  0  0  0  0  0  0  0  0
    0.2259    0.9899   -0.0006 C   0  0  0  0  0  0  0  0  0  0  0  0
    1.0987   -0.0836   -0.0006 C   0  0  0  0  0  0  0  0  0  0  0  0
    2.8125    0.1932    0.0011 Cl  0  0  0  0  0  0  0  0  0  0  0  0
    0.6081   -1.3778   -0.0016 C   0  0  0  0  0  0  0  0  0  0  0  0
   -0.7546   -1.6009   -0.0030 C   0  0  0  0  0  0  0  0  0  0  0  0
   -1.6333   -0.5249    0.0033 C   0  0  0  0  0  0  0  0  0  0  0  0
   -3.0129   -0.7478    0.0024 N   0  0  0  0  0  0  0  0  0  0  0  0
   -2.3168    2.2249   -1.0292 H   0  0  0  0  0  0  0  0  0  0  0  0
   -3.0085    1.6630    0.5116 H   0  0  0  0  0  0  0  0  0  0  0  0
   -1.6269    2.7852    0.5130 H   0  0  0  0  0  0  0  0  0  0  0  0
    0.6114    1.9987   -0.0002 H   0  0  0  0  0  0  0  0  0  0  0  0
    1.2917   -2.2139   -0.0017 H   0  0  0  0  0  0  0  0  0  0  0  0
   -1.1369   -2.6110   -0.0041 H   0  0  0  0  0  0  0  0  0  0  0  0
   -3.3577   -1.6544   -0.0027 H   0  0  0  0  0  0  0  0  0  0  0  0
   -3.6256    0.0042    0.0067 H   0  0  0  0  0  0  0  0  0  0  0  0
  1  2  1  0  0  0  0
  2  3  1  0  0  0  0
  3  4  2  0  0  0  0
  4  5  1  0  0  0  0
  4  6  1  0  0  0  0
  6  7  2  0  0  0  0
  7  8  1  0  0  0  0
  2  8  2  0  0  0  0
  8  9  1  0  0  0  0
  1 10  1  0  0  0  0
  1 11  1  0  0  0  0
  1 12  1  0  0  0  0
  3 13  1  0  0  0  0
  6 14  1  0  0  0  0
  7 15  1  0  0  0  0
  9 16  1  0  0  0  0
  9 17  1  0  0  0  0
M  END
$$$$
