 
WItclserve11290013443D 0   0.00000     0.00000cramer
 
 28 29  0  0  0  0  0  0  0  0  1 V2000
    0.9674   -0.2435   -0.0008 C   0  0  0  0  0  0  0  0  0  0  0  0
    1.1220   -1.6385    0.0005 C   0  0  0  0  0  0  0  0  0  0  0  0
    2.3721   -2.1781    0.0057 C   0  0  0  0  0  0  0  0  0  0  0  0
    3.5037   -1.3651    0.0097 C   0  0  0  0  0  0  0  0  0  0  0  0
    3.3916   -0.0086    0.0086 C   0  0  0  0  0  0  0  0  0  0  0  0
    2.1169    0.5840    0.0033 C   0  0  0  0  0  0  0  0  0  0  0  0
    1.9636    1.9812    0.0019 C   0  0  0  0  0  0  0  0  0  0  0  0
    0.7171    2.5284   -0.0032 C   0  0  0  0  0  0  0  0  0  0  0  0
   -0.4201    1.7259   -0.0067 C   0  0  0  0  0  0  0  0  0  0  0  0
   -0.3128    0.3516   -0.0118 C   0  0  0  0  0  0  0  0  0  0  0  0
   -1.4573   -0.4429   -0.0157 N   0  0  0  0  0  0  0  0  0  0  0  0
   -2.7825    0.1816   -0.0143 C   0  0  0  0  0  0  0  0  0  0  0  0
   -3.8588   -0.9058   -0.0192 C   0  0  0  0  0  0  0  0  0  0  0  0
   -5.1876   -0.2796   -0.0178 N   0  0  0  0  0  0  0  0  0  0  0  0
    0.2537   -2.2807   -0.0022 H   0  0  0  0  0  0  0  0  0  0  0  0
    2.4883   -3.2518    0.0070 H   0  0  0  0  0  0  0  0  0  0  0  0
    4.4842   -1.8179    0.0141 H   0  0  0  0  0  0  0  0  0  0  0  0
    4.2774    0.6092    0.0121 H   0  0  0  0  0  0  0  0  0  0  0  0
    2.8342    2.6202    0.0052 H   0  0  0  0  0  0  0  0  0  0  0  0
    0.6088    3.6030   -0.0043 H   0  0  0  0  0  0  0  0  0  0  0  0
   -1.3976    2.1851   -0.0103 H   0  0  0  0  0  0  0  0  0  0  0  0
   -1.3767   -1.4095   -0.0193 H   0  0  0  0  0  0  0  0  0  0  0  0
   -2.8928    0.7979    0.8779 H   0  0  0  0  0  0  0  0  0  0  0  0
   -2.8915    0.8047   -0.9020 H   0  0  0  0  0  0  0  0  0  0  0  0
   -3.7485   -1.5221   -0.9115 H   0  0  0  0  0  0  0  0  0  0  0  0
   -3.7498   -1.5289    0.8685 H   0  0  0  0  0  0  0  0  0  0  0  0
   -5.8619   -1.0303   -0.0212 H   0  0  0  0  0  0  0  0  0  0  0  0
   -5.2844    0.1931    0.8683 H   0  0  0  0  0  0  0  0  0  0  0  0
  1  2  1  0  0  0  0
  2  3  2  0  0  0  0
  3  4  1  0  0  0  0
  4  5  2  0  0  0  0
  5  6  1  0  0  0  0
  1  6  2  0  0  0  0
  6  7  1  0  0  0  0
  7  8  2  0  0  0  0
  8  9  1  0  0  0  0
  9 10  2  0  0  0  0
  1 10  1  0  0  0  0
 10 11  1  0  0  0  0
 11 12  1  0  0  0  0
 12 13  1  0  0  0  0
 13 14  1  0  0  0  0
  2 15  1  0  0  0  0
  3 16  1  0  0  0  0
  4 17  1  0  0  0  0
  5 18  1  0  0  0  0
  7 19  1  0  0  0  0
  8 20  1  0  0  0  0
  9 21  1  0  0  0  0
 11 22  1  0  0  0  0
 12 23  1  0  0  0  0
 12 24  1  0  0  0  0
 13 25  1  0  0  0  0
 13 26  1  0  0  0  0
 14 27  1  0  0  0  0
 14 28  1  0  0  0  0
M  END
$$$$
