 
WItclserve11290013453D 0   0.00000     0.00000cramer
 
 40 42  0  0  0  0  0  0  0  0  1 V2000
   -0.6818   -1.4558    1.1353 C   0  0  0  0  0  0  0  0  0  0  0  0
   -1.1590   -2.2049   -0.1105 C   0  0  0  0  0  0  0  0  0  0  0  0
   -2.0510   -3.3752    0.3086 C   0  0  0  0  0  0  0  0  0  0  0  0
   -1.9228   -1.2900   -0.9693 N   0  0  0  0  0  0  0  0  0  0  0  0
   -2.1372   -1.9879   -2.2441 C   0  0  0  0  0  0  0  0  0  0  0  0
   -3.2442   -1.1316   -0.3474 C   0  0  0  0  0  0  0  0  0  0  0  0
    0.0967   -0.2824    0.7313 N   0  0  0  0  0  0  0  0  0  0  0  0
   -0.5583    0.9436    0.6178 C   0  0  0  0  0  0  0  0  0  0  0  0
   -1.7000    1.1613    1.3816 C   0  0  0  0  0  0  0  0  0  0  0  0
   -2.3782    2.3624    1.2969 C   0  0  0  0  0  0  0  0  0  0  0  0
   -1.9219    3.3549    0.4502 C   0  0  0  0  0  0  0  0  0  0  0  0
   -0.7881    3.1473   -0.3110 C   0  0  0  0  0  0  0  0  0  0  0  0
   -0.0987    1.9406   -0.2336 C   0  0  0  0  0  0  0  0  0  0  0  0
    1.3385    1.7213   -1.2211 S   0  0  0  0  0  0  0  0  0  0  0  0
    2.1435    0.3993   -0.3887 C   0  0  0  0  0  0  0  0  0  0  0  0
    3.5033    0.1977   -0.6072 C   0  0  0  0  0  0  0  0  0  0  0  0
    4.1688   -0.8317    0.0295 C   0  0  0  0  0  0  0  0  0  0  0  0
    3.4853   -1.6697    0.8902 C   0  0  0  0  0  0  0  0  0  0  0  0
    2.1352   -1.4776    1.1140 C   0  0  0  0  0  0  0  0  0  0  0  0
    1.4598   -0.4415    0.4833 C   0  0  0  0  0  0  0  0  0  0  0  0
   -1.5445   -1.1359    1.7196 H   0  0  0  0  0  0  0  0  0  0  0  0
   -0.0582   -2.1151    1.7391 H   0  0  0  0  0  0  0  0  0  0  0  0
   -0.2967   -2.5836   -0.6593 H   0  0  0  0  0  0  0  0  0  0  0  0
   -1.4571   -4.1067    0.8564 H   0  0  0  0  0  0  0  0  0  0  0  0
   -2.8551   -3.0088    0.9467 H   0  0  0  0  0  0  0  0  0  0  0  0
   -2.4763   -3.8438   -0.5789 H   0  0  0  0  0  0  0  0  0  0  0  0
   -1.1736   -2.2279   -2.6935 H   0  0  0  0  0  0  0  0  0  0  0  0
   -2.6940   -2.9078   -2.0655 H   0  0  0  0  0  0  0  0  0  0  0  0
   -2.7031   -1.3459   -2.9191 H   0  0  0  0  0  0  0  0  0  0  0  0
   -3.8023   -0.3563   -0.8724 H   0  0  0  0  0  0  0  0  0  0  0  0
   -3.7887   -2.0740   -0.4059 H   0  0  0  0  0  0  0  0  0  0  0  0
   -3.1221   -0.8468    0.6976 H   0  0  0  0  0  0  0  0  0  0  0  0
   -2.0587    0.3874    2.0441 H   0  0  0  0  0  0  0  0  0  0  0  0
   -3.2646    2.5253    1.8919 H   0  0  0  0  0  0  0  0  0  0  0  0
   -2.4520    4.2935    0.3839 H   0  0  0  0  0  0  0  0  0  0  0  0
   -0.4351    3.9257   -0.9712 H   0  0  0  0  0  0  0  0  0  0  0  0
    4.0413    0.8501   -1.2790 H   0  0  0  0  0  0  0  0  0  0  0  0
    5.2240   -0.9816   -0.1451 H   0  0  0  0  0  0  0  0  0  0  0  0
    4.0061   -2.4746    1.3874 H   0  0  0  0  0  0  0  0  0  0  0  0
    1.6036   -2.1339    1.7871 H   0  0  0  0  0  0  0  0  0  0  0  0
  1  2  1  0  0  0  0
  2  3  1  0  0  0  0
  2  4  1  0  0  0  0
  4  5  1  0  0  0  0
  4  6  1  0  0  0  0
  1  7  1  0  0  0  0
  7  8  1  0  0  0  0
  8  9  1  0  0  0  0
  9 10  2  0  0  0  0
 10 11  1  0  0  0  0
 11 12  2  0  0  0  0
 12 13  1  0  0  0  0
  8 13  2  0  0  0  0
 13 14  1  0  0  0  0
 14 15  1  0  0  0  0
 15 16  1  0  0  0  0
 16 17  2  0  0  0  0
 17 18  1  0  0  0  0
 18 19  2  0  0  0  0
 19 20  1  0  0  0  0
  7 20  1  0  0  0  0
 15 20  2  0  0  0  0
  1 21  1  0  0  0  0
  1 22  1  0  0  0  0
  2 23  1  0  0  0  0
  3 24  1  0  0  0  0
  3 25  1  0  0  0  0
  3 26  1  0  0  0  0
  5 27  1  0  0  0  0
  5 28  1  0  0  0  0
  5 29  1  0  0  0  0
  6 30  1  0  0  0  0
  6 31  1  0  0  0  0
  6 32  1  0  0  0  0
  9 33  1  0  0  0  0
 10 34  1  0  0  0  0
 11 35  1  0  0  0  0
 12 36  1  0  0  0  0
 16 37  1  0  0  0  0
 17 38  1  0  0  0  0
 18 39  1  0  0  0  0
 19 40  1  0  0  0  0
M  END
$$$$
