 
WItclserve11290013453D 0   0.00000     0.00000cramer
 
 43 46  0  0  0  0  0  0  0  0  1 V2000
    5.5259    0.1907    0.8114 C   0  0  0  0  0  0  0  0  0  0  0  0
    4.2035    0.7968    0.6107 N   0  0  0  0  0  0  0  0  0  0  0  0
    3.8677    0.6318   -0.8278 C   0  0  0  0  0  0  0  0  0  0  0  0
    2.5962    1.4303   -1.0974 C   0  0  0  0  0  0  0  0  0  0  0  0
    1.4727    1.1676   -0.1158 C   0  0  0  0  0  0  0  0  0  0  0  0
    0.4406    0.3483   -0.7375 O   0  0  0  0  0  0  0  0  0  0  0  0
   -0.8390    0.4743   -0.3522 C   0  0  0  0  0  0  0  0  0  0  0  0
   -1.1350    1.2672    0.5102 O   0  0  0  0  0  0  0  0  0  0  0  0
   -1.9065   -0.3730   -0.9952 C   0  0  0  0  0  0  0  0  0  0  0  0
   -1.5937   -1.8522   -0.7604 C   0  0  0  0  0  0  0  0  0  0  0  0
   -1.5589   -2.1146    0.6439 O   0  0  0  0  0  0  0  0  0  0  0  0
   -3.2453   -0.0402   -0.3886 C   0  0  0  0  0  0  0  0  0  0  0  0
   -4.2664    0.4391   -1.1879 C   0  0  0  0  0  0  0  0  0  0  0  0
   -5.4942    0.7444   -0.6315 C   0  0  0  0  0  0  0  0  0  0  0  0
   -5.7014    0.5700    0.7243 C   0  0  0  0  0  0  0  0  0  0  0  0
   -4.6809    0.0899    1.5232 C   0  0  0  0  0  0  0  0  0  0  0  0
   -3.4540   -0.2195    0.9659 C   0  0  0  0  0  0  0  0  0  0  0  0
    1.8564    0.5977    1.2327 C   0  0  0  0  0  0  0  0  0  0  0  0
    3.2154   -0.0919    1.2727 C   0  0  0  0  0  0  0  0  0  0  0  0
    3.1725   -1.3609    0.3957 C   0  0  0  0  0  0  0  0  0  0  0  0
    2.2548   -1.2300   -0.6871 O   0  0  0  0  0  0  0  0  0  0  0  0
    3.5958   -0.8737   -1.0083 C   0  0  0  0  0  0  0  0  0  0  0  0
    5.8153    0.2884    1.8578 H   0  0  0  0  0  0  0  0  0  0  0  0
    5.4864   -0.8648    0.5424 H   0  0  0  0  0  0  0  0  0  0  0  0
    6.2575    0.6987    0.1831 H   0  0  0  0  0  0  0  0  0  0  0  0
    4.6986    0.9670   -1.4659 H   0  0  0  0  0  0  0  0  0  0  0  0
    2.8423    2.5039   -1.0838 H   0  0  0  0  0  0  0  0  0  0  0  0
    2.2450    1.2055   -2.1169 H   0  0  0  0  0  0  0  0  0  0  0  0
    0.9833    2.1532    0.0801 H   0  0  0  0  0  0  0  0  0  0  0  0
   -1.9331   -0.1729   -2.0663 H   0  0  0  0  0  0  0  0  0  0  0  0
   -2.3658   -2.4651   -1.2255 H   0  0  0  0  0  0  0  0  0  0  0  0
   -0.6254   -2.0929   -1.1991 H   0  0  0  0  0  0  0  0  0  0  0  0
   -1.3593   -3.0551    0.7476 H   0  0  0  0  0  0  0  0  0  0  0  0
   -4.1046    0.5754   -2.2470 H   0  0  0  0  0  0  0  0  0  0  0  0
   -6.2917    1.1196   -1.2558 H   0  0  0  0  0  0  0  0  0  0  0  0
   -6.6606    0.8092    1.1592 H   0  0  0  0  0  0  0  0  0  0  0  0
   -4.8426   -0.0460    2.5823 H   0  0  0  0  0  0  0  0  0  0  0  0
   -2.6565   -0.5947    1.5902 H   0  0  0  0  0  0  0  0  0  0  0  0
    1.8500    1.4084    1.9799 H   0  0  0  0  0  0  0  0  0  0  0  0
    1.0845   -0.1204    1.5544 H   0  0  0  0  0  0  0  0  0  0  0  0
    3.5218   -0.3293    2.3011 H   0  0  0  0  0  0  0  0  0  0  0  0
    3.4456   -2.3258    0.8241 H   0  0  0  0  0  0  0  0  0  0  0  0
    4.2079   -1.4545   -1.7027 H   0  0  0  0  0  0  0  0  0  0  0  0
  1  2  1  0  0  0  0
  2  3  1  0  0  0  0
  3  4  1  0  0  0  0
  4  5  1  0  0  0  0
  5  6  1  0  0  0  0
  6  7  1  0  0  0  0
  7  8  2  0  0  0  0
  7  9  1  0  0  0  0
  9 10  1  0  0  0  0
 10 11  1  0  0  0  0
  9 12  1  0  0  0  0
 12 13  1  0  0  0  0
 13 14  2  0  0  0  0
 14 15  1  0  0  0  0
 15 16  2  0  0  0  0
 16 17  1  0  0  0  0
 12 17  2  0  0  0  0
  5 18  1  0  0  0  0
 18 19  1  0  0  0  0
  2 19  1  0  0  0  0
 19 20  1  0  0  0  0
 20 21  1  0  0  0  0
 21 22  1  0  0  0  0
  3 22  1  0  0  0  0
 20 22  1  0  0  0  0
  1 23  1  0  0  0  0
  1 24  1  0  0  0  0
  1 25  1  0  0  0  0
  3 26  1  0  0  0  0
  4 27  1  0  0  0  0
  4 28  1  0  0  0  0
  5 29  1  0  0  0  0
  9 30  1  0  0  0  0
 10 31  1  0  0  0  0
 10 32  1  0  0  0  0
 11 33  1  0  0  0  0
 13 34  1  0  0  0  0
 14 35  1  0  0  0  0
 15 36  1  0  0  0  0
 16 37  1  0  0  0  0
 17 38  1  0  0  0  0
 18 39  1  0  0  0  0
 18 40  1  0  0  0  0
 19 41  1  0  0  0  0
 20 42  1  0  0  0  0
 22 43  1  0  0  0  0
M  END
$$$$
