 
WItclserve11290013443D 0   0.00000     0.00000cramer
 
 39 39  0  0  0  0  0  0  0  0  2 V2000
   -0.4633   -1.3345    0.2476 C   0  0  0  0  0  0  0  0  0  0  0  0
   -1.8258   -1.1146    0.1910 C   0  0  0  0  0  0  0  0  0  0  0  0
   -2.3142    0.1677    0.0217 C   0  0  0  0  0  0  0  0  0  0  0  0
   -1.4410    1.2343   -0.0920 C   0  0  0  0  0  0  0  0  0  0  0  0
   -0.0778    1.0215   -0.0362 C   0  0  0  0  0  0  0  0  0  0  0  0
    0.4163   -0.2657    0.1343 C   0  0  0  0  0  0  0  0  0  0  0  0
    1.7947   -0.4845    0.1916 N   0  0  0  0  0  0  0  0  0  0  0  0
    2.3634    0.0812   -1.0391 C   0  0  0  0  0  0  0  0  0  0  0  0
    2.7078   -1.0508   -2.0090 C   0  0  0  0  0  0  0  0  0  0  0  0
    3.4133   -0.4729   -3.2375 C   0  0  0  0  0  0  0  0  0  0  0  0
    2.3050    0.3274    1.3044 C   0  0  0  0  0  0  0  0  0  0  0  0
    3.8336    0.3631    1.2505 C   0  0  0  0  0  0  0  0  0  0  0  0
    4.3717    1.0641    2.4995 C   0  0  0  0  0  0  0  0  0  0  0  0
    0.8559    2.1635   -0.1584 N   0  3  0  0  0  0  0  0  0  0  0  0
    0.4298    3.3042   -0.1313 O   0  0  0  0  0  0  0  0  0  0  0  0
    2.0504    1.9625   -0.2861 O   0  5  0  0  0  0  0  0  0  0  0  0
   -3.8013    0.4038   -0.0396 C   0  0  0  0  0  0  0  0  0  0  0  0
   -4.0499    1.7694   -0.2141 F   0  0  0  0  0  0  0  0  0  0  0  0
   -4.3429   -0.3097   -1.1143 F   0  0  0  0  0  0  0  0  0  0  0  0
   -4.3918   -0.0291    1.1525 F   0  0  0  0  0  0  0  0  0  0  0  0
    0.0585   -2.7070    0.4350 N   0  3  0  0  0  0  0  0  0  0  0  0
   -0.7116   -3.6297    0.6323 O   0  0  0  0  0  0  0  0  0  0  0  0
    1.2581   -2.9136    0.3918 O   0  5  0  0  0  0  0  0  0  0  0  0
   -2.5103   -1.9454    0.2787 H   0  0  0  0  0  0  0  0  0  0  0  0
   -1.8258    2.2346   -0.2248 H   0  0  0  0  0  0  0  0  0  0  0  0
    1.6361    0.7480   -1.5024 H   0  0  0  0  0  0  0  0  0  0  0  0
    3.2672    0.6407   -0.7980 H   0  0  0  0  0  0  0  0  0  0  0  0
    3.3660   -1.7652   -1.5146 H   0  0  0  0  0  0  0  0  0  0  0  0
    1.7923   -1.5546   -2.3193 H   0  0  0  0  0  0  0  0  0  0  0  0
    3.6587   -1.2794   -3.9285 H   0  0  0  0  0  0  0  0  0  0  0  0
    2.7550    0.2415   -3.7320 H   0  0  0  0  0  0  0  0  0  0  0  0
    4.3287    0.0309   -2.9273 H   0  0  0  0  0  0  0  0  0  0  0  0
    1.9147    1.3418    1.2229 H   0  0  0  0  0  0  0  0  0  0  0  0
    1.9849   -0.1102    2.2500 H   0  0  0  0  0  0  0  0  0  0  0  0
    4.2197   -0.6554    1.2108 H   0  0  0  0  0  0  0  0  0  0  0  0
    4.1532    0.9077    0.3621 H   0  0  0  0  0  0  0  0  0  0  0  0
    5.4608    1.0896    2.4611 H   0  0  0  0  0  0  0  0  0  0  0  0
    3.9857    2.0827    2.5392 H   0  0  0  0  0  0  0  0  0  0  0  0
    4.0521    0.5195    3.3879 H   0  0  0  0  0  0  0  0  0  0  0  0
  1  2  1  0  0  0  0
  2  3  2  0  0  0  0
  3  4  1  0  0  0  0
  4  5  2  0  0  0  0
  5  6  1  0  0  0  0
  1  6  2  0  0  0  0
  6  7  1  0  0  0  0
  7  8  1  0  0  0  0
  8  9  1  0  0  0  0
  9 10  1  0  0  0  0
  7 11  1  0  0  0  0
 11 12  1  0  0  0  0
 12 13  1  0  0  0  0
  5 14  1  0  0  0  0
 14 15  2  0  0  0  0
 14 16  1  0  0  0  0
  3 17  1  0  0  0  0
 17 18  1  0  0  0  0
 17 19  1  0  0  0  0
 17 20  1  0  0  0  0
  1 21  1  0  0  0  0
 21 22  2  0  0  0  0
 21 23  1  0  0  0  0
  2 24  1  0  0  0  0
  4 25  1  0  0  0  0
  8 26  1  0  0  0  0
  8 27  1  0  0  0  0
  9 28  1  0  0  0  0
  9 29  1  0  0  0  0
 10 30  1  0  0  0  0
 10 31  1  0  0  0  0
 10 32  1  0  0  0  0
 11 33  1  0  0  0  0
 11 34  1  0  0  0  0
 12 35  1  0  0  0  0
 12 36  1  0  0  0  0
 13 37  1  0  0  0  0
 13 38  1  0  0  0  0
 13 39  1  0  0  0  0
M  CHG  4  14   1  16  -1  21   1  23  -1
M  END
$$$$
