 
WItclserve11290013443D 0   0.00000     0.00000cramer
 
  5  4  0  0  0  0  0  0  0  0  1 V2000
    0.0000    0.0000   -1.6708 F   0  0  0  0  0  0  0  0  0  0  0  0
    0.0000    0.0000   -0.2718 C   0  0  0  0  0  0  0  0  0  0  0  0
   -0.0161    1.6998    0.3292 Cl  0  0  0  0  0  0  0  0  0  0  0  0
   -1.4640   -0.8639    0.3292 Cl  0  0  0  0  0  0  0  0  0  0  0  0
    1.4801   -0.8360    0.3292 Cl  0  0  0  0  0  0  0  0  0  0  0  0
  1  2  1  0  0  0  0
  2  3  1  0  0  0  0
  2  4  1  0  0  0  0
  2  5  1  0  0  0  0
M  END
$$$$
