 
WItclserve11290013443D 0   0.00000     0.00000cramer
 
 84 89  0  0  0  0  0  0  0  0  1 V2000
   -6.9040    0.4064   -0.3819 C   0  0  0  0  0  0  0  0  0  0  0  0
   -8.1238   -0.1281   -0.7897 C   0  0  0  0  0  0  0  0  0  0  0  0
   -9.2623    0.3422   -0.1492 C   0  0  0  0  0  0  0  0  0  0  0  0
  -10.4749   -0.1517   -0.5151 O   0  0  0  0  0  0  0  0  0  0  0  0
  -10.2495   -1.0147   -1.6315 C   0  0  0  0  0  0  0  0  0  0  0  0
   -9.2016    1.3016    0.8545 C   0  0  0  0  0  0  0  0  0  0  0  0
   -8.0125    1.8430    1.2735 C   0  0  0  0  0  0  0  0  0  0  0  0
   -6.8497    1.3862    0.6443 C   0  0  0  0  0  0  0  0  0  0  0  0
   -5.4517    1.7108    0.8061 C   0  0  0  0  0  0  0  0  0  0  0  0
   -4.7564    0.9553   -0.0742 C   0  0  0  0  0  0  0  0  0  0  0  0
   -5.6222    0.1769   -0.7956 N   0  0  0  0  0  0  0  0  0  0  0  0
   -3.2520    1.0061   -0.1940 C   0  0  0  0  0  0  0  0  0  0  0  0
   -2.7198   -0.4216   -0.3204 C   0  0  0  0  0  0  0  0  0  0  0  0
   -1.2579   -0.4699    0.1362 C   0  0  0  0  0  0  0  0  0  0  0  0
   -0.6095    0.8892   -0.1288 C   0  0  0  0  0  0  0  0  0  0  0  0
   -1.2825    1.9661    0.7183 C   0  0  0  0  0  0  0  0  0  0  0  0
   -2.6837    1.6498    0.9898 N   0  0  0  0  0  0  0  0  0  0  0  0
   -3.3657    2.9323    1.2013 C   0  0  0  0  0  0  0  0  0  0  0  0
   -4.7839    2.6918    1.7370 C   0  0  0  0  0  0  0  0  0  0  0  0
    0.8769    0.8370    0.2361 C   0  0  0  0  0  0  0  0  0  0  0  0
    1.5781   -0.2424   -0.5886 C   0  0  0  0  0  0  0  0  0  0  0  0
    2.9877   -0.2792   -0.2423 O   0  0  0  0  0  0  0  0  0  0  0  0
    3.8673    0.4878   -0.9160 C   0  0  0  0  0  0  0  0  0  0  0  0
    3.4808    1.2101   -1.8134 O   0  0  0  0  0  0  0  0  0  0  0  0
    5.2990    0.4505   -0.5642 C   0  0  0  0  0  0  0  0  0  0  0  0
    6.2125    1.2455   -1.2623 C   0  0  0  0  0  0  0  0  0  0  0  0
    7.5535    1.2085   -0.9306 C   0  0  0  0  0  0  0  0  0  0  0  0
    8.4428    1.9822   -1.6090 O   0  0  0  0  0  0  0  0  0  0  0  0
    7.6962    2.7081   -2.5877 C   0  0  0  0  0  0  0  0  0  0  0  0
    7.9950    0.3801    0.0982 C   0  0  0  0  0  0  0  0  0  0  0  0
    9.3142    0.3457    0.4223 O   0  0  0  0  0  0  0  0  0  0  0  0
    9.5207    1.3479    1.4197 C   0  0  0  0  0  0  0  0  0  0  0  0
    7.0873   -0.4125    0.7954 C   0  0  0  0  0  0  0  0  0  0  0  0
    7.5218   -1.2197    1.8001 O   0  0  0  0  0  0  0  0  0  0  0  0
    6.3722   -1.8957    2.3133 C   0  0  0  0  0  0  0  0  0  0  0  0
    5.7440   -0.3755    0.4714 C   0  0  0  0  0  0  0  0  0  0  0  0
    0.9397   -1.5997   -0.2814 C   0  0  0  0  0  0  0  0  0  0  0  0
    1.0599   -1.8792    1.1148 O   0  0  0  0  0  0  0  0  0  0  0  0
    2.2950   -2.5758    1.2918 C   0  0  0  0  0  0  0  0  0  0  0  0
   -0.5382   -1.5560   -0.6686 C   0  0  0  0  0  0  0  0  0  0  0  0
   -1.1704   -2.8934   -0.3810 C   0  0  0  0  0  0  0  0  0  0  0  0
   -2.0936   -2.9709    0.3945 O   0  0  0  0  0  0  0  0  0  0  0  0
   -0.7079   -3.9985   -0.9865 O   0  0  0  0  0  0  0  0  0  0  0  0
   -1.3170   -5.2871   -0.7095 C   0  0  0  0  0  0  0  0  0  0  0  0
   -8.1815   -0.8740   -1.5687 H   0  0  0  0  0  0  0  0  0  0  0  0
   -9.8018   -0.4456   -2.4461 H   0  0  0  0  0  0  0  0  0  0  0  0
   -9.5763   -1.8201   -1.3380 H   0  0  0  0  0  0  0  0  0  0  0  0
  -11.1986   -1.4368   -1.9618 H   0  0  0  0  0  0  0  0  0  0  0  0
  -10.1191    1.6316    1.3189 H   0  0  0  0  0  0  0  0  0  0  0  0
   -7.9758    2.5880    2.0545 H   0  0  0  0  0  0  0  0  0  0  0  0
   -5.3638   -0.4480   -1.4910 H   0  0  0  0  0  0  0  0  0  0  0  0
   -2.9777    1.5756   -1.0820 H   0  0  0  0  0  0  0  0  0  0  0  0
   -3.3166   -1.0877    0.3027 H   0  0  0  0  0  0  0  0  0  0  0  0
   -2.7858   -0.7426   -1.3600 H   0  0  0  0  0  0  0  0  0  0  0  0
   -1.2134   -0.6963    1.2015 H   0  0  0  0  0  0  0  0  0  0  0  0
   -0.7130    1.1408   -1.1843 H   0  0  0  0  0  0  0  0  0  0  0  0
   -0.7496    2.0575    1.6647 H   0  0  0  0  0  0  0  0  0  0  0  0
   -1.2296    2.9178    0.1897 H   0  0  0  0  0  0  0  0  0  0  0  0
   -2.8031    3.5266    1.9213 H   0  0  0  0  0  0  0  0  0  0  0  0
   -3.4229    3.4717    0.2559 H   0  0  0  0  0  0  0  0  0  0  0  0
   -5.3399    3.6292    1.7496 H   0  0  0  0  0  0  0  0  0  0  0  0
   -4.7350    2.2746    2.7429 H   0  0  0  0  0  0  0  0  0  0  0  0
    1.3345    1.8046    0.0297 H   0  0  0  0  0  0  0  0  0  0  0  0
    0.9815    0.6074    1.2965 H   0  0  0  0  0  0  0  0  0  0  0  0
    1.4692   -0.0187   -1.6499 H   0  0  0  0  0  0  0  0  0  0  0  0
    5.8707    1.8879   -2.0604 H   0  0  0  0  0  0  0  0  0  0  0  0
    6.9479    3.3248   -2.0899 H   0  0  0  0  0  0  0  0  0  0  0  0
    8.3705    3.3457   -3.1595 H   0  0  0  0  0  0  0  0  0  0  0  0
    7.2010    2.0076   -3.2601 H   0  0  0  0  0  0  0  0  0  0  0  0
   10.5705    1.3579    1.7128 H   0  0  0  0  0  0  0  0  0  0  0  0
    9.2466    2.3230    1.0172 H   0  0  0  0  0  0  0  0  0  0  0  0
    8.9026    1.1272    2.2900 H   0  0  0  0  0  0  0  0  0  0  0  0
    5.6569   -1.1632    2.6875 H   0  0  0  0  0  0  0  0  0  0  0  0
    5.9103   -2.4815    1.5187 H   0  0  0  0  0  0  0  0  0  0  0  0
    6.6725   -2.5579    3.1254 H   0  0  0  0  0  0  0  0  0  0  0  0
    5.0403   -0.9906    1.0126 H   0  0  0  0  0  0  0  0  0  0  0  0
    1.4448   -2.3779   -0.8537 H   0  0  0  0  0  0  0  0  0  0  0  0
    2.2777   -3.4990    0.7126 H   0  0  0  0  0  0  0  0  0  0  0  0
    3.1182   -1.9482    0.9507 H   0  0  0  0  0  0  0  0  0  0  0  0
    2.4311   -2.8116    2.3473 H   0  0  0  0  0  0  0  0  0  0  0  0
   -0.6271   -1.3367   -1.7326 H   0  0  0  0  0  0  0  0  0  0  0  0
   -0.8116   -6.0599   -1.2886 H   0  0  0  0  0  0  0  0  0  0  0  0
   -1.2255   -5.5112    0.3533 H   0  0  0  0  0  0  0  0  0  0  0  0
   -2.3712   -5.2574   -0.9851 H   0  0  0  0  0  0  0  0  0  0  0  0
  1  2  1  0  0  0  0
  2  3  2  0  0  0  0
  3  4  1  0  0  0  0
  4  5  1  0  0  0  0
  3  6  1  0  0  0  0
  6  7  2  0  0  0  0
  7  8  1  0  0  0  0
  1  8  2  0  0  0  0
  8  9  1  0  0  0  0
  9 10  2  0  0  0  0
 10 11  1  0  0  0  0
  1 11  1  0  0  0  0
 10 12  1  0  0  0  0
 12 13  1  0  0  0  0
 13 14  1  0  0  0  0
 14 15  1  0  0  0  0
 15 16  1  0  0  0  0
 16 17  1  0  0  0  0
 12 17  1  0  0  0  0
 17 18  1  0  0  0  0
 18 19  1  0  0  0  0
  9 19  1  0  0  0  0
 15 20  1  0  0  0  0
 20 21  1  0  0  0  0
 21 22  1  0  0  0  0
 22 23  1  0  0  0  0
 23 24  2  0  0  0  0
 23 25  1  0  0  0  0
 25 26  1  0  0  0  0
 26 27  2  0  0  0  0
 27 28  1  0  0  0  0
 28 29  1  0  0  0  0
 27 30  1  0  0  0  0
 30 31  1  0  0  0  0
 31 32  1  0  0  0  0
 30 33  2  0  0  0  0
 33 34  1  0  0  0  0
 34 35  1  0  0  0  0
 33 36  1  0  0  0  0
 25 36  2  0  0  0  0
 21 37  1  0  0  0  0
 37 38  1  0  0  0  0
 38 39  1  0  0  0  0
 37 40  1  0  0  0  0
 14 40  1  0  0  0  0
 40 41  1  0  0  0  0
 41 42  2  0  0  0  0
 41 43  1  0  0  0  0
 43 44  1  0  0  0  0
  2 45  1  0  0  0  0
  5 46  1  0  0  0  0
  5 47  1  0  0  0  0
  5 48  1  0  0  0  0
  6 49  1  0  0  0  0
  7 50  1  0  0  0  0
 11 51  1  0  0  0  0
 12 52  1  0  0  0  0
 13 53  1  0  0  0  0
 13 54  1  0  0  0  0
 14 55  1  0  0  0  0
 15 56  1  0  0  0  0
 16 57  1  0  0  0  0
 16 58  1  0  0  0  0
 18 59  1  0  0  0  0
 18 60  1  0  0  0  0
 19 61  1  0  0  0  0
 19 62  1  0  0  0  0
 20 63  1  0  0  0  0
 20 64  1  0  0  0  0
 21 65  1  0  0  0  0
 26 66  1  0  0  0  0
 29 67  1  0  0  0  0
 29 68  1  0  0  0  0
 29 69  1  0  0  0  0
 32 70  1  0  0  0  0
 32 71  1  0  0  0  0
 32 72  1  0  0  0  0
 35 73  1  0  0  0  0
 35 74  1  0  0  0  0
 35 75  1  0  0  0  0
 36 76  1  0  0  0  0
 37 77  1  0  0  0  0
 39 78  1  0  0  0  0
 39 79  1  0  0  0  0
 39 80  1  0  0  0  0
 40 81  1  0  0  0  0
 44 82  1  0  0  0  0
 44 83  1  0  0  0  0
 44 84  1  0  0  0  0
M  END
$$$$
