 
WItclserve11290013443D 0   0.00000     0.00000cramer
 
 29 30  0  0  0  0  0  0  0  0  1 V2000
    0.0000    0.0197   -1.8078 C   0  0  0  0  0  0  0  0  0  0  0  0
   -1.2305    0.0103   -0.9378 C   0  0  0  0  0  0  0  0  0  0  0  0
   -1.7938    1.2046   -0.5264 C   0  0  0  0  0  0  0  0  0  0  0  0
   -2.9212    1.1995    0.2708 C   0  0  0  0  0  0  0  0  0  0  0  0
   -3.4897   -0.0070    0.6597 C   0  0  0  0  0  0  0  0  0  0  0  0
   -4.6304   -0.0158    1.4656 N   0  0  0  0  0  0  0  0  0  0  0  0
   -2.9215   -1.2045    0.2447 C   0  0  0  0  0  0  0  0  0  0  0  0
   -1.7970   -1.1922   -0.5573 C   0  0  0  0  0  0  0  0  0  0  0  0
    1.2305    0.0102   -0.9378 C   0  0  0  0  0  0  0  0  0  0  0  0
    1.7938   -1.1928   -0.5525 C   0  0  0  0  0  0  0  0  0  0  0  0
    2.9212   -1.2052    0.2446 C   0  0  0  0  0  0  0  0  0  0  0  0
    3.4897   -0.0074    0.6597 C   0  0  0  0  0  0  0  0  0  0  0  0
    4.6304   -0.0162    1.4656 N   0  0  0  0  0  0  0  0  0  0  0  0
    2.9215    1.1989    0.2710 C   0  0  0  0  0  0  0  0  0  0  0  0
    1.7970    1.2041   -0.5312 C   0  0  0  0  0  0  0  0  0  0  0  0
    0.0000   -0.8633   -2.4468 H   0  0  0  0  0  0  0  0  0  0  0  0
    0.0000    0.9165   -2.4274 H   0  0  0  0  0  0  0  0  0  0  0  0
   -1.3511    2.1422   -0.8287 H   0  0  0  0  0  0  0  0  0  0  0  0
   -3.3604    2.1325    0.5920 H   0  0  0  0  0  0  0  0  0  0  0  0
   -5.0265   -0.8588    1.7365 H   0  0  0  0  0  0  0  0  0  0  0  0
   -5.0266    0.8212    1.7545 H   0  0  0  0  0  0  0  0  0  0  0  0
   -3.3609   -2.1442    0.5452 H   0  0  0  0  0  0  0  0  0  0  0  0
   -1.3548   -2.1230   -0.8806 H   0  0  0  0  0  0  0  0  0  0  0  0
    1.3511   -2.1236   -0.8752 H   0  0  0  0  0  0  0  0  0  0  0  0
    3.3604   -2.1449    0.5454 H   0  0  0  0  0  0  0  0  0  0  0  0
    5.0265    0.8207    1.7548 H   0  0  0  0  0  0  0  0  0  0  0  0
    5.0266   -0.8593    1.7362 H   0  0  0  0  0  0  0  0  0  0  0  0
    3.3609    2.1318    0.5918 H   0  0  0  0  0  0  0  0  0  0  0  0
    1.3548    2.1417   -0.8341 H   0  0  0  0  0  0  0  0  0  0  0  0
  1  2  1  0  0  0  0
  2  3  1  0  0  0  0
  3  4  2  0  0  0  0
  4  5  1  0  0  0  0
  5  6  1  0  0  0  0
  5  7  2  0  0  0  0
  7  8  1  0  0  0  0
  2  8  2  0  0  0  0
  1  9  1  0  0  0  0
  9 10  1  0  0  0  0
 10 11  2  0  0  0  0
 11 12  1  0  0  0  0
 12 13  1  0  0  0  0
 12 14  2  0  0  0  0
 14 15  1  0  0  0  0
  9 15  2  0  0  0  0
  1 16  1  0  0  0  0
  1 17  1  0  0  0  0
  3 18  1  0  0  0  0
  4 19  1  0  0  0  0
  6 20  1  0  0  0  0
  6 21  1  0  0  0  0
  7 22  1  0  0  0  0
  8 23  1  0  0  0  0
 10 24  1  0  0  0  0
 11 25  1  0  0  0  0
 13 26  1  0  0  0  0
 13 27  1  0  0  0  0
 14 28  1  0  0  0  0
 15 29  1  0  0  0  0
M  END
$$$$
