 
WItclserve11290013453D 0   0.00000     0.00000cramer
 
  5  4  0  0  0  0  0  0  0  0  1 V2000
   -0.3229    0.0000    0.0000 Br  0  0  0  0  0  0  0  0  0  0  0  0
    1.6431    0.0000    0.0000 C   0  0  0  0  0  0  0  0  0  0  0  0
    2.0064   -0.0097    1.0276 H   0  0  0  0  0  0  0  0  0  0  0  0
    2.0064   -0.8851   -0.5222 H   0  0  0  0  0  0  0  0  0  0  0  0
    2.0064    0.8948   -0.5054 H   0  0  0  0  0  0  0  0  0  0  0  0
  1  2  1  0  0  0  0
  2  3  1  0  0  0  0
  2  4  1  0  0  0  0
  2  5  1  0  0  0  0
M  END
$$$$
