 
WItclserve11290013443D 0   0.00000     0.00000cramer
 
 17 18  0  0  0  0  0  0  0  0  2 V2000
    3.3830   -0.6707    0.0009 O   0  5  0  0  0  0  0  0  0  0  0  0
    2.5577    0.2251    0.0007 N   0  3  0  0  0  0  0  0  0  0  0  0
    2.9209    1.3877   -0.0042 O   0  0  0  0  0  0  0  0  0  0  0  0
    1.1135   -0.0992    0.0002 C   0  0  0  0  0  0  0  0  0  0  0  0
    0.7050   -1.4255    0.0000 C   0  0  0  0  0  0  0  0  0  0  0  0
   -0.6230   -1.7455   -0.0004 C   0  0  0  0  0  0  0  0  0  0  0  0
   -1.5838   -0.7307   -0.0002 C   0  0  0  0  0  0  0  0  0  0  0  0
   -2.9416   -0.7268   -0.0012 N   0  0  0  0  0  0  0  0  0  0  0  0
   -3.3755    0.4998   -0.0012 C   0  0  0  0  0  0  0  0  0  0  0  0
   -2.3269    1.3665   -0.0002 N   0  0  0  0  0  0  0  0  0  0  0  0
   -1.1707    0.6122    0.0005 C   0  0  0  0  0  0  0  0  0  0  0  0
    0.1835    0.9183    0.0057 C   0  0  0  0  0  0  0  0  0  0  0  0
    1.4445   -2.2126   -0.0002 H   0  0  0  0  0  0  0  0  0  0  0  0
   -0.9299   -2.7810   -0.0013 H   0  0  0  0  0  0  0  0  0  0  0  0
   -4.4163    0.7879   -0.0019 H   0  0  0  0  0  0  0  0  0  0  0  0
   -2.3816    2.3350    0.0000 H   0  0  0  0  0  0  0  0  0  0  0  0
    0.5067    1.9488    0.0106 H   0  0  0  0  0  0  0  0  0  0  0  0
  1  2  1  0  0  0  0
  2  3  2  0  0  0  0
  2  4  1  0  0  0  0
  4  5  1  0  0  0  0
  5  6  2  0  0  0  0
  6  7  1  0  0  0  0
  7  8  1  0  0  0  0
  8  9  2  0  0  0  0
  9 10  1  0  0  0  0
 10 11  1  0  0  0  0
  7 11  2  0  0  0  0
 11 12  1  0  0  0  0
  4 12  2  0  0  0  0
  5 13  1  0  0  0  0
  6 14  1  0  0  0  0
  9 15  1  0  0  0  0
 10 16  1  0  0  0  0
 12 17  1  0  0  0  0
M  CHG  2   1  -1   2   1
M  END
$$$$
