 
WItclserve11290013443D 0   0.00000     0.00000cramer
 
 17 17  0  0  0  0  0  0  0  0  2 V2000
    3.0910   -0.8568    0.0131 O   0  5  0  0  0  0  0  0  0  0  0  0
    2.3331    0.0966    0.0012 N   0  3  0  0  0  0  0  0  0  0  0  0
    2.7799    1.2296   -0.0134 O   0  0  0  0  0  0  0  0  0  0  0  0
    0.8693   -0.1217   -0.0018 C   0  0  0  0  0  0  0  0  0  0  0  0
    0.3642   -1.4086    0.0091 C   0  0  0  0  0  0  0  0  0  0  0  0
   -1.0021   -1.6184    0.0060 C   0  0  0  0  0  0  0  0  0  0  0  0
   -1.8696   -0.5360   -0.0076 C   0  0  0  0  0  0  0  0  0  0  0  0
   -3.2534   -0.7459   -0.0103 N   0  0  0  0  0  0  0  0  0  0  0  0
   -1.3597    0.7604   -0.0181 C   0  0  0  0  0  0  0  0  0  0  0  0
   -2.2055    1.8255   -0.0309 O   0  0  0  0  0  0  0  0  0  0  0  0
    0.0105    0.9622   -0.0096 C   0  0  0  0  0  0  0  0  0  0  0  0
    1.0387   -2.2520    0.0197 H   0  0  0  0  0  0  0  0  0  0  0  0
   -1.3940   -2.6248    0.0137 H   0  0  0  0  0  0  0  0  0  0  0  0
   -3.6070   -1.6491   -0.0027 H   0  0  0  0  0  0  0  0  0  0  0  0
   -3.8589    0.0119   -0.0198 H   0  0  0  0  0  0  0  0  0  0  0  0
   -2.3825    2.0531    0.8921 H   0  0  0  0  0  0  0  0  0  0  0  0
    0.4084    1.9662   -0.0173 H   0  0  0  0  0  0  0  0  0  0  0  0
  1  2  1  0  0  0  0
  2  3  2  0  0  0  0
  2  4  1  0  0  0  0
  4  5  1  0  0  0  0
  5  6  2  0  0  0  0
  6  7  1  0  0  0  0
  7  8  1  0  0  0  0
  7  9  2  0  0  0  0
  9 10  1  0  0  0  0
  9 11  1  0  0  0  0
  4 11  2  0  0  0  0
  5 12  1  0  0  0  0
  6 13  1  0  0  0  0
  8 14  1  0  0  0  0
  8 15  1  0  0  0  0
 10 16  1  0  0  0  0
 11 17  1  0  0  0  0
M  CHG  2   1  -1   2   1
M  END
$$$$
