 
WItclserve11290013453D 0   0.00000     0.00000cramer
 
 18 18  0  0  0  0  0  0  0  0  2 V2000
   -0.4245   -1.7673   -0.0025 O   0  0  0  0  0  0  0  0  0  0  0  0
   -1.7090   -2.3934   -0.0011 C   0  0  0  0  0  0  0  0  0  0  0  0
   -0.6414   -0.4257   -0.0017 C   0  0  0  0  0  0  0  0  0  0  0  0
   -1.9379    0.0686    0.0002 C   0  0  0  0  0  0  0  0  0  0  0  0
   -2.1558    1.4325    0.0015 C   0  0  0  0  0  0  0  0  0  0  0  0
   -1.0831    2.3052    0.0006 C   0  0  0  0  0  0  0  0  0  0  0  0
    0.2097    1.8152   -0.0013 C   0  0  0  0  0  0  0  0  0  0  0  0
    0.4329    0.4517    0.0031 C   0  0  0  0  0  0  0  0  0  0  0  0
    1.8171   -0.0721    0.0011 N   0  3  0  0  0  0  0  0  0  0  0  0
    2.7600    0.6988   -0.0045 O   0  0  0  0  0  0  0  0  0  0  0  0
    2.0133   -1.2742    0.0050 O   0  5  0  0  0  0  0  0  0  0  0  0
   -1.5853   -3.4764   -0.0017 H   0  0  0  0  0  0  0  0  0  0  0  0
   -2.2596   -2.0911    0.8897 H   0  0  0  0  0  0  0  0  0  0  0  0
   -2.2619   -2.0904   -0.8903 H   0  0  0  0  0  0  0  0  0  0  0  0
   -2.7760   -0.6126    0.0003 H   0  0  0  0  0  0  0  0  0  0  0  0
   -3.1647    1.8177    0.0030 H   0  0  0  0  0  0  0  0  0  0  0  0
   -1.2555    3.3714    0.0009 H   0  0  0  0  0  0  0  0  0  0  0  0
    1.0458    2.4989   -0.0021 H   0  0  0  0  0  0  0  0  0  0  0  0
  1  2  1  0  0  0  0
  1  3  1  0  0  0  0
  3  4  1  0  0  0  0
  4  5  2  0  0  0  0
  5  6  1  0  0  0  0
  6  7  2  0  0  0  0
  7  8  1  0  0  0  0
  3  8  2  0  0  0  0
  8  9  1  0  0  0  0
  9 10  2  0  0  0  0
  9 11  1  0  0  0  0
  2 12  1  0  0  0  0
  2 13  1  0  0  0  0
  2 14  1  0  0  0  0
  4 15  1  0  0  0  0
  5 16  1  0  0  0  0
  6 17  1  0  0  0  0
  7 18  1  0  0  0  0
M  CHG  2   9   1  11  -1
M  END
$$$$
