 
WItclserve11290013453D 0   0.00000     0.00000cramer
 
  7  6  0  0  0  0  0  0  0  0  2 V2000
    1.4054    0.0000    0.0000 C   0  0  0  0  0  0  0  0  0  0  0  0
   -0.0596    0.0000    0.0000 N   0  3  0  0  0  0  0  0  0  0  0  0
   -0.6686    1.0548    0.0000 O   0  0  0  0  0  0  0  0  0  0  0  0
   -0.6685   -1.0548    0.0000 O   0  5  0  0  0  0  0  0  0  0  0  0
    1.7688   -0.5138    0.8899 H   0  0  0  0  0  0  0  0  0  0  0  0
    1.7688   -0.5138   -0.8900 H   0  0  0  0  0  0  0  0  0  0  0  0
    1.7688    1.0277    0.0000 H   0  0  0  0  0  0  0  0  0  0  0  0
  1  2  1  0  0  0  0
  2  3  2  0  0  0  0
  2  4  1  0  0  0  0
  1  5  1  0  0  0  0
  1  6  1  0  0  0  0
  1  7  1  0  0  0  0
M  CHG  2   2   1   4  -1
M  END
$$$$
