 
WItclserve11290013453D 0   0.00000     0.00000cramer
 
  7  6  0  0  0  0  0  0  0  0  1 V2000
   -0.0835   -0.4444   -0.0005 C   0  0  0  0  0  0  0  0  0  0  0  0
   -1.2266    0.2096    0.0002 C   0  0  0  0  0  0  0  0  0  0  0  0
    1.0888    0.2385    0.0000 O   0  0  0  0  0  0  0  0  0  0  0  0
   -0.0792   -1.5244    0.0031 H   0  0  0  0  0  0  0  0  0  0  0  0
   -1.2308    1.2896    0.0011 H   0  0  0  0  0  0  0  0  0  0  0  0
   -2.1598   -0.3340   -0.0002 H   0  0  0  0  0  0  0  0  0  0  0  0
    1.7963   -0.4206   -0.0006 H   0  0  0  0  0  0  0  0  0  0  0  0
  1  2  2  0  0  0  0
  1  3  1  0  0  0  0
  1  4  1  0  0  0  0
  2  5  1  0  0  0  0
  2  6  1  0  0  0  0
  3  7  1  0  0  0  0
M  END
$$$$
