 
WItclserve11290013443D 0   0.00000     0.00000cramer
 
 30 30  0  0  0  0  0  0  0  0  1 V2000
   -4.4393    0.0924   -1.2176 C   0  0  0  0  0  0  0  0  0  0  0  0
   -5.1240   -0.1745   -0.0465 C   0  0  0  0  0  0  0  0  0  0  0  0
   -4.4662   -0.1149    1.1676 C   0  0  0  0  0  0  0  0  0  0  0  0
   -3.1233    0.2112    1.2110 C   0  0  0  0  0  0  0  0  0  0  0  0
   -2.4386    0.4770    0.0402 C   0  0  0  0  0  0  0  0  0  0  0  0
   -3.0969    0.4188   -1.1742 C   0  0  0  0  0  0  0  0  0  0  0  0
   -0.9751    0.8334    0.0876 C   0  0  0  0  0  0  0  0  0  0  0  0
   -0.1361   -0.4422   -0.0125 C   0  0  0  0  0  0  0  0  0  0  0  0
    1.2866   -0.0958    0.0336 N   0  0  0  0  0  0  0  0  0  0  0  0
    2.2377   -1.0855   -0.0406 C   0  0  0  0  0  0  0  0  0  0  0  0
    1.8767   -2.3370   -0.0402 N   0  0  0  0  0  0  0  0  0  0  0  0
    3.5744   -0.7532   -0.1154 N   0  0  0  0  0  0  0  0  0  0  0  0
    3.9647    0.5651   -0.0037 C   0  0  0  0  0  0  0  0  0  0  0  0
    5.3008    0.8845    0.0448 N   0  0  0  0  0  0  0  0  0  0  0  0
    3.0672    1.5072    0.0558 N   0  0  0  0  0  0  0  0  0  0  0  0
   -4.9522    0.0414   -2.1666 H   0  0  0  0  0  0  0  0  0  0  0  0
   -6.1730   -0.4292   -0.0804 H   0  0  0  0  0  0  0  0  0  0  0  0
   -5.0013   -0.3226    2.0824 H   0  0  0  0  0  0  0  0  0  0  0  0
   -2.6095    0.2584    2.1597 H   0  0  0  0  0  0  0  0  0  0  0  0
   -2.5619    0.6266   -2.0890 H   0  0  0  0  0  0  0  0  0  0  0  0
   -0.7345    1.4928   -0.7463 H   0  0  0  0  0  0  0  0  0  0  0  0
   -0.7548    1.3404    1.0270 H   0  0  0  0  0  0  0  0  0  0  0  0
   -0.3767   -1.1016    0.8214 H   0  0  0  0  0  0  0  0  0  0  0  0
   -0.3564   -0.9492   -0.9519 H   0  0  0  0  0  0  0  0  0  0  0  0
    1.5574    0.8320    0.1164 H   0  0  0  0  0  0  0  0  0  0  0  0
    2.5492   -3.0357   -0.0192 H   0  0  0  0  0  0  0  0  0  0  0  0
    4.2399   -1.4466   -0.2466 H   0  0  0  0  0  0  0  0  0  0  0  0
    5.5753    1.8116    0.1234 H   0  0  0  0  0  0  0  0  0  0  0  0
    5.9692    0.1829    0.0005 H   0  0  0  0  0  0  0  0  0  0  0  0
    3.3417    2.4342    0.1343 H   0  0  0  0  0  0  0  0  0  0  0  0
  1  2  1  0  0  0  0
  2  3  2  0  0  0  0
  3  4  1  0  0  0  0
  4  5  2  0  0  0  0
  5  6  1  0  0  0  0
  1  6  2  0  0  0  0
  5  7  1  0  0  0  0
  7  8  1  0  0  0  0
  8  9  1  0  0  0  0
  9 10  1  0  0  0  0
 10 11  2  0  0  0  0
 10 12  1  0  0  0  0
 12 13  1  0  0  0  0
 13 14  1  0  0  0  0
 13 15  2  0  0  0  0
  1 16  1  0  0  0  0
  2 17  1  0  0  0  0
  3 18  1  0  0  0  0
  4 19  1  0  0  0  0
  6 20  1  0  0  0  0
  7 21  1  0  0  0  0
  7 22  1  0  0  0  0
  8 23  1  0  0  0  0
  8 24  1  0  0  0  0
  9 25  1  0  0  0  0
 11 26  1  0  0  0  0
 12 27  1  0  0  0  0
 14 28  1  0  0  0  0
 14 29  1  0  0  0  0
 15 30  1  0  0  0  0
M  END
$$$$
