 
WItclserve11290013443D 0   0.00000     0.00000cramer
 
 36 35  0  0  0  0  0  0  0  0  1 V2000
    0.3222   -0.1619   -0.3569 C   0  0  0  0  0  0  0  0  0  0  0  0
   -0.7255    0.7005    0.3498 C   0  0  0  0  0  0  0  0  0  0  0  0
   -2.0686    0.1960    0.0344 N   0  0  0  0  0  0  0  0  0  0  0  0
   -2.1745   -1.1346    0.6478 C   0  0  0  0  0  0  0  0  0  0  0  0
   -1.6324   -2.1706   -0.3030 C   0  0  0  0  0  0  0  0  0  0  0  0
   -1.3241   -1.8557   -1.4280 O   0  0  0  0  0  0  0  0  0  0  0  0
   -1.4921   -3.4433    0.1000 O   0  0  0  0  0  0  0  0  0  0  0  0
   -3.0217    1.0630    0.7399 C   0  0  0  0  0  0  0  0  0  0  0  0
   -4.4000    0.8691    0.1622 C   0  0  0  0  0  0  0  0  0  0  0  0
   -4.5574    0.1522   -0.7977 O   0  0  0  0  0  0  0  0  0  0  0  0
   -5.4528    1.4926    0.7139 O   0  0  0  0  0  0  0  0  0  0  0  0
   -7.2729    1.2364   -0.0489 Na  0  0  0  0  0  0  0  0  0  0  0  0
    1.6653    0.3427   -0.0415 N   0  0  0  0  0  0  0  0  0  0  0  0
    2.6185   -0.5244   -0.7469 C   0  0  0  0  0  0  0  0  0  0  0  0
    2.7388   -1.8372   -0.0168 C   0  0  0  0  0  0  0  0  0  0  0  0
    2.0621   -2.0486    0.9616 O   0  0  0  0  0  0  0  0  0  0  0  0
    3.5977   -2.7717   -0.4534 O   0  0  0  0  0  0  0  0  0  0  0  0
    3.7567   -4.5053    0.5107 Na  0  0  0  0  0  0  0  0  0  0  0  0
    1.7712    1.6733   -0.6549 C   0  0  0  0  0  0  0  0  0  0  0  0
    2.9731    2.3900   -0.0956 C   0  0  0  0  0  0  0  0  0  0  0  0
    3.6411    1.8683    0.7654 O   0  0  0  0  0  0  0  0  0  0  0  0
    3.3016    3.6081   -0.5541 O   0  0  0  0  0  0  0  0  0  0  0  0
    4.8887    4.5545    0.1844 Na  0  0  0  0  0  0  0  0  0  0  0  0
    0.2327   -1.1937   -0.0171 H   0  0  0  0  0  0  0  0  0  0  0  0
    0.1617   -0.1188   -1.4341 H   0  0  0  0  0  0  0  0  0  0  0  0
   -0.5649    0.6575    1.4270 H   0  0  0  0  0  0  0  0  0  0  0  0
   -0.6359    1.7323    0.0100 H   0  0  0  0  0  0  0  0  0  0  0  0
   -1.5994   -1.1548    1.5735 H   0  0  0  0  0  0  0  0  0  0  0  0
   -3.2202   -1.3525    0.8648 H   0  0  0  0  0  0  0  0  0  0  0  0
   -1.1442   -4.1081   -0.5101 H   0  0  0  0  0  0  0  0  0  0  0  0
   -3.0321    0.8055    1.7989 H   0  0  0  0  0  0  0  0  0  0  0  0
   -2.7216    2.1043    0.6221 H   0  0  0  0  0  0  0  0  0  0  0  0
    2.2637   -0.7043   -1.7618 H   0  0  0  0  0  0  0  0  0  0  0  0
    3.5934   -0.0384   -0.7837 H   0  0  0  0  0  0  0  0  0  0  0  0
    1.8806    1.5681   -1.7342 H   0  0  0  0  0  0  0  0  0  0  0  0
    0.8711    2.2474   -0.4351 H   0  0  0  0  0  0  0  0  0  0  0  0
  1  2  1  0  0  0  0
  2  3  1  0  0  0  0
  3  4  1  0  0  0  0
  4  5  1  0  0  0  0
  5  6  2  0  0  0  0
  5  7  1  0  0  0  0
  3  8  1  0  0  0  0
  8  9  1  0  0  0  0
  9 10  2  0  0  0  0
  9 11  1  0  0  0  0
 11 12  1  0  0  0  0
  1 13  1  0  0  0  0
 13 14  1  0  0  0  0
 14 15  1  0  0  0  0
 15 16  2  0  0  0  0
 15 17  1  0  0  0  0
 17 18  1  0  0  0  0
 13 19  1  0  0  0  0
 19 20  1  0  0  0  0
 20 21  2  0  0  0  0
 20 22  1  0  0  0  0
 22 23  1  0  0  0  0
  1 24  1  0  0  0  0
  1 25  1  0  0  0  0
  2 26  1  0  0  0  0
  2 27  1  0  0  0  0
  4 28  1  0  0  0  0
  4 29  1  0  0  0  0
  7 30  1  0  0  0  0
  8 31  1  0  0  0  0
  8 32  1  0  0  0  0
 14 33  1  0  0  0  0
 14 34  1  0  0  0  0
 19 35  1  0  0  0  0
 19 36  1  0  0  0  0
M  END
$$$$
