 
WItclserve11290013443D 0   0.00000     0.00000cramer
 
 22 24  0  0  0  0  0  0  0  0  1 V2000
   -1.1777   -0.6957   -0.0004 C   0  0  0  0  0  0  0  0  0  0  0  0
   -2.3785   -1.3858   -0.0015 C   0  0  0  0  0  0  0  0  0  0  0  0
   -3.5747   -0.6910   -0.0015 C   0  0  0  0  0  0  0  0  0  0  0  0
   -3.5747    0.6911   -0.0010 C   0  0  0  0  0  0  0  0  0  0  0  0
   -2.3785    1.3858    0.0001 C   0  0  0  0  0  0  0  0  0  0  0  0
   -1.1777    0.6957    0.0006 C   0  0  0  0  0  0  0  0  0  0  0  0
    0.0000    1.3762    0.0012 O   0  0  0  0  0  0  0  0  0  0  0  0
    1.1777    0.6957    0.0006 C   0  0  0  0  0  0  0  0  0  0  0  0
    2.3786    1.3858    0.0000 C   0  0  0  0  0  0  0  0  0  0  0  0
    3.5747    0.6910   -0.0010 C   0  0  0  0  0  0  0  0  0  0  0  0
    3.5747   -0.6911   -0.0020 C   0  0  0  0  0  0  0  0  0  0  0  0
    2.3785   -1.3858   -0.0014 C   0  0  0  0  0  0  0  0  0  0  0  0
    1.1777   -0.6957    0.0001 C   0  0  0  0  0  0  0  0  0  0  0  0
    0.0000   -1.3762    0.0053 O   0  0  0  0  0  0  0  0  0  0  0  0
   -2.3810   -2.4658   -0.0026 H   0  0  0  0  0  0  0  0  0  0  0  0
   -4.5107   -1.2298   -0.0024 H   0  0  0  0  0  0  0  0  0  0  0  0
   -4.5107    1.2299   -0.0018 H   0  0  0  0  0  0  0  0  0  0  0  0
   -2.3810    2.4658    0.0005 H   0  0  0  0  0  0  0  0  0  0  0  0
    2.3811    2.4658    0.0000 H   0  0  0  0  0  0  0  0  0  0  0  0
    4.5107    1.2298   -0.0014 H   0  0  0  0  0  0  0  0  0  0  0  0
    4.5107   -1.2299   -0.0035 H   0  0  0  0  0  0  0  0  0  0  0  0
    2.3810   -2.4658   -0.0025 H   0  0  0  0  0  0  0  0  0  0  0  0
  1  2  1  0  0  0  0
  2  3  2  0  0  0  0
  3  4  1  0  0  0  0
  4  5  2  0  0  0  0
  5  6  1  0  0  0  0
  1  6  2  0  0  0  0
  6  7  1  0  0  0  0
  7  8  1  0  0  0  0
  8  9  1  0  0  0  0
  9 10  2  0  0  0  0
 10 11  1  0  0  0  0
 11 12  2  0  0  0  0
 12 13  1  0  0  0  0
  8 13  2  0  0  0  0
 13 14  1  0  0  0  0
  1 14  1  0  0  0  0
  2 15  1  0  0  0  0
  3 16  1  0  0  0  0
  4 17  1  0  0  0  0
  5 18  1  0  0  0  0
  9 19  1  0  0  0  0
 10 20  1  0  0  0  0
 11 21  1  0  0  0  0
 12 22  1  0  0  0  0
M  END
$$$$
