 
WItclserve11290013443D 0   0.00000     0.00000cramer
 
 24 24  0  0  0  0  0  0  0  0  1 V2000
   -3.2736   -0.7711    0.2872 N   0  0  0  0  0  0  0  0  0  0  0  0
   -4.1584    0.1274   -0.1885 C   0  0  0  0  0  0  0  0  0  0  0  0
   -5.6370   -0.1071   -0.0160 C   0  0  0  0  0  0  0  0  0  0  0  0
   -3.7646    1.1246   -0.7553 O   0  0  0  0  0  0  0  0  0  0  0  0
   -1.9082   -0.4993    0.2346 C   0  0  0  0  0  0  0  0  0  0  0  0
   -1.4535    0.8058    0.4019 C   0  0  0  0  0  0  0  0  0  0  0  0
   -0.1167    1.0798    0.3515 C   0  0  0  0  0  0  0  0  0  0  0  0
    0.8026    0.0465    0.1310 C   0  0  0  0  0  0  0  0  0  0  0  0
    0.3464   -1.2670   -0.0369 C   0  0  0  0  0  0  0  0  0  0  0  0
   -1.0023   -1.5345    0.0206 C   0  0  0  0  0  0  0  0  0  0  0  0
    2.2406    0.3394    0.0756 C   0  0  0  0  0  0  0  0  0  0  0  0
    2.6337    1.4777    0.2209 O   0  0  0  0  0  0  0  0  0  0  0  0
    3.2278   -0.7742   -0.1617 C   0  0  0  0  0  0  0  0  0  0  0  0
    4.9005   -0.1016   -0.1759 Cl  0  0  0  0  0  0  0  0  0  0  0  0
   -3.5876   -1.6053    0.6698 H   0  0  0  0  0  0  0  0  0  0  0  0
   -6.1903    0.7198   -0.4611 H   0  0  0  0  0  0  0  0  0  0  0  0
   -5.9170   -1.0384   -0.5082 H   0  0  0  0  0  0  0  0  0  0  0  0
   -5.8730   -0.1723    1.0462 H   0  0  0  0  0  0  0  0  0  0  0  0
   -2.1605    1.6044    0.5717 H   0  0  0  0  0  0  0  0  0  0  0  0
    0.2318    2.0938    0.4815 H   0  0  0  0  0  0  0  0  0  0  0  0
    1.0509   -2.0677   -0.2072 H   0  0  0  0  0  0  0  0  0  0  0  0
   -1.3584   -2.5460   -0.1080 H   0  0  0  0  0  0  0  0  0  0  0  0
    3.1401   -1.5133    0.6345 H   0  0  0  0  0  0  0  0  0  0  0  0
    3.0182   -1.2471   -1.1212 H   0  0  0  0  0  0  0  0  0  0  0  0
  1  2  1  0  0  0  0
  2  3  1  0  0  0  0
  2  4  2  0  0  0  0
  1  5  1  0  0  0  0
  5  6  1  0  0  0  0
  6  7  2  0  0  0  0
  7  8  1  0  0  0  0
  8  9  2  0  0  0  0
  9 10  1  0  0  0  0
  5 10  2  0  0  0  0
  8 11  1  0  0  0  0
 11 12  2  0  0  0  0
 11 13  1  0  0  0  0
 13 14  1  0  0  0  0
  1 15  1  0  0  0  0
  3 16  1  0  0  0  0
  3 17  1  0  0  0  0
  3 18  1  0  0  0  0
  6 19  1  0  0  0  0
  7 20  1  0  0  0  0
  9 21  1  0  0  0  0
 10 22  1  0  0  0  0
 13 23  1  0  0  0  0
 13 24  1  0  0  0  0
M  END
$$$$
