 
WItclserve11290013443D 0   0.00000     0.00000cramer
 
 16 16  0  0  0  0  0  0  0  0  1 V2000
    0.0930   -1.0562   -0.0005 C   0  0  0  0  0  0  0  0  0  0  0  0
   -1.2573   -1.3408   -0.0001 C   0  0  0  0  0  0  0  0  0  0  0  0
   -2.1837   -0.3136    0.0002 C   0  0  0  0  0  0  0  0  0  0  0  0
   -1.7637    1.0048    0.0002 C   0  0  0  0  0  0  0  0  0  0  0  0
   -0.4168    1.3028   -0.0002 C   0  0  0  0  0  0  0  0  0  0  0  0
    0.5230    0.2711   -0.0001 C   0  0  0  0  0  0  0  0  0  0  0  0
    1.9678    0.5831    0.0000 C   0  0  0  0  0  0  0  0  0  0  0  0
    2.8581   -0.3991    0.0001 C   0  0  0  0  0  0  0  0  0  0  0  0
    0.8153   -1.8591    0.0034 H   0  0  0  0  0  0  0  0  0  0  0  0
   -1.5915   -2.3678   -0.0004 H   0  0  0  0  0  0  0  0  0  0  0  0
   -3.2393   -0.5416    0.0002 H   0  0  0  0  0  0  0  0  0  0  0  0
   -2.4920    1.8023    0.0001 H   0  0  0  0  0  0  0  0  0  0  0  0
   -0.0902    2.3322   -0.0009 H   0  0  0  0  0  0  0  0  0  0  0  0
    2.2981    1.6114    0.0000 H   0  0  0  0  0  0  0  0  0  0  0  0
    3.9137   -0.1711    0.0002 H   0  0  0  0  0  0  0  0  0  0  0  0
    2.5277   -1.4273    0.0001 H   0  0  0  0  0  0  0  0  0  0  0  0
  1  2  1  0  0  0  0
  2  3  2  0  0  0  0
  3  4  1  0  0  0  0
  4  5  2  0  0  0  0
  5  6  1  0  0  0  0
  1  6  2  0  0  0  0
  6  7  1  0  0  0  0
  7  8  2  0  0  0  0
  1  9  1  0  0  0  0
  2 10  1  0  0  0  0
  3 11  1  0  0  0  0
  4 12  1  0  0  0  0
  5 13  1  0  0  0  0
  7 14  1  0  0  0  0
  8 15  1  0  0  0  0
  8 16  1  0  0  0  0
M  END
$$$$
