 
WItclserve11290013443D 0   0.00000     0.00000cramer
 
 75 80  0  0  0  0  0  0  0  0  1 V2000
   -4.3971   -0.0764   -3.6929 C   0  0  0  0  0  0  0  0  0  0  0  0
   -5.4153   -0.9671   -3.5610 C   0  0  0  0  0  0  0  0  0  0  0  0
   -5.9077   -1.3157   -2.2906 C   0  0  0  0  0  0  0  0  0  0  0  0
   -6.9602   -2.2351   -2.1442 C   0  0  0  0  0  0  0  0  0  0  0  0
   -7.4122   -2.5491   -0.8983 C   0  0  0  0  0  0  0  0  0  0  0  0
   -6.8470   -1.9723    0.2360 C   0  0  0  0  0  0  0  0  0  0  0  0
   -5.8246   -1.0761    0.1300 C   0  0  0  0  0  0  0  0  0  0  0  0
   -5.3353   -0.7312   -1.1349 C   0  0  0  0  0  0  0  0  0  0  0  0
   -4.2401    0.2249   -1.2946 C   0  0  0  0  0  0  0  0  0  0  0  0
   -3.8004    0.5262   -2.5865 C   0  0  0  0  0  0  0  0  0  0  0  0
   -2.7860    1.4092   -2.7648 O   0  0  0  0  0  0  0  0  0  0  0  0
   -3.6644    0.8091   -0.2111 N   0  0  0  0  0  0  0  0  0  0  0  0
   -2.7347    1.6891   -0.3705 N   0  0  0  0  0  0  0  0  0  0  0  0
   -2.2647    2.3888    0.7048 C   0  0  0  0  0  0  0  0  0  0  0  0
   -2.9371    2.3300    1.9292 C   0  0  0  0  0  0  0  0  0  0  0  0
   -2.4574    3.0384    3.0100 C   0  0  0  0  0  0  0  0  0  0  0  0
   -3.1808    2.9763    4.3306 C   0  0  0  0  0  0  0  0  0  0  0  0
   -1.3116    3.8072    2.8851 C   0  0  0  0  0  0  0  0  0  0  0  0
   -0.7138    4.6953    4.2517 Cl  0  0  0  0  0  0  0  0  0  0  0  0
   -0.6405    3.8699    1.6751 C   0  0  0  0  0  0  0  0  0  0  0  0
   -1.1063    3.1620    0.5873 C   0  0  0  0  0  0  0  0  0  0  0  0
   -0.2508    3.2428   -0.9509 S   0  0  0  0  0  0  0  0  0  0  0  0
   -1.1325    2.6804   -1.9130 O   0  0  0  0  0  0  0  0  0  0  0  0
    0.3104    4.5468   -1.0126 O   0  0  0  0  0  0  0  0  0  0  0  0
    0.9311    2.2877   -0.8649 O   0  0  0  0  0  0  0  0  0  0  0  0
   -0.0196   -0.0275   -0.6738 Ba  0  0  0  0  0  0  0  0  0  0  0  0
   -0.9702   -2.3426   -0.4826 O   0  0  0  0  0  0  0  0  0  0  0  0
    0.2117   -3.2977   -0.3966 S   0  0  0  0  0  0  0  0  0  0  0  0
   -0.3500   -4.5949   -0.2513 O   0  0  0  0  0  0  0  0  0  0  0  0
    1.1058   -2.8993   -1.4267 O   0  0  0  0  0  0  0  0  0  0  0  0
    1.0481   -2.9658    1.1182 C   0  0  0  0  0  0  0  0  0  0  0  0
    0.5585   -3.4727    2.3034 C   0  0  0  0  0  0  0  0  0  0  0  0
    1.2148   -3.2127    3.4951 C   0  0  0  0  0  0  0  0  0  0  0  0
    0.5912   -3.8544    4.9827 Cl  0  0  0  0  0  0  0  0  0  0  0  0
    2.3670   -2.4433    3.5053 C   0  0  0  0  0  0  0  0  0  0  0  0
    3.0747   -2.1666    4.8066 C   0  0  0  0  0  0  0  0  0  0  0  0
    2.8676   -1.9307    2.3277 C   0  0  0  0  0  0  0  0  0  0  0  0
    2.2127   -2.1929    1.1206 C   0  0  0  0  0  0  0  0  0  0  0  0
    2.7035   -1.6879   -0.0502 N   0  0  0  0  0  0  0  0  0  0  0  0
    3.6430   -0.8042   -0.0279 N   0  0  0  0  0  0  0  0  0  0  0  0
    4.3004   -0.4823   -1.1729 C   0  0  0  0  0  0  0  0  0  0  0  0
    3.9231   -1.0445   -2.3954 C   0  0  0  0  0  0  0  0  0  0  0  0
    2.8891   -1.9215   -2.4438 O   0  0  0  0  0  0  0  0  0  0  0  0
    4.6026   -0.7092   -3.5655 C   0  0  0  0  0  0  0  0  0  0  0  0
    5.6436    0.1648   -3.5636 C   0  0  0  0  0  0  0  0  0  0  0  0
    6.0765    0.7674   -2.3689 C   0  0  0  0  0  0  0  0  0  0  0  0
    7.1523    1.6713   -2.3568 C   0  0  0  0  0  0  0  0  0  0  0  0
    7.5449    2.2358   -1.1812 C   0  0  0  0  0  0  0  0  0  0  0  0
    6.8960    1.9311    0.0125 C   0  0  0  0  0  0  0  0  0  0  0  0
    5.8485    1.0582    0.0368 C   0  0  0  0  0  0  0  0  0  0  0  0
    5.4147    0.4648   -1.1541 C   0  0  0  0  0  0  0  0  0  0  0  0
   -4.0375    0.1678   -4.6816 H   0  0  0  0  0  0  0  0  0  0  0  0
   -5.8519   -1.4124   -4.4427 H   0  0  0  0  0  0  0  0  0  0  0  0
   -7.4085   -2.6902   -3.0150 H   0  0  0  0  0  0  0  0  0  0  0  0
   -8.2215   -3.2558   -0.7886 H   0  0  0  0  0  0  0  0  0  0  0  0
   -7.2235   -2.2380    1.2127 H   0  0  0  0  0  0  0  0  0  0  0  0
   -5.3950   -0.6351    1.0173 H   0  0  0  0  0  0  0  0  0  0  0  0
   -1.9740    0.8899   -2.8436 H   0  0  0  0  0  0  0  0  0  0  0  0
   -3.8304    1.7311    2.0279 H   0  0  0  0  0  0  0  0  0  0  0  0
   -2.7828    2.1535    4.9245 H   0  0  0  0  0  0  0  0  0  0  0  0
   -3.0382    3.9141    4.8675 H   0  0  0  0  0  0  0  0  0  0  0  0
   -4.2446    2.8163    4.1550 H   0  0  0  0  0  0  0  0  0  0  0  0
    0.2519    4.4714    1.5845 H   0  0  0  0  0  0  0  0  0  0  0  0
   -0.3389   -4.0735    2.3025 H   0  0  0  0  0  0  0  0  0  0  0  0
    3.8124   -2.9473    4.9922 H   0  0  0  0  0  0  0  0  0  0  0  0
    3.5752   -1.2000    4.7497 H   0  0  0  0  0  0  0  0  0  0  0  0
    2.3485   -2.1524    5.6193 H   0  0  0  0  0  0  0  0  0  0  0  0
    3.7659   -1.3311    2.3370 H   0  0  0  0  0  0  0  0  0  0  0  0
    2.0913   -1.4036   -2.6181 H   0  0  0  0  0  0  0  0  0  0  0  0
    4.2937   -1.1563   -4.4988 H   0  0  0  0  0  0  0  0  0  0  0  0
    6.1447    0.3992   -4.4911 H   0  0  0  0  0  0  0  0  0  0  0  0
    7.6653    1.9168   -3.2749 H   0  0  0  0  0  0  0  0  0  0  0  0
    8.3723    2.9299   -1.1746 H   0  0  0  0  0  0  0  0  0  0  0  0
    7.2268    2.3919    0.9315 H   0  0  0  0  0  0  0  0  0  0  0  0
    5.3535    0.8297    0.9691 H   0  0  0  0  0  0  0  0  0  0  0  0
  1  2  1  0  0  0  0
  2  3  2  0  0  0  0
  3  4  1  0  0  0  0
  4  5  2  0  0  0  0
  5  6  1  0  0  0  0
  6  7  2  0  0  0  0
  7  8  1  0  0  0  0
  3  8  1  0  0  0  0
  8  9  2  0  0  0  0
  9 10  1  0  0  0  0
  1 10  2  0  0  0  0
 10 11  1  0  0  0  0
  9 12  1  0  0  0  0
 12 13  2  0  0  0  0
 13 14  1  0  0  0  0
 14 15  1  0  0  0  0
 15 16  2  0  0  0  0
 16 17  1  0  0  0  0
 16 18  1  0  0  0  0
 18 19  1  0  0  0  0
 18 20  2  0  0  0  0
 20 21  1  0  0  0  0
 14 21  2  0  0  0  0
 21 22  1  0  0  0  0
 22 23  2  0  0  0  0
 22 24  2  0  0  0  0
 22 25  1  0  0  0  0
 25 26  1  0  0  0  0
 26 27  1  0  0  0  0
 27 28  1  0  0  0  0
 28 29  2  0  0  0  0
 28 30  2  0  0  0  0
 28 31  1  0  0  0  0
 31 32  1  0  0  0  0
 32 33  2  0  0  0  0
 33 34  1  0  0  0  0
 33 35  1  0  0  0  0
 35 36  1  0  0  0  0
 35 37  2  0  0  0  0
 37 38  1  0  0  0  0
 31 38  2  0  0  0  0
 38 39  1  0  0  0  0
 39 40  2  0  0  0  0
 40 41  1  0  0  0  0
 41 42  1  0  0  0  0
 42 43  1  0  0  0  0
 42 44  2  0  0  0  0
 44 45  1  0  0  0  0
 45 46  2  0  0  0  0
 46 47  1  0  0  0  0
 47 48  2  0  0  0  0
 48 49  1  0  0  0  0
 49 50  2  0  0  0  0
 50 51  1  0  0  0  0
 41 51  2  0  0  0  0
 46 51  1  0  0  0  0
  1 52  1  0  0  0  0
  2 53  1  0  0  0  0
  4 54  1  0  0  0  0
  5 55  1  0  0  0  0
  6 56  1  0  0  0  0
  7 57  1  0  0  0  0
 11 58  1  0  0  0  0
 15 59  1  0  0  0  0
 17 60  1  0  0  0  0
 17 61  1  0  0  0  0
 17 62  1  0  0  0  0
 20 63  1  0  0  0  0
 32 64  1  0  0  0  0
 36 65  1  0  0  0  0
 36 66  1  0  0  0  0
 36 67  1  0  0  0  0
 37 68  1  0  0  0  0
 43 69  1  0  0  0  0
 44 70  1  0  0  0  0
 45 71  1  0  0  0  0
 47 72  1  0  0  0  0
 48 73  1  0  0  0  0
 49 74  1  0  0  0  0
 50 75  1  0  0  0  0
M  END
$$$$
