 
WItclserve11290013453D 0   0.00000     0.00000cramer
 
 15 15  0  0  0  0  0  0  0  0  1 V2000
    0.2349   -1.1971   -0.0002 C   0  0  0  0  0  0  0  0  0  0  0  0
   -1.1477   -1.1971    0.0001 C   0  0  0  0  0  0  0  0  0  0  0  0
   -1.8388   -0.0002    0.0000 C   0  0  0  0  0  0  0  0  0  0  0  0
   -1.1475    1.1972    0.0000 C   0  0  0  0  0  0  0  0  0  0  0  0
    0.2346    1.1972    0.0006 C   0  0  0  0  0  0  0  0  0  0  0  0
    0.9259   -0.0001   -0.0007 C   0  0  0  0  0  0  0  0  0  0  0  0
    2.4329    0.0000    0.0000 C   0  0  0  0  0  0  0  0  0  0  0  0
    0.7749   -2.1323    0.0044 H   0  0  0  0  0  0  0  0  0  0  0  0
   -1.6877   -2.1324    0.0000 H   0  0  0  0  0  0  0  0  0  0  0  0
   -2.9188   -0.0002   -0.0005 H   0  0  0  0  0  0  0  0  0  0  0  0
   -1.6876    2.1325   -0.0008 H   0  0  0  0  0  0  0  0  0  0  0  0
    0.7745    2.1326   -0.0001 H   0  0  0  0  0  0  0  0  0  0  0  0
    2.7958   -0.0014    1.0278 H   0  0  0  0  0  0  0  0  0  0  0  0
    2.7965   -0.8893   -0.5149 H   0  0  0  0  0  0  0  0  0  0  0  0
    2.7964    0.8907   -0.5125 H   0  0  0  0  0  0  0  0  0  0  0  0
  1  2  1  0  0  0  0
  2  3  2  0  0  0  0
  3  4  1  0  0  0  0
  4  5  2  0  0  0  0
  5  6  1  0  0  0  0
  1  6  2  0  0  0  0
  6  7  1  0  0  0  0
  1  8  1  0  0  0  0
  2  9  1  0  0  0  0
  3 10  1  0  0  0  0
  4 11  1  0  0  0  0
  5 12  1  0  0  0  0
  7 13  1  0  0  0  0
  7 14  1  0  0  0  0
  7 15  1  0  0  0  0
M  END
$$$$
