 
WItclserve11290013453D 0   0.00000     0.00000cramer
 
 72 73  0  0  0  0  0  0  0  0  2 V2000
   -5.6060    0.1242   -0.4977 C   0  0  0  0  0  0  0  0  0  0  0  0
   -6.6571   -0.9450   -0.8026 C   0  0  0  0  0  0  0  0  0  0  0  0
   -5.6140    1.1782   -1.6067 C   0  0  0  0  0  0  0  0  0  0  0  0
   -5.9295    0.7902    0.8412 C   0  0  0  0  0  0  0  0  0  0  0  0
   -7.0666    1.7957    0.6491 C   0  0  0  0  0  0  0  0  0  0  0  0
   -8.1357    1.1887   -0.2616 C   0  0  0  0  0  0  0  0  0  0  0  0
   -7.6849    2.1321    2.0076 C   0  0  0  0  0  0  0  0  0  0  0  0
   -6.5162    3.0719    0.0093 C   0  0  0  0  0  0  0  0  0  0  0  0
   -4.2441   -0.5169   -0.4238 C   0  0  0  0  0  0  0  0  0  0  0  0
   -3.7345   -1.1835   -1.5229 C   0  0  0  0  0  0  0  0  0  0  0  0
   -2.4867   -1.7723   -1.4576 C   0  0  0  0  0  0  0  0  0  0  0  0
   -1.7444   -1.6941   -0.2880 C   0  0  0  0  0  0  0  0  0  0  0  0
   -0.5162   -2.2722   -0.2213 O   0  0  0  0  0  0  0  0  0  0  0  0
   -0.0127   -2.0220    1.0924 C   0  0  0  0  0  0  0  0  0  0  0  0
    1.3752   -2.6499    1.2348 C   0  0  0  0  0  0  0  0  0  0  0  0
    2.2587   -2.0767    0.2689 O   0  0  0  0  0  0  0  0  0  0  0  0
    3.5313   -2.7006    0.4517 C   0  0  0  0  0  0  0  0  0  0  0  0
    4.5292   -2.1287   -0.5573 C   0  0  0  0  0  0  0  0  0  0  0  0
    5.0007   -0.8180   -0.0906 N   0  3  0  0  0  0  0  0  0  0  0  0
    3.8504    0.0735    0.1090 C   0  0  0  0  0  0  0  0  0  0  0  0
    5.7205   -0.9805    1.1796 C   0  0  0  0  0  0  0  0  0  0  0  0
    5.9027   -0.2365   -1.0937 C   0  0  0  0  0  0  0  0  0  0  0  0
    6.3864    1.1081   -0.6149 C   0  0  0  0  0  0  0  0  0  0  0  0
    7.5417    1.1988    0.1391 C   0  0  0  0  0  0  0  0  0  0  0  0
    7.9853    2.4319    0.5782 C   0  0  0  0  0  0  0  0  0  0  0  0
    7.2739    3.5748    0.2631 C   0  0  0  0  0  0  0  0  0  0  0  0
    6.1195    3.4842   -0.4914 C   0  0  0  0  0  0  0  0  0  0  0  0
    5.6781    2.2512   -0.9343 C   0  0  0  0  0  0  0  0  0  0  0  0
   -2.2576   -1.0244    0.8130 C   0  0  0  0  0  0  0  0  0  0  0  0
   -3.5041   -0.4327    0.7409 C   0  0  0  0  0  0  0  0  0  0  0  0
   -7.6187   -0.6365   -0.3925 H   0  0  0  0  0  0  0  0  0  0  0  0
   -6.7456   -1.0701   -1.8818 H   0  0  0  0  0  0  0  0  0  0  0  0
   -6.3557   -1.8901   -0.3508 H   0  0  0  0  0  0  0  0  0  0  0  0
   -4.8151    1.8982   -1.4294 H   0  0  0  0  0  0  0  0  0  0  0  0
   -5.4586    0.6929   -2.5703 H   0  0  0  0  0  0  0  0  0  0  0  0
   -6.5741    1.6943   -1.6105 H   0  0  0  0  0  0  0  0  0  0  0  0
   -6.2342    0.0302    1.5608 H   0  0  0  0  0  0  0  0  0  0  0  0
   -5.0452    1.3082    1.2124 H   0  0  0  0  0  0  0  0  0  0  0  0
   -7.6712    0.8373   -1.1830 H   0  0  0  0  0  0  0  0  0  0  0  0
   -8.6134    0.3513    0.2469 H   0  0  0  0  0  0  0  0  0  0  0  0
   -8.8841    1.9452   -0.4976 H   0  0  0  0  0  0  0  0  0  0  0  0
   -8.5488    2.7808    1.8629 H   0  0  0  0  0  0  0  0  0  0  0  0
   -7.9996    1.2126    2.5012 H   0  0  0  0  0  0  0  0  0  0  0  0
   -6.9468    2.6424    2.6264 H   0  0  0  0  0  0  0  0  0  0  0  0
   -5.6963    3.4576    0.6151 H   0  0  0  0  0  0  0  0  0  0  0  0
   -6.1527    2.8479   -0.9936 H   0  0  0  0  0  0  0  0  0  0  0  0
   -7.3074    3.8192   -0.0496 H   0  0  0  0  0  0  0  0  0  0  0  0
   -4.3127   -1.2441   -2.4331 H   0  0  0  0  0  0  0  0  0  0  0  0
   -2.0894   -2.2934   -2.3161 H   0  0  0  0  0  0  0  0  0  0  0  0
    0.0565   -0.9466    1.2563 H   0  0  0  0  0  0  0  0  0  0  0  0
   -0.6866   -2.4592    1.8292 H   0  0  0  0  0  0  0  0  0  0  0  0
    1.7593   -2.4591    2.2369 H   0  0  0  0  0  0  0  0  0  0  0  0
    1.3060   -3.7253    1.0709 H   0  0  0  0  0  0  0  0  0  0  0  0
    3.8878   -2.5091    1.4638 H   0  0  0  0  0  0  0  0  0  0  0  0
    3.4345   -3.7753    0.2978 H   0  0  0  0  0  0  0  0  0  0  0  0
    5.3772   -2.8066   -0.6538 H   0  0  0  0  0  0  0  0  0  0  0  0
    4.0423   -2.0158   -1.5259 H   0  0  0  0  0  0  0  0  0  0  0  0
    3.2124    0.0469   -0.7744 H   0  0  0  0  0  0  0  0  0  0  0  0
    3.2814   -0.2565    0.9782 H   0  0  0  0  0  0  0  0  0  0  0  0
    4.2038    1.0918    0.2713 H   0  0  0  0  0  0  0  0  0  0  0  0
    6.5741   -1.6420    1.0315 H   0  0  0  0  0  0  0  0  0  0  0  0
    6.0704   -0.0079    1.5259 H   0  0  0  0  0  0  0  0  0  0  0  0
    5.0512   -1.4119    1.9239 H   0  0  0  0  0  0  0  0  0  0  0  0
    6.7562   -0.8981   -1.2418 H   0  0  0  0  0  0  0  0  0  0  0  0
    5.3686   -0.1160   -2.0362 H   0  0  0  0  0  0  0  0  0  0  0  0
    8.0974    0.3060    0.3852 H   0  0  0  0  0  0  0  0  0  0  0  0
    8.8874    2.5027    1.1678 H   0  0  0  0  0  0  0  0  0  0  0  0
    7.6202    4.5383    0.6069 H   0  0  0  0  0  0  0  0  0  0  0  0
    5.5636    4.3770   -0.7373 H   0  0  0  0  0  0  0  0  0  0  0  0
    4.7760    2.1804   -1.5239 H   0  0  0  0  0  0  0  0  0  0  0  0
   -1.6819   -0.9624    1.7246 H   0  0  0  0  0  0  0  0  0  0  0  0
   -3.9040    0.0892    1.5977 H   0  0  0  0  0  0  0  0  0  0  0  0
  1  2  1  0  0  0  0
  1  3  1  0  0  0  0
  1  4  1  0  0  0  0
  4  5  1  0  0  0  0
  5  6  1  0  0  0  0
  5  7  1  0  0  0  0
  5  8  1  0  0  0  0
  1  9  1  0  0  0  0
  9 10  1  0  0  0  0
 10 11  2  0  0  0  0
 11 12  1  0  0  0  0
 12 13  1  0  0  0  0
 13 14  1  0  0  0  0
 14 15  1  0  0  0  0
 15 16  1  0  0  0  0
 16 17  1  0  0  0  0
 17 18  1  0  0  0  0
 18 19  1  0  0  0  0
 19 20  1  0  0  0  0
 19 21  1  0  0  0  0
 19 22  1  0  0  0  0
 22 23  1  0  0  0  0
 23 24  1  0  0  0  0
 24 25  2  0  0  0  0
 25 26  1  0  0  0  0
 26 27  2  0  0  0  0
 27 28  1  0  0  0  0
 23 28  2  0  0  0  0
 12 29  2  0  0  0  0
 29 30  1  0  0  0  0
  9 30  2  0  0  0  0
  2 31  1  0  0  0  0
  2 32  1  0  0  0  0
  2 33  1  0  0  0  0
  3 34  1  0  0  0  0
  3 35  1  0  0  0  0
  3 36  1  0  0  0  0
  4 37  1  0  0  0  0
  4 38  1  0  0  0  0
  6 39  1  0  0  0  0
  6 40  1  0  0  0  0
  6 41  1  0  0  0  0
  7 42  1  0  0  0  0
  7 43  1  0  0  0  0
  7 44  1  0  0  0  0
  8 45  1  0  0  0  0
  8 46  1  0  0  0  0
  8 47  1  0  0  0  0
 10 48  1  0  0  0  0
 11 49  1  0  0  0  0
 14 50  1  0  0  0  0
 14 51  1  0  0  0  0
 15 52  1  0  0  0  0
 15 53  1  0  0  0  0
 17 54  1  0  0  0  0
 17 55  1  0  0  0  0
 18 56  1  0  0  0  0
 18 57  1  0  0  0  0
 20 58  1  0  0  0  0
 20 59  1  0  0  0  0
 20 60  1  0  0  0  0
 21 61  1  0  0  0  0
 21 62  1  0  0  0  0
 21 63  1  0  0  0  0
 22 64  1  0  0  0  0
 22 65  1  0  0  0  0
 24 66  1  0  0  0  0
 25 67  1  0  0  0  0
 26 68  1  0  0  0  0
 27 69  1  0  0  0  0
 28 70  1  0  0  0  0
 29 71  1  0  0  0  0
 30 72  1  0  0  0  0
M  CHG  1  19   1
M  END
$$$$
