 
WItclserve11290013453D 0   0.00000     0.00000cramer
 
 43 47  0  0  0  0  0  0  0  0  1 V2000
    0.0931    0.2275   -0.0808 C   0  0  0  0  0  0  0  0  0  0  0  0
   -0.2462    1.1616    0.8679 C   0  0  0  0  0  0  0  0  0  0  0  0
    0.7830    1.9807    1.2951 C   0  0  0  0  0  0  0  0  0  0  0  0
    2.0623    1.8127    0.7882 C   0  0  0  0  0  0  0  0  0  0  0  0
    2.3969    0.8347   -0.1464 C   0  0  0  0  0  0  0  0  0  0  0  0
    3.6691    0.6976   -0.6072 O   0  0  0  0  0  0  0  0  0  0  0  0
    4.4546    1.6974    0.0450 C   0  0  0  0  0  0  0  0  0  0  0  0
    1.3654    0.0008   -0.5891 C   0  0  0  0  0  0  0  0  0  0  0  0
    1.3443   -1.0625   -1.4257 O   0  0  0  0  0  0  0  0  0  0  0  0
    0.1683   -1.8789   -1.0701 C   0  0  0  0  0  0  0  0  0  0  0  0
    0.6218   -2.6014    0.2035 C   0  0  0  0  0  0  0  0  0  0  0  0
    1.7937   -1.9500    0.6979 O   0  0  0  0  0  0  0  0  0  0  0  0
   -0.3853   -2.6438    1.2939 C   0  0  0  0  0  0  0  0  0  0  0  0
   -1.4919   -1.9720    1.3487 C   0  0  0  0  0  0  0  0  0  0  0  0
   -1.9331   -1.0919    0.2392 C   0  0  0  0  0  0  0  0  0  0  0  0
   -2.5732    0.2167    0.6757 C   0  0  0  0  0  0  0  0  0  0  0  0
   -1.6483    1.1904    1.3837 C   0  0  0  0  0  0  0  0  0  0  0  0
   -3.1856    0.8526   -0.4999 N   0  0  0  0  0  0  0  0  0  0  0  0
   -3.7346    2.1376   -0.0468 C   0  0  0  0  0  0  0  0  0  0  0  0
   -2.1504    1.1619   -1.4851 C   0  0  0  0  0  0  0  0  0  0  0  0
   -1.4432   -0.1123   -1.9726 C   0  0  0  0  0  0  0  0  0  0  0  0
   -0.8255   -0.7723   -0.7388 C   0  0  0  0  0  0  0  0  0  0  0  0
    0.5897    2.7530    2.0248 H   0  0  0  0  0  0  0  0  0  0  0  0
    2.8411    2.4753    1.1360 H   0  0  0  0  0  0  0  0  0  0  0  0
    4.0599    2.6843   -0.1965 H   0  0  0  0  0  0  0  0  0  0  0  0
    4.4151    1.5443    1.1235 H   0  0  0  0  0  0  0  0  0  0  0  0
    5.4879    1.6263   -0.2945 H   0  0  0  0  0  0  0  0  0  0  0  0
   -0.1583   -2.5550   -1.8603 H   0  0  0  0  0  0  0  0  0  0  0  0
    0.8847   -3.6263   -0.0580 H   0  0  0  0  0  0  0  0  0  0  0  0
    2.0593   -2.4225    1.4987 H   0  0  0  0  0  0  0  0  0  0  0  0
   -0.1743   -3.3009    2.1246 H   0  0  0  0  0  0  0  0  0  0  0  0
   -2.1121   -2.0557    2.2289 H   0  0  0  0  0  0  0  0  0  0  0  0
   -2.6880   -1.6415   -0.3232 H   0  0  0  0  0  0  0  0  0  0  0  0
   -3.3866   -0.0256    1.3597 H   0  0  0  0  0  0  0  0  0  0  0  0
   -1.6320    0.9469    2.4460 H   0  0  0  0  0  0  0  0  0  0  0  0
   -2.0457    2.1984    1.2653 H   0  0  0  0  0  0  0  0  0  0  0  0
   -2.9198    2.8419    0.1208 H   0  0  0  0  0  0  0  0  0  0  0  0
   -4.4068    2.5341   -0.8078 H   0  0  0  0  0  0  0  0  0  0  0  0
   -4.2845    1.9903    0.8827 H   0  0  0  0  0  0  0  0  0  0  0  0
   -2.6078    1.6643   -2.3375 H   0  0  0  0  0  0  0  0  0  0  0  0
   -1.4149    1.8272   -1.0329 H   0  0  0  0  0  0  0  0  0  0  0  0
   -2.1651   -0.7860   -2.4342 H   0  0  0  0  0  0  0  0  0  0  0  0
   -0.6619    0.1453   -2.6877 H   0  0  0  0  0  0  0  0  0  0  0  0
  1  2  1  0  0  0  0
  2  3  2  0  0  0  0
  3  4  1  0  0  0  0
  4  5  2  0  0  0  0
  5  6  1  0  0  0  0
  6  7  1  0  0  0  0
  5  8  1  0  0  0  0
  1  8  2  0  0  0  0
  8  9  1  0  0  0  0
  9 10  1  0  0  0  0
 10 11  1  0  0  0  0
 11 12  1  0  0  0  0
 11 13  1  0  0  0  0
 13 14  2  0  0  0  0
 14 15  1  0  0  0  0
 15 16  1  0  0  0  0
 16 17  1  0  0  0  0
  2 17  1  0  0  0  0
 16 18  1  0  0  0  0
 18 19  1  0  0  0  0
 18 20  1  0  0  0  0
 20 21  1  0  0  0  0
 21 22  1  0  0  0  0
  1 22  1  0  0  0  0
 10 22  1  0  0  0  0
 15 22  1  0  0  0  0
  3 23  1  0  0  0  0
  4 24  1  0  0  0  0
  7 25  1  0  0  0  0
  7 26  1  0  0  0  0
  7 27  1  0  0  0  0
 10 28  1  0  0  0  0
 11 29  1  0  0  0  0
 12 30  1  0  0  0  0
 13 31  1  0  0  0  0
 14 32  1  0  0  0  0
 15 33  1  0  0  0  0
 16 34  1  0  0  0  0
 17 35  1  0  0  0  0
 17 36  1  0  0  0  0
 19 37  1  0  0  0  0
 19 38  1  0  0  0  0
 19 39  1  0  0  0  0
 20 40  1  0  0  0  0
 20 41  1  0  0  0  0
 21 42  1  0  0  0  0
 21 43  1  0  0  0  0
M  END
$$$$
