 
WItclserve11290013453D 0   0.00000     0.00000cramer
 
 13 13  0  0  0  0  0  0  0  0  1 V2000
   -1.6397   -0.4024   -0.4641 C   0  0  0  0  0  0  0  0  0  0  0  0
   -2.3997    0.3192    0.5074 O   0  0  0  0  0  0  0  0  0  0  0  0
   -0.1694   -0.1943   -0.2074 C   0  0  0  0  0  0  0  0  0  0  0  0
    0.7255   -1.1602    0.0677 C   0  0  0  0  0  0  0  0  0  0  0  0
    1.9766   -0.5234    0.2362 C   0  0  0  0  0  0  0  0  0  0  0  0
    1.7713    0.7934    0.0539 C   0  0  0  0  0  0  0  0  0  0  0  0
    0.4708    0.9862   -0.2202 O   0  0  0  0  0  0  0  0  0  0  0  0
   -1.8742   -1.4645   -0.3931 H   0  0  0  0  0  0  0  0  0  0  0  0
   -1.8890   -0.0412   -1.4619 H   0  0  0  0  0  0  0  0  0  0  0  0
   -3.3322    0.1594    0.3076 H   0  0  0  0  0  0  0  0  0  0  0  0
    0.5265   -2.2188    0.1457 H   0  0  0  0  0  0  0  0  0  0  0  0
    2.9166   -1.0024    0.4672 H   0  0  0  0  0  0  0  0  0  0  0  0
    2.5253    1.5644    0.1138 H   0  0  0  0  0  0  0  0  0  0  0  0
  1  2  1  0  0  0  0
  1  3  1  0  0  0  0
  3  4  2  0  0  0  0
  4  5  1  0  0  0  0
  5  6  2  0  0  0  0
  6  7  1  0  0  0  0
  3  7  1  0  0  0  0
  1  8  1  0  0  0  0
  1  9  1  0  0  0  0
  2 10  1  0  0  0  0
  4 11  1  0  0  0  0
  5 12  1  0  0  0  0
  6 13  1  0  0  0  0
M  END
$$$$
