 
WItclserve11290013443D 0   0.00000     0.00000cramer
 
  8  7  0  0  0  0  0  0  0  0  1 V2000
   -0.7650    0.0000    0.0000 C   0  0  0  0  0  0  0  0  0  0  0  0
   -1.3660   -1.6995    0.0350 Cl  0  0  0  0  0  0  0  0  0  0  0  0
   -1.3660    0.8194   -1.4893 Cl  0  0  0  0  0  0  0  0  0  0  0  0
   -1.3660    0.8801    1.4543 Cl  0  0  0  0  0  0  0  0  0  0  0  0
    0.7650    0.0000    0.0000 C   0  0  0  0  0  0  0  0  0  0  0  0
    1.3660   -0.8194    1.4893 Cl  0  0  0  0  0  0  0  0  0  0  0  0
    1.3660   -0.8801   -1.4543 Cl  0  0  0  0  0  0  0  0  0  0  0  0
    1.3660    1.6995   -0.0350 Cl  0  0  0  0  0  0  0  0  0  0  0  0
  1  2  1  0  0  0  0
  1  3  1  0  0  0  0
  1  4  1  0  0  0  0
  1  5  1  0  0  0  0
  5  6  1  0  0  0  0
  5  7  1  0  0  0  0
  5  8  1  0  0  0  0
M  END
$$$$
