 
WItclserve11290013443D 0   0.00000     0.00000cramer
 
  8  7  0  0  0  0  0  0  0  0  1 V2000
   -2.1800    0.0553    0.0000 Cl  0  0  0  0  0  0  0  0  0  0  0  0
   -0.4942   -0.5840    0.0000 C   0  0  0  0  0  0  0  0  0  0  0  0
    0.4942    0.5840    0.0000 C   0  0  0  0  0  0  0  0  0  0  0  0
    2.1800   -0.0553    0.0000 Cl  0  0  0  0  0  0  0  0  0  0  0  0
   -0.3366   -1.1932    0.8900 H   0  0  0  0  0  0  0  0  0  0  0  0
   -0.3366   -1.1933   -0.8900 H   0  0  0  0  0  0  0  0  0  0  0  0
    0.3366    1.1932   -0.8900 H   0  0  0  0  0  0  0  0  0  0  0  0
    0.3366    1.1933    0.8900 H   0  0  0  0  0  0  0  0  0  0  0  0
  1  2  1  0  0  0  0
  2  3  1  0  0  0  0
  3  4  1  0  0  0  0
  2  5  1  0  0  0  0
  2  6  1  0  0  0  0
  3  7  1  0  0  0  0
  3  8  1  0  0  0  0
M  END
$$$$
