 
WItclserve11290013453D 0   0.00000     0.00000cramer
 
 18 18  0  0  0  0  0  0  0  0  1 V2000
    0.5828   -0.6462    0.0629 C   0  0  0  0  0  0  0  0  0  0  0  0
   -0.6615    0.0544    0.1166 O   0  0  0  0  0  0  0  0  0  0  0  0
   -1.6857   -0.9005   -0.1684 C   0  0  0  0  0  0  0  0  0  0  0  0
   -3.0307   -0.2219   -0.1272 C   0  0  0  0  0  0  0  0  0  0  0  0
   -3.1107    1.0577    0.1416 C   0  0  0  0  0  0  0  0  0  0  0  0
    1.7277    0.3242    0.3606 C   0  0  0  0  0  0  0  0  0  0  0  0
    3.1533   -0.2311    0.3522 C   0  0  0  0  0  0  0  0  0  0  0  0
    2.6523    0.6061   -0.6918 O   0  0  0  0  0  0  0  0  0  0  0  0
    0.5821   -1.4455    0.8039 H   0  0  0  0  0  0  0  0  0  0  0  0
    0.7172   -1.0725   -0.9312 H   0  0  0  0  0  0  0  0  0  0  0  0
   -1.5224   -1.3236   -1.1596 H   0  0  0  0  0  0  0  0  0  0  0  0
   -1.6575   -1.6966    0.5756 H   0  0  0  0  0  0  0  0  0  0  0  0
   -3.9285   -0.7905   -0.3194 H   0  0  0  0  0  0  0  0  0  0  0  0
   -4.0746    1.5440    0.1711 H   0  0  0  0  0  0  0  0  0  0  0  0
   -2.2129    1.6264    0.3338 H   0  0  0  0  0  0  0  0  0  0  0  0
    1.4985    1.1245    1.0643 H   0  0  0  0  0  0  0  0  0  0  0  0
    3.8709    0.2011    1.0497 H   0  0  0  0  0  0  0  0  0  0  0  0
    3.2842   -1.2911    0.1346 H   0  0  0  0  0  0  0  0  0  0  0  0
  1  2  1  0  0  0  0
  2  3  1  0  0  0  0
  3  4  1  0  0  0  0
  4  5  2  0  0  0  0
  1  6  1  0  0  0  0
  6  7  1  0  0  0  0
  7  8  1  0  0  0  0
  6  8  1  0  0  0  0
  1  9  1  0  0  0  0
  1 10  1  0  0  0  0
  3 11  1  0  0  0  0
  3 12  1  0  0  0  0
  4 13  1  0  0  0  0
  5 14  1  0  0  0  0
  5 15  1  0  0  0  0
  6 16  1  0  0  0  0
  7 17  1  0  0  0  0
  7 18  1  0  0  0  0
M  END
$$$$
