 
WItclserve11290013443D 0   0.00000     0.00000cramer
 
 31 33  0  0  0  0  0  0  0  0  1 V2000
   -0.4286   -0.1186   -0.0028 N   0  0  0  0  0  0  0  0  0  0  0  0
   -1.4691    0.6438   -0.0066 N   0  0  0  0  0  0  0  0  0  0  0  0
   -2.7198    0.0931   -0.0039 C   0  0  0  0  0  0  0  0  0  0  0  0
   -3.8498    0.9161   -0.0080 C   0  0  0  0  0  0  0  0  0  0  0  0
   -5.1084    0.3532   -0.0058 C   0  0  0  0  0  0  0  0  0  0  0  0
   -5.2548   -1.0232    0.0005 C   0  0  0  0  0  0  0  0  0  0  0  0
   -4.1410   -1.8443    0.0051 C   0  0  0  0  0  0  0  0  0  0  0  0
   -2.8755   -1.2957   -0.0029 C   0  0  0  0  0  0  0  0  0  0  0  0
    0.8149    0.4289   -0.0054 C   0  0  0  0  0  0  0  0  0  0  0  0
    0.9846    1.8162   -0.0123 C   0  0  0  0  0  0  0  0  0  0  0  0
   -0.1019    2.6285   -0.0158 O   0  0  0  0  0  0  0  0  0  0  0  0
    2.2639    2.3701   -0.0150 C   0  0  0  0  0  0  0  0  0  0  0  0
    3.3801    1.5945   -0.0112 C   0  0  0  0  0  0  0  0  0  0  0  0
    3.2828    0.1915   -0.0047 C   0  0  0  0  0  0  0  0  0  0  0  0
    4.4309   -0.6185   -0.0013 C   0  0  0  0  0  0  0  0  0  0  0  0
    4.2992   -1.9741    0.0050 C   0  0  0  0  0  0  0  0  0  0  0  0
    3.0419   -2.5723    0.0080 C   0  0  0  0  0  0  0  0  0  0  0  0
    1.9070   -1.8162    0.0043 C   0  0  0  0  0  0  0  0  0  0  0  0
    2.0058   -0.4202    0.0049 C   0  0  0  0  0  0  0  0  0  0  0  0
   -3.7371    1.9902   -0.0126 H   0  0  0  0  0  0  0  0  0  0  0  0
   -5.9823    0.9878   -0.0086 H   0  0  0  0  0  0  0  0  0  0  0  0
   -6.2432   -1.4584    0.0022 H   0  0  0  0  0  0  0  0  0  0  0  0
   -4.2629   -2.9174    0.0107 H   0  0  0  0  0  0  0  0  0  0  0  0
   -2.0071   -1.9378    0.0007 H   0  0  0  0  0  0  0  0  0  0  0  0
   -0.3254    2.8003    0.9092 H   0  0  0  0  0  0  0  0  0  0  0  0
    2.3709    3.4448   -0.0206 H   0  0  0  0  0  0  0  0  0  0  0  0
    4.3539    2.0615   -0.0135 H   0  0  0  0  0  0  0  0  0  0  0  0
    5.4127   -0.1685   -0.0040 H   0  0  0  0  0  0  0  0  0  0  0  0
    5.1833   -2.5944    0.0073 H   0  0  0  0  0  0  0  0  0  0  0  0
    2.9643   -3.6495    0.0130 H   0  0  0  0  0  0  0  0  0  0  0  0
    0.9374   -2.2919    0.0060 H   0  0  0  0  0  0  0  0  0  0  0  0
  1  2  2  0  0  0  0
  2  3  1  0  0  0  0
  3  4  1  0  0  0  0
  4  5  2  0  0  0  0
  5  6  1  0  0  0  0
  6  7  2  0  0  0  0
  7  8  1  0  0  0  0
  3  8  2  0  0  0  0
  1  9  1  0  0  0  0
  9 10  1  0  0  0  0
 10 11  1  0  0  0  0
 10 12  2  0  0  0  0
 12 13  1  0  0  0  0
 13 14  2  0  0  0  0
 14 15  1  0  0  0  0
 15 16  2  0  0  0  0
 16 17  1  0  0  0  0
 17 18  2  0  0  0  0
 18 19  1  0  0  0  0
  9 19  2  0  0  0  0
 14 19  1  0  0  0  0
  4 20  1  0  0  0  0
  5 21  1  0  0  0  0
  6 22  1  0  0  0  0
  7 23  1  0  0  0  0
  8 24  1  0  0  0  0
 11 25  1  0  0  0  0
 12 26  1  0  0  0  0
 13 27  1  0  0  0  0
 15 28  1  0  0  0  0
 16 29  1  0  0  0  0
 17 30  1  0  0  0  0
 18 31  1  0  0  0  0
M  END
$$$$
