 
WItclserve11290013443D 0   0.00000     0.00000cramer
 
 24 23  0  0  0  0  0  0  0  0  1 V2000
    3.6444   -1.1446    0.1501 C   0  0  0  0  0  0  0  0  0  0  0  0
    2.5145   -0.1189    0.2614 C   0  0  0  0  0  0  0  0  0  0  0  0
    2.6946    0.9567   -0.8117 C   0  0  0  0  0  0  0  0  0  0  0  0
    1.1688   -0.8189    0.0611 C   0  0  0  0  0  0  0  0  0  0  0  0
    0.0559    0.1913    0.1707 C   0  0  0  0  0  0  0  0  0  0  0  0
    0.3127    1.3520    0.3868 O   0  0  0  0  0  0  0  0  0  0  0  0
   -1.2206   -0.1983    0.0282 O   0  0  0  0  0  0  0  0  0  0  0  0
   -2.2929    0.7750    0.1338 C   0  0  0  0  0  0  0  0  0  0  0  0
   -3.6184    0.0856   -0.0634 C   0  0  0  0  0  0  0  0  0  0  0  0
   -3.6587   -1.2041   -0.2892 C   0  0  0  0  0  0  0  0  0  0  0  0
    4.6030   -0.6459    0.2928 H   0  0  0  0  0  0  0  0  0  0  0  0
    3.5160   -1.9109    0.9146 H   0  0  0  0  0  0  0  0  0  0  0  0
    3.6189   -1.6076   -0.8363 H   0  0  0  0  0  0  0  0  0  0  0  0
    2.5399    0.3441    1.2478 H   0  0  0  0  0  0  0  0  0  0  0  0
    3.6533    1.4553   -0.6690 H   0  0  0  0  0  0  0  0  0  0  0  0
    2.6691    0.4936   -1.7981 H   0  0  0  0  0  0  0  0  0  0  0  0
    1.8897    1.6874   -0.7324 H   0  0  0  0  0  0  0  0  0  0  0  0
    1.1433   -1.2819   -0.9253 H   0  0  0  0  0  0  0  0  0  0  0  0
    1.0405   -1.5852    0.8256 H   0  0  0  0  0  0  0  0  0  0  0  0
   -2.2675    1.2381    1.1203 H   0  0  0  0  0  0  0  0  0  0  0  0
   -2.1646    1.5413   -0.6307 H   0  0  0  0  0  0  0  0  0  0  0  0
   -4.5351    0.6549   -0.0187 H   0  0  0  0  0  0  0  0  0  0  0  0
   -2.7419   -1.7734   -0.3339 H   0  0  0  0  0  0  0  0  0  0  0  0
   -4.6086   -1.6982   -0.4306 H   0  0  0  0  0  0  0  0  0  0  0  0
  1  2  1  0  0  0  0
  2  3  1  0  0  0  0
  2  4  1  0  0  0  0
  4  5  1  0  0  0  0
  5  6  2  0  0  0  0
  5  7  1  0  0  0  0
  7  8  1  0  0  0  0
  8  9  1  0  0  0  0
  9 10  2  0  0  0  0
  1 11  1  0  0  0  0
  1 12  1  0  0  0  0
  1 13  1  0  0  0  0
  2 14  1  0  0  0  0
  3 15  1  0  0  0  0
  3 16  1  0  0  0  0
  3 17  1  0  0  0  0
  4 18  1  0  0  0  0
  4 19  1  0  0  0  0
  8 20  1  0  0  0  0
  8 21  1  0  0  0  0
  9 22  1  0  0  0  0
 10 23  1  0  0  0  0
 10 24  1  0  0  0  0
M  END
$$$$
