 
WItclserve11290013453D 0   0.00000     0.00000cramer
 
 32 35  0  0  0  0  0  0  0  0  1 V2000
   -4.6140   -0.0596    0.0296 C   0  0  0  0  0  0  0  0  0  0  0  0
   -4.8940   -1.3919    0.0609 C   0  0  0  0  0  0  0  0  0  0  0  0
   -3.8709   -2.3374    0.0681 C   0  0  0  0  0  0  0  0  0  0  0  0
   -2.5639   -1.9582    0.0441 C   0  0  0  0  0  0  0  0  0  0  0  0
   -2.2345   -0.5921    0.0110 C   0  0  0  0  0  0  0  0  0  0  0  0
   -3.2770    0.3678    0.0037 C   0  0  0  0  0  0  0  0  0  0  0  0
   -2.9452    1.7355   -0.0296 C   0  0  0  0  0  0  0  0  0  0  0  0
   -1.6231    2.0774   -0.0534 C   0  0  0  0  0  0  0  0  0  0  0  0
   -0.6474    1.0828   -0.0446 C   0  0  0  0  0  0  0  0  0  0  0  0
   -0.9598   -0.1899   -0.0136 N   0  0  0  0  0  0  0  0  0  0  0  0
    0.8059    1.4807   -0.0718 C   0  0  0  0  0  0  0  0  0  0  0  0
    1.5118    0.9615    1.1581 C   0  0  0  0  0  0  0  0  0  0  0  0
    1.2519    1.2430    2.3083 O   0  0  0  0  0  0  0  0  0  0  0  0
    2.5754    0.0492    0.7010 C   0  0  0  0  0  0  0  0  0  0  0  0
    3.5131   -0.6918    1.4245 C   0  0  0  0  0  0  0  0  0  0  0  0
    4.4255   -1.4903    0.7622 C   0  0  0  0  0  0  0  0  0  0  0  0
    4.4196   -1.5632   -0.6197 C   0  0  0  0  0  0  0  0  0  0  0  0
    3.5009   -0.8387   -1.3544 C   0  0  0  0  0  0  0  0  0  0  0  0
    2.5693   -0.0250   -0.7049 C   0  0  0  0  0  0  0  0  0  0  0  0
    1.5015    0.8347   -1.2463 C   0  0  0  0  0  0  0  0  0  0  0  0
    1.2318    0.9939   -2.4175 O   0  0  0  0  0  0  0  0  0  0  0  0
   -5.4158    0.6639    0.0202 H   0  0  0  0  0  0  0  0  0  0  0  0
   -5.9228   -1.7199    0.0808 H   0  0  0  0  0  0  0  0  0  0  0  0
   -4.1187   -3.3882    0.0935 H   0  0  0  0  0  0  0  0  0  0  0  0
   -1.7828   -2.7040    0.0508 H   0  0  0  0  0  0  0  0  0  0  0  0
   -3.7146    2.4933   -0.0363 H   0  0  0  0  0  0  0  0  0  0  0  0
   -1.3343    3.1177   -0.0795 H   0  0  0  0  0  0  0  0  0  0  0  0
    0.8976    2.5654   -0.1287 H   0  0  0  0  0  0  0  0  0  0  0  0
    3.5246   -0.6406    2.5032 H   0  0  0  0  0  0  0  0  0  0  0  0
    5.1482   -2.0609    1.3266 H   0  0  0  0  0  0  0  0  0  0  0  0
    5.1374   -2.1906   -1.1270 H   0  0  0  0  0  0  0  0  0  0  0  0
    3.5028   -0.9016   -2.4326 H   0  0  0  0  0  0  0  0  0  0  0  0
  1  2  1  0  0  0  0
  2  3  2  0  0  0  0
  3  4  1  0  0  0  0
  4  5  2  0  0  0  0
  5  6  1  0  0  0  0
  1  6  2  0  0  0  0
  6  7  1  0  0  0  0
  7  8  2  0  0  0  0
  8  9  1  0  0  0  0
  9 10  2  0  0  0  0
  5 10  1  0  0  0  0
  9 11  1  0  0  0  0
 11 12  1  0  0  0  0
 12 13  2  0  0  0  0
 12 14  1  0  0  0  0
 14 15  1  0  0  0  0
 15 16  2  0  0  0  0
 16 17  1  0  0  0  0
 17 18  2  0  0  0  0
 18 19  1  0  0  0  0
 14 19  2  0  0  0  0
 19 20  1  0  0  0  0
 11 20  1  0  0  0  0
 20 21  2  0  0  0  0
  1 22  1  0  0  0  0
  2 23  1  0  0  0  0
  3 24  1  0  0  0  0
  4 25  1  0  0  0  0
  7 26  1  0  0  0  0
  8 27  1  0  0  0  0
 11 28  1  0  0  0  0
 15 29  1  0  0  0  0
 16 30  1  0  0  0  0
 17 31  1  0  0  0  0
 18 32  1  0  0  0  0
M  END
$$$$
