 
WItclserve11290013443D 0   0.00000     0.00000cramer
 
 14 14  0  0  0  0  0  0  0  0  1 V2000
    0.6175   -1.1994    0.0014 C   0  0  0  0  0  0  0  0  0  0  0  0
    1.4912   -2.6995    0.0009 Cl  0  0  0  0  0  0  0  0  0  0  0  0
    1.3059   -0.0001    0.0009 C   0  0  0  0  0  0  0  0  0  0  0  0
    3.0419   -0.0003    0.0005 Cl  0  0  0  0  0  0  0  0  0  0  0  0
    0.6180    1.1991    0.0004 C   0  0  0  0  0  0  0  0  0  0  0  0
    1.4921    2.6990   -0.0013 Cl  0  0  0  0  0  0  0  0  0  0  0  0
   -0.7812    1.2066    0.0008 C   0  0  0  0  0  0  0  0  0  0  0  0
   -1.4922    2.4496   -0.0003 C   0  0  0  0  0  0  0  0  0  0  0  0
   -2.0562    3.4357   -0.0011 N   0  0  0  0  0  0  0  0  0  0  0  0
   -1.4821    0.0003    0.0017 C   0  0  0  0  0  0  0  0  0  0  0  0
   -3.2181    0.0005    0.0021 Cl  0  0  0  0  0  0  0  0  0  0  0  0
   -0.7813   -1.2065   -0.0036 C   0  0  0  0  0  0  0  0  0  0  0  0
   -1.4926   -2.4493   -0.0032 C   0  0  0  0  0  0  0  0  0  0  0  0
   -2.0569   -3.4353   -0.0028 N   0  0  0  0  0  0  0  0  0  0  0  0
  1  2  1  0  0  0  0
  1  3  1  0  0  0  0
  3  4  1  0  0  0  0
  3  5  2  0  0  0  0
  5  6  1  0  0  0  0
  5  7  1  0  0  0  0
  7  8  1  0  0  0  0
  8  9  3  0  0  0  0
  7 10  2  0  0  0  0
 10 11  1  0  0  0  0
 10 12  1  0  0  0  0
  1 12  2  0  0  0  0
 12 13  1  0  0  0  0
 13 14  3  0  0  0  0
M  END
$$$$
