 
WItclserve11290013443D 0   0.00000     0.00000cramer
 
 19 19  0  0  0  0  0  0  0  0  2 V2000
    3.1796   -0.6540    0.6185 O   0  5  0  0  0  0  0  0  0  0  0  0
    2.1759   -0.9964    0.0195 N   0  3  0  0  0  0  0  0  0  0  0  0
    2.1451   -2.0710   -0.5530 O   0  0  0  0  0  0  0  0  0  0  0  0
    0.9914   -0.1091   -0.0077 C   0  0  0  0  0  0  0  0  0  0  0  0
   -0.2797   -0.6516    0.0324 C   0  0  0  0  0  0  0  0  0  0  0  0
   -1.3857    0.1768    0.0070 C   0  0  0  0  0  0  0  0  0  0  0  0
   -1.2211    1.5480   -0.0580 C   0  0  0  0  0  0  0  0  0  0  0  0
    0.0496    2.0903   -0.0971 C   0  0  0  0  0  0  0  0  0  0  0  0
    1.1561    1.2618   -0.0674 C   0  0  0  0  0  0  0  0  0  0  0  0
    2.5416    1.8532   -0.1101 C   0  0  0  0  0  0  0  0  0  0  0  0
   -2.7466   -0.4040    0.0489 N   0  3  0  0  0  0  0  0  0  0  0  0
   -3.7213    0.3261    0.0265 O   0  0  0  0  0  0  0  0  0  0  0  0
   -2.8917   -1.6120    0.1058 O   0  5  0  0  0  0  0  0  0  0  0  0
   -0.4083   -1.7227    0.0832 H   0  0  0  0  0  0  0  0  0  0  0  0
   -2.0853    2.1953   -0.0786 H   0  0  0  0  0  0  0  0  0  0  0  0
    0.1783    3.1614   -0.1483 H   0  0  0  0  0  0  0  0  0  0  0  0
    2.9264    1.9507    0.9051 H   0  0  0  0  0  0  0  0  0  0  0  0
    3.1975    1.2006   -0.6862 H   0  0  0  0  0  0  0  0  0  0  0  0
    2.5028    2.8359   -0.5799 H   0  0  0  0  0  0  0  0  0  0  0  0
  1  2  1  0  0  0  0
  2  3  2  0  0  0  0
  2  4  1  0  0  0  0
  4  5  1  0  0  0  0
  5  6  2  0  0  0  0
  6  7  1  0  0  0  0
  7  8  2  0  0  0  0
  8  9  1  0  0  0  0
  4  9  2  0  0  0  0
  9 10  1  0  0  0  0
  6 11  1  0  0  0  0
 11 12  2  0  0  0  0
 11 13  1  0  0  0  0
  5 14  1  0  0  0  0
  7 15  1  0  0  0  0
  8 16  1  0  0  0  0
 10 17  1  0  0  0  0
 10 18  1  0  0  0  0
 10 19  1  0  0  0  0
M  CHG  4   1  -1   2   1  11   1  13  -1
M  END
$$$$
