 
WItclserve11290013443D 0   0.00000     0.00000cramer
 
 18 18  0  0  0  0  0  0  0  0  1 V2000
   -1.8577    0.4941    0.0006 C   0  0  0  0  0  0  0  0  0  0  0  0
   -2.1167   -0.8641    0.0004 C   0  0  0  0  0  0  0  0  0  0  0  0
   -1.0729   -1.7700   -0.0003 C   0  0  0  0  0  0  0  0  0  0  0  0
    0.2361   -1.3228   -0.0004 C   0  0  0  0  0  0  0  0  0  0  0  0
    0.5039    0.0357   -0.0002 C   0  0  0  0  0  0  0  0  0  0  0  0
   -0.5479    0.9498    0.0001 C   0  0  0  0  0  0  0  0  0  0  0  0
   -0.2831    2.3242   -0.0002 N   0  0  0  0  0  0  0  0  0  0  0  0
    1.7905    0.4768    0.0001 O   0  0  0  0  0  0  0  0  0  0  0  0
    2.6249   -0.6833    0.0002 C   0  0  0  0  0  0  0  0  0  0  0  0
   -2.6752    1.1999   -0.0033 H   0  0  0  0  0  0  0  0  0  0  0  0
   -3.1371   -1.2179    0.0012 H   0  0  0  0  0  0  0  0  0  0  0  0
   -1.2798   -2.8300   -0.0005 H   0  0  0  0  0  0  0  0  0  0  0  0
    1.0494   -2.0334   -0.0003 H   0  0  0  0  0  0  0  0  0  0  0  0
   -1.0162    2.9594    0.0000 H   0  0  0  0  0  0  0  0  0  0  0  0
    0.6335    2.6415   -0.0006 H   0  0  0  0  0  0  0  0  0  0  0  0
    3.6714   -0.3782    0.0005 H   0  0  0  0  0  0  0  0  0  0  0  0
    2.4197   -1.2784    0.8901 H   0  0  0  0  0  0  0  0  0  0  0  0
    2.4202   -1.2782   -0.8899 H   0  0  0  0  0  0  0  0  0  0  0  0
  1  2  1  0  0  0  0
  2  3  2  0  0  0  0
  3  4  1  0  0  0  0
  4  5  2  0  0  0  0
  5  6  1  0  0  0  0
  1  6  2  0  0  0  0
  6  7  1  0  0  0  0
  5  8  1  0  0  0  0
  8  9  1  0  0  0  0
  1 10  1  0  0  0  0
  2 11  1  0  0  0  0
  3 12  1  0  0  0  0
  4 13  1  0  0  0  0
  7 14  1  0  0  0  0
  7 15  1  0  0  0  0
  9 16  1  0  0  0  0
  9 17  1  0  0  0  0
  9 18  1  0  0  0  0
M  END
$$$$
