 
WItclserve11290013443D 0   0.00000     0.00000cramer
 
 17 16  0  0  0  0  0  0  0  0  1 V2000
    0.0000   -0.2795   -0.0238 P   0  0  0  0  0  0  0  0  0  0  0  0
    0.0000   -1.4420   -0.9398 O   0  0  0  0  0  0  0  0  0  0  0  0
    1.3146   -0.3277    0.9045 O   0  0  0  0  0  0  0  0  0  0  0  0
    2.4416   -0.2822    0.0272 C   0  0  0  0  0  0  0  0  0  0  0  0
    0.0000    1.0815   -0.8838 O   0  0  0  0  0  0  0  0  0  0  0  0
    0.0000    2.1615    0.0519 C   0  0  0  0  0  0  0  0  0  0  0  0
   -1.3146   -0.3277    0.9045 O   0  0  0  0  0  0  0  0  0  0  0  0
   -2.4416   -0.2822    0.0272 C   0  0  0  0  0  0  0  0  0  0  0  0
    2.4123   -1.1383   -0.6468 H   0  0  0  0  0  0  0  0  0  0  0  0
    2.4123    0.6392   -0.5544 H   0  0  0  0  0  0  0  0  0  0  0  0
    3.3600   -0.3126    0.6136 H   0  0  0  0  0  0  0  0  0  0  0  0
    0.8900    2.0996    0.6782 H   0  0  0  0  0  0  0  0  0  0  0  0
    0.0000    3.1090   -0.4868 H   0  0  0  0  0  0  0  0  0  0  0  0
   -0.8900    2.0996    0.6782 H   0  0  0  0  0  0  0  0  0  0  0  0
   -2.4123    0.6392   -0.5544 H   0  0  0  0  0  0  0  0  0  0  0  0
   -2.4123   -1.1383   -0.6468 H   0  0  0  0  0  0  0  0  0  0  0  0
   -3.3600   -0.3126    0.6135 H   0  0  0  0  0  0  0  0  0  0  0  0
  1  2  2  0  0  0  0
  1  3  1  0  0  0  0
  3  4  1  0  0  0  0
  1  5  1  0  0  0  0
  5  6  1  0  0  0  0
  1  7  1  0  0  0  0
  7  8  1  0  0  0  0
  4  9  1  0  0  0  0
  4 10  1  0  0  0  0
  4 11  1  0  0  0  0
  6 12  1  0  0  0  0
  6 13  1  0  0  0  0
  6 14  1  0  0  0  0
  8 15  1  0  0  0  0
  8 16  1  0  0  0  0
  8 17  1  0  0  0  0
M  END
$$$$
