 
WItclserve11290013443D 0   0.00000     0.00000cramer
 
 20 19  0  0  0  0  0  0  0  0  1 V2000
    0.0000    0.0552    0.0040 C   0  0  0  0  0  0  0  0  0  0  0  0
    0.0000   -1.6568    0.0000 S   0  0  0  0  0  0  0  0  0  0  0  0
    1.1672    0.7291    0.0028 N   0  0  0  0  0  0  0  0  0  0  0  0
    2.4359   -0.0034   -0.0020 C   0  0  0  0  0  0  0  0  0  0  0  0
    3.5988    0.9908   -0.0025 C   0  0  0  0  0  0  0  0  0  0  0  0
   -1.1672    0.7291    0.0028 N   0  0  0  0  0  0  0  0  0  0  0  0
   -2.4359   -0.0034   -0.0020 C   0  0  0  0  0  0  0  0  0  0  0  0
   -3.5988    0.9908   -0.0025 C   0  0  0  0  0  0  0  0  0  0  0  0
    1.1672    1.6991    0.0050 H   0  0  0  0  0  0  0  0  0  0  0  0
    2.4958   -0.6321    0.8864 H   0  0  0  0  0  0  0  0  0  0  0  0
    2.4915   -0.6280   -0.8936 H   0  0  0  0  0  0  0  0  0  0  0  0
    4.5428    0.4458   -0.0060 H   0  0  0  0  0  0  0  0  0  0  0  0
    3.5390    1.6196   -0.8908 H   0  0  0  0  0  0  0  0  0  0  0  0
    3.5432    1.6154    0.8891 H   0  0  0  0  0  0  0  0  0  0  0  0
   -1.1672    1.6991    0.0050 H   0  0  0  0  0  0  0  0  0  0  0  0
   -2.4915   -0.6280   -0.8936 H   0  0  0  0  0  0  0  0  0  0  0  0
   -2.4958   -0.6321    0.8864 H   0  0  0  0  0  0  0  0  0  0  0  0
   -4.5428    0.4459   -0.0060 H   0  0  0  0  0  0  0  0  0  0  0  0
   -3.5432    1.6154    0.8891 H   0  0  0  0  0  0  0  0  0  0  0  0
   -3.5390    1.6196   -0.8908 H   0  0  0  0  0  0  0  0  0  0  0  0
  1  2  2  0  0  0  0
  1  3  1  0  0  0  0
  3  4  1  0  0  0  0
  4  5  1  0  0  0  0
  1  6  1  0  0  0  0
  6  7  1  0  0  0  0
  7  8  1  0  0  0  0
  3  9  1  0  0  0  0
  4 10  1  0  0  0  0
  4 11  1  0  0  0  0
  5 12  1  0  0  0  0
  5 13  1  0  0  0  0
  5 14  1  0  0  0  0
  6 15  1  0  0  0  0
  7 16  1  0  0  0  0
  7 17  1  0  0  0  0
  8 18  1  0  0  0  0
  8 19  1  0  0  0  0
  8 20  1  0  0  0  0
M  END
$$$$
