 
WItclserve11290013443D 0   0.00000     0.00000cramer
 
  9  8  0  0  0  0  0  0  0  0  1 V2000
    0.0555   -0.2756   -0.4336 C   0  0  0  0  0  0  0  0  0  0  0  0
   -1.2767   -0.8989   -0.1054 C   0  0  0  0  0  0  0  0  0  0  0  0
   -2.5185    0.3961    0.0732 Cl  0  0  0  0  0  0  0  0  0  0  0  0
    1.0785   -0.4549    0.3673 C   0  0  0  0  0  0  0  0  0  0  0  0
    2.6132    0.2631   -0.0107 Cl  0  0  0  0  0  0  0  0  0  0  0  0
    0.1690    0.3151   -1.3306 H   0  0  0  0  0  0  0  0  0  0  0  0
   -1.5695   -1.5747   -0.9090 H   0  0  0  0  0  0  0  0  0  0  0  0
   -1.1969   -1.4569    0.8276 H   0  0  0  0  0  0  0  0  0  0  0  0
    0.9662   -1.0493    1.2620 H   0  0  0  0  0  0  0  0  0  0  0  0
  1  2  1  0  0  0  0
  2  3  1  0  0  0  0
  1  4  2  0  0  0  0
  4  5  1  0  0  0  0
  1  6  1  0  0  0  0
  2  7  1  0  0  0  0
  2  8  1  0  0  0  0
  4  9  1  0  0  0  0
M  END
$$$$
