 
WItclserve11290013443D 0   0.00000     0.00000cramer
 
 10  9  0  0  0  0  0  0  0  0  1 V2000
   -0.4845    0.0420   -0.0013 C   0  0  0  0  0  0  0  0  0  0  0  0
   -1.6850   -0.5707    0.0000 N   0  0  0  0  0  0  0  0  0  0  0  0
   -0.4219    1.2555    0.0004 O   0  0  0  0  0  0  0  0  0  0  0  0
    0.6452   -0.6904    0.0010 O   0  0  0  0  0  0  0  0  0  0  0  0
    1.9384   -0.0303   -0.0004 C   0  0  0  0  0  0  0  0  0  0  0  0
   -1.7350   -1.5394   -0.0014 H   0  0  0  0  0  0  0  0  0  0  0  0
   -2.4989   -0.0430    0.0023 H   0  0  0  0  0  0  0  0  0  0  0  0
    2.0287    0.5902   -0.8921 H   0  0  0  0  0  0  0  0  0  0  0  0
    2.0281    0.5950    0.8879 H   0  0  0  0  0  0  0  0  0  0  0  0
    2.7292   -0.7804    0.0019 H   0  0  0  0  0  0  0  0  0  0  0  0
  1  2  1  0  0  0  0
  1  3  2  0  0  0  0
  1  4  1  0  0  0  0
  4  5  1  0  0  0  0
  2  6  1  0  0  0  0
  2  7  1  0  0  0  0
  5  8  1  0  0  0  0
  5  9  1  0  0  0  0
  5 10  1  0  0  0  0
M  END
$$$$
