 
WItclserve11290013443D 0   0.00000     0.00000cramer
 
 14 14  0  0  0  0  0  0  0  0  1 V2000
    1.1990   -1.2020   -0.0002 C   0  0  0  0  0  0  0  0  0  0  0  0
   -0.1823   -1.1990   -0.0004 C   0  0  0  0  0  0  0  0  0  0  0  0
   -0.8727   -0.0001   -0.0002 C   0  0  0  0  0  0  0  0  0  0  0  0
   -2.6087    0.0000    0.0002 Cl  0  0  0  0  0  0  0  0  0  0  0  0
   -0.1820    1.1993    0.0001 C   0  0  0  0  0  0  0  0  0  0  0  0
    1.1989    1.2022   -0.0002 C   0  0  0  0  0  0  0  0  0  0  0  0
    1.8947   -0.0001    0.0001 C   0  0  0  0  0  0  0  0  0  0  0  0
    3.2921   -0.0001    0.0002 N   0  0  0  0  0  0  0  0  0  0  0  0
    1.7375   -2.1382    0.0041 H   0  0  0  0  0  0  0  0  0  0  0  0
   -0.7238   -2.1335   -0.0010 H   0  0  0  0  0  0  0  0  0  0  0  0
   -0.7235    2.1337    0.0002 H   0  0  0  0  0  0  0  0  0  0  0  0
    1.7374    2.1384   -0.0004 H   0  0  0  0  0  0  0  0  0  0  0  0
    3.7771   -0.8402    0.0004 H   0  0  0  0  0  0  0  0  0  0  0  0
    3.7772    0.8399    0.0001 H   0  0  0  0  0  0  0  0  0  0  0  0
  1  2  1  0  0  0  0
  2  3  2  0  0  0  0
  3  4  1  0  0  0  0
  3  5  1  0  0  0  0
  5  6  2  0  0  0  0
  6  7  1  0  0  0  0
  1  7  2  0  0  0  0
  7  8  1  0  0  0  0
  1  9  1  0  0  0  0
  2 10  1  0  0  0  0
  5 11  1  0  0  0  0
  6 12  1  0  0  0  0
  8 13  1  0  0  0  0
  8 14  1  0  0  0  0
M  END
$$$$
