 
WItclserve11290013453D 0   0.00000     0.00000cramer
 
 13 12  0  0  0  0  0  0  0  0  2 V2000
    0.0000    0.0000    0.0000 C   0  0  0  0  0  0  0  0  0  0  0  0
    0.8458    0.0012    1.1962 N   0  3  0  0  0  0  0  0  0  0  0  0
    2.0587    0.0011    1.0844 O   0  0  0  0  0  0  0  0  0  0  0  0
    0.3362    0.0023    2.3024 O   0  5  0  0  0  0  0  0  0  0  0  0
    0.8458   -0.0012   -1.1962 N   0  3  0  0  0  0  0  0  0  0  0  0
    0.3362   -0.0023   -2.3024 O   0  0  0  0  0  0  0  0  0  0  0  0
    2.0587   -0.0010   -1.0844 O   0  5  0  0  0  0  0  0  0  0  0  0
   -0.8458   -1.1962    0.0012 N   0  3  0  0  0  0  0  0  0  0  0  0
   -2.0587   -1.0844    0.0011 O   0  0  0  0  0  0  0  0  0  0  0  0
   -0.3361   -2.3024    0.0023 O   0  5  0  0  0  0  0  0  0  0  0  0
   -0.8458    1.1962   -0.0012 N   0  3  0  0  0  0  0  0  0  0  0  0
   -0.3362    2.3024   -0.0023 O   0  0  0  0  0  0  0  0  0  0  0  0
   -2.0587    1.0844   -0.0011 O   0  5  0  0  0  0  0  0  0  0  0  0
  1  2  1  0  0  0  0
  2  3  2  0  0  0  0
  2  4  1  0  0  0  0
  1  5  1  0  0  0  0
  5  6  2  0  0  0  0
  5  7  1  0  0  0  0
  1  8  1  0  0  0  0
  8  9  2  0  0  0  0
  8 10  1  0  0  0  0
  1 11  1  0  0  0  0
 11 12  2  0  0  0  0
 11 13  1  0  0  0  0
M  CHG  8   2   1   4  -1   5   1   7  -1   8   1  10  -1  11   1  13  -1
M  END
$$$$
