 
WItclserve11290013443D 0   0.00000     0.00000cramer
 
  8  7  0  0  0  0  0  0  0  0  1 V2000
    0.0000   -0.4218    0.4655 C   0  0  0  0  0  0  0  0  0  0  0  0
   -0.0001   -1.8140   -0.1691 C   0  0  0  0  0  0  0  0  0  0  0  0
    1.4722    0.4775   -0.0586 Cl  0  0  0  0  0  0  0  0  0  0  0  0
   -1.4721    0.4776   -0.0586 Cl  0  0  0  0  0  0  0  0  0  0  0  0
    0.0000   -0.5174    1.5513 H   0  0  0  0  0  0  0  0  0  0  0  0
   -0.8901   -2.3577    0.1478 H   0  0  0  0  0  0  0  0  0  0  0  0
   -0.0001   -1.7184   -1.2549 H   0  0  0  0  0  0  0  0  0  0  0  0
    0.8899   -2.3578    0.1478 H   0  0  0  0  0  0  0  0  0  0  0  0
  1  2  1  0  0  0  0
  1  3  1  0  0  0  0
  1  4  1  0  0  0  0
  1  5  1  0  0  0  0
  2  6  1  0  0  0  0
  2  7  1  0  0  0  0
  2  8  1  0  0  0  0
M  END
$$$$
