 
WItclserve11290013443D 0   0.00000     0.00000cramer
 
 14 15  0  0  0  0  0  0  0  0  1 V2000
   -2.1459    0.7029    0.0002 C   0  0  0  0  0  0  0  0  0  0  0  0
   -2.1542   -0.6862    0.0001 C   0  0  0  0  0  0  0  0  0  0  0  0
   -0.9860   -1.3906    0.0000 C   0  0  0  0  0  0  0  0  0  0  0  0
    0.2384   -0.7089    0.0000 C   0  0  0  0  0  0  0  0  0  0  0  0
    1.5223   -1.1194   -0.0001 N   0  0  0  0  0  0  0  0  0  0  0  0
    2.3151   -0.1064   -0.0001 N   0  0  0  0  0  0  0  0  0  0  0  0
    1.5609    1.0765    0.0000 N   0  0  0  0  0  0  0  0  0  0  0  0
    0.2398    0.6968    0.0001 C   0  0  0  0  0  0  0  0  0  0  0  0
   -0.9653    1.3912    0.0002 C   0  0  0  0  0  0  0  0  0  0  0  0
   -3.0808    1.2437   -0.0043 H   0  0  0  0  0  0  0  0  0  0  0  0
   -3.0961   -1.2144    0.0005 H   0  0  0  0  0  0  0  0  0  0  0  0
   -1.0047   -2.4705    0.0003 H   0  0  0  0  0  0  0  0  0  0  0  0
    1.9042    1.9837    0.0001 H   0  0  0  0  0  0  0  0  0  0  0  0
   -0.9680    2.4711   -0.0002 H   0  0  0  0  0  0  0  0  0  0  0  0
  1  2  1  0  0  0  0
  2  3  2  0  0  0  0
  3  4  1  0  0  0  0
  4  5  1  0  0  0  0
  5  6  2  0  0  0  0
  6  7  1  0  0  0  0
  7  8  1  0  0  0  0
  4  8  2  0  0  0  0
  8  9  1  0  0  0  0
  1  9  2  0  0  0  0
  1 10  1  0  0  0  0
  2 11  1  0  0  0  0
  3 12  1  0  0  0  0
  7 13  1  0  0  0  0
  9 14  1  0  0  0  0
M  END
$$$$
