 
WItclserve11290013443D 0   0.00000     0.00000cramer
 
 38 37  0  0  0  0  0  0  0  0  1 V2000
   -0.5648   -0.3626   -0.6953 C   0  0  0  0  0  0  0  0  0  0  0  0
   -1.9310   -0.9701   -0.3703 C   0  0  0  0  0  0  0  0  0  0  0  0
   -2.9421    0.1332   -0.1932 C   0  0  0  0  0  0  0  0  0  0  0  0
   -2.6046    1.2871   -0.3144 O   0  0  0  0  0  0  0  0  0  0  0  0
   -4.2175   -0.1659    0.0992 O   0  0  0  0  0  0  0  0  0  0  0  0
   -5.1917    0.8972    0.2698 C   0  0  0  0  0  0  0  0  0  0  0  0
   -6.5578    0.2897    0.5948 C   0  0  0  0  0  0  0  0  0  0  0  0
   -0.0460    0.7205    0.6642 S   0  0  0  0  0  0  0  0  0  0  0  0
    1.8254    1.3788   -0.0834 P   0  0  0  0  0  0  0  0  0  0  0  0
    1.6230    2.0827   -1.3694 O   0  0  0  0  0  0  0  0  0  0  0  0
    2.5038    2.3827    0.9769 O   0  0  0  0  0  0  0  0  0  0  0  0
    3.7549    2.7893    0.4187 C   0  0  0  0  0  0  0  0  0  0  0  0
    2.7886    0.1092   -0.3124 O   0  0  0  0  0  0  0  0  0  0  0  0
    2.9448   -0.5252    0.9585 C   0  0  0  0  0  0  0  0  0  0  0  0
    0.4463   -1.4660   -0.8724 C   0  0  0  0  0  0  0  0  0  0  0  0
    1.0287   -1.5886   -1.9239 O   0  0  0  0  0  0  0  0  0  0  0  0
    0.6998   -2.3125    0.1380 O   0  0  0  0  0  0  0  0  0  0  0  0
    1.6740   -3.3755   -0.0326 C   0  0  0  0  0  0  0  0  0  0  0  0
    1.7721   -4.1896    1.2591 C   0  0  0  0  0  0  0  0  0  0  0  0
   -0.6347    0.2173   -1.6155 H   0  0  0  0  0  0  0  0  0  0  0  0
   -2.2427   -1.6210   -1.1872 H   0  0  0  0  0  0  0  0  0  0  0  0
   -1.8611   -1.5501    0.5499 H   0  0  0  0  0  0  0  0  0  0  0  0
   -4.8799    1.5481    1.0867 H   0  0  0  0  0  0  0  0  0  0  0  0
   -5.2616    1.4772   -0.6504 H   0  0  0  0  0  0  0  0  0  0  0  0
   -6.4880   -0.2902    1.5150 H   0  0  0  0  0  0  0  0  0  0  0  0
   -7.2892    1.0878    0.7229 H   0  0  0  0  0  0  0  0  0  0  0  0
   -6.8696   -0.3611   -0.2221 H   0  0  0  0  0  0  0  0  0  0  0  0
    4.2537    3.4737    1.1049 H   0  0  0  0  0  0  0  0  0  0  0  0
    4.3833    1.9131    0.2588 H   0  0  0  0  0  0  0  0  0  0  0  0
    3.5821    3.2911   -0.5334 H   0  0  0  0  0  0  0  0  0  0  0  0
    1.9697   -0.8412    1.3293 H   0  0  0  0  0  0  0  0  0  0  0  0
    3.5928   -1.3953    0.8531 H   0  0  0  0  0  0  0  0  0  0  0  0
    3.3912    0.1770    1.6627 H   0  0  0  0  0  0  0  0  0  0  0  0
    1.3622   -4.0264   -0.8495 H   0  0  0  0  0  0  0  0  0  0  0  0
    2.6473   -2.9428   -0.2641 H   0  0  0  0  0  0  0  0  0  0  0  0
    2.0839   -3.5388    2.0760 H   0  0  0  0  0  0  0  0  0  0  0  0
    0.7988   -4.6224    1.4906 H   0  0  0  0  0  0  0  0  0  0  0  0
    2.5034   -4.9877    1.1310 H   0  0  0  0  0  0  0  0  0  0  0  0
  1  2  1  0  0  0  0
  2  3  1  0  0  0  0
  3  4  2  0  0  0  0
  3  5  1  0  0  0  0
  5  6  1  0  0  0  0
  6  7  1  0  0  0  0
  1  8  1  0  0  0  0
  8  9  1  0  0  0  0
  9 10  2  0  0  0  0
  9 11  1  0  0  0  0
 11 12  1  0  0  0  0
  9 13  1  0  0  0  0
 13 14  1  0  0  0  0
  1 15  1  0  0  0  0
 15 16  2  0  0  0  0
 15 17  1  0  0  0  0
 17 18  1  0  0  0  0
 18 19  1  0  0  0  0
  1 20  1  0  0  0  0
  2 21  1  0  0  0  0
  2 22  1  0  0  0  0
  6 23  1  0  0  0  0
  6 24  1  0  0  0  0
  7 25  1  0  0  0  0
  7 26  1  0  0  0  0
  7 27  1  0  0  0  0
 12 28  1  0  0  0  0
 12 29  1  0  0  0  0
 12 30  1  0  0  0  0
 14 31  1  0  0  0  0
 14 32  1  0  0  0  0
 14 33  1  0  0  0  0
 18 34  1  0  0  0  0
 18 35  1  0  0  0  0
 19 36  1  0  0  0  0
 19 37  1  0  0  0  0
 19 38  1  0  0  0  0
M  END
$$$$
