 
WItclserve11290013443D 0   0.00000     0.00000cramer
 
 25 26  0  0  0  0  0  0  0  0  1 V2000
    0.0628   -0.8500    0.0713 N   0  0  0  0  0  0  0  0  0  0  0  0
    0.0297   -2.1347    0.1838 N   0  0  0  0  0  0  0  0  0  0  0  0
   -1.0355   -2.7053    0.3366 O   0  0  0  0  0  0  0  0  0  0  0  0
    1.2910   -0.1870   -0.0126 C   0  0  0  0  0  0  0  0  0  0  0  0
    2.4773   -0.9074    0.0558 C   0  0  0  0  0  0  0  0  0  0  0  0
    3.6883   -0.2495   -0.0279 C   0  0  0  0  0  0  0  0  0  0  0  0
    3.7215    1.1249   -0.1796 C   0  0  0  0  0  0  0  0  0  0  0  0
    2.5430    1.8449   -0.2480 C   0  0  0  0  0  0  0  0  0  0  0  0
    1.3280    1.1927   -0.1703 C   0  0  0  0  0  0  0  0  0  0  0  0
   -1.1296   -0.1211    0.0275 C   0  0  0  0  0  0  0  0  0  0  0  0
   -1.3880    0.8496    0.9877 C   0  0  0  0  0  0  0  0  0  0  0  0
   -2.5665    1.5675    0.9415 C   0  0  0  0  0  0  0  0  0  0  0  0
   -3.4895    1.3211   -0.0588 C   0  0  0  0  0  0  0  0  0  0  0  0
   -3.2358    0.3556   -1.0156 C   0  0  0  0  0  0  0  0  0  0  0  0
   -2.0560   -0.3617   -0.9793 C   0  0  0  0  0  0  0  0  0  0  0  0
    2.4521   -1.9805    0.1746 H   0  0  0  0  0  0  0  0  0  0  0  0
    4.6107   -0.8087    0.0256 H   0  0  0  0  0  0  0  0  0  0  0  0
    4.6702    1.6370   -0.2444 H   0  0  0  0  0  0  0  0  0  0  0  0
    2.5725    2.9179   -0.3665 H   0  0  0  0  0  0  0  0  0  0  0  0
    0.4078    1.7555   -0.2241 H   0  0  0  0  0  0  0  0  0  0  0  0
   -0.6681    1.0420    1.7694 H   0  0  0  0  0  0  0  0  0  0  0  0
   -2.7680    2.3221    1.6874 H   0  0  0  0  0  0  0  0  0  0  0  0
   -4.4107    1.8839   -0.0924 H   0  0  0  0  0  0  0  0  0  0  0  0
   -3.9590    0.1652   -1.7948 H   0  0  0  0  0  0  0  0  0  0  0  0
   -1.8583   -1.1154   -1.7271 H   0  0  0  0  0  0  0  0  0  0  0  0
  1  2  1  0  0  0  0
  2  3  2  0  0  0  0
  1  4  1  0  0  0  0
  4  5  1  0  0  0  0
  5  6  2  0  0  0  0
  6  7  1  0  0  0  0
  7  8  2  0  0  0  0
  8  9  1  0  0  0  0
  4  9  2  0  0  0  0
  1 10  1  0  0  0  0
 10 11  1  0  0  0  0
 11 12  2  0  0  0  0
 12 13  1  0  0  0  0
 13 14  2  0  0  0  0
 14 15  1  0  0  0  0
 10 15  2  0  0  0  0
  5 16  1  0  0  0  0
  6 17  1  0  0  0  0
  7 18  1  0  0  0  0
  8 19  1  0  0  0  0
  9 20  1  0  0  0  0
 11 21  1  0  0  0  0
 12 22  1  0  0  0  0
 13 23  1  0  0  0  0
 14 24  1  0  0  0  0
 15 25  1  0  0  0  0
M  END
$$$$
