 
WItclserve11290013443D 0   0.00000     0.00000cramer
 
 25 25  0  0  0  0  0  0  0  0  1 V2000
   -3.2427   -0.7828   -0.2461 O   0  0  0  0  0  0  0  0  0  0  0  0
   -3.3419    0.3977    0.0232 C   0  0  0  0  0  0  0  0  0  0  0  0
   -4.5603    0.9591    0.1539 O   0  0  0  0  0  0  0  0  0  0  0  0
   -6.1967   -0.1457   -0.0941 Na  0  0  0  0  0  0  0  0  0  0  0  0
   -2.1308    1.2140    0.2127 C   0  0  0  0  0  0  0  0  0  0  0  0
   -0.9141    0.6521    0.0876 C   0  0  0  0  0  0  0  0  0  0  0  0
   -0.7561   -1.2165   -0.1555 Br  0  0  0  0  0  0  0  0  0  0  0  0
    0.2971    1.4948    0.1401 C   0  0  0  0  0  0  0  0  0  0  0  0
    0.1942    2.7058    0.1705 O   0  0  0  0  0  0  0  0  0  0  0  0
    1.6311    0.8677    0.1556 C   0  0  0  0  0  0  0  0  0  0  0  0
    1.8284   -0.3462    0.8238 C   0  0  0  0  0  0  0  0  0  0  0  0
    3.0752   -0.9280    0.8352 C   0  0  0  0  0  0  0  0  0  0  0  0
    4.1389   -0.3113    0.1844 C   0  0  0  0  0  0  0  0  0  0  0  0
    5.3665   -0.8886    0.1983 O   0  0  0  0  0  0  0  0  0  0  0  0
    6.2351   -0.0301   -0.5437 C   0  0  0  0  0  0  0  0  0  0  0  0
    3.9476    0.8950   -0.4808 C   0  0  0  0  0  0  0  0  0  0  0  0
    2.7027    1.4814   -0.5024 C   0  0  0  0  0  0  0  0  0  0  0  0
   -2.2189    2.2634    0.4521 H   0  0  0  0  0  0  0  0  0  0  0  0
    1.0034   -0.8253    1.3299 H   0  0  0  0  0  0  0  0  0  0  0  0
    3.2283   -1.8647    1.3505 H   0  0  0  0  0  0  0  0  0  0  0  0
    5.8648    0.0671   -1.5643 H   0  0  0  0  0  0  0  0  0  0  0  0
    6.2643    0.9524   -0.0726 H   0  0  0  0  0  0  0  0  0  0  0  0
    7.2387   -0.4550   -0.5603 H   0  0  0  0  0  0  0  0  0  0  0  0
    4.7763    1.3702   -0.9847 H   0  0  0  0  0  0  0  0  0  0  0  0
    2.5549    2.4180   -1.0195 H   0  0  0  0  0  0  0  0  0  0  0  0
  1  2  2  0  0  0  0
  2  3  1  0  0  0  0
  3  4  1  0  0  0  0
  2  5  1  0  0  0  0
  5  6  2  0  0  0  0
  6  7  1  0  0  0  0
  6  8  1  0  0  0  0
  8  9  2  0  0  0  0
  8 10  1  0  0  0  0
 10 11  1  0  0  0  0
 11 12  2  0  0  0  0
 12 13  1  0  0  0  0
 13 14  1  0  0  0  0
 14 15  1  0  0  0  0
 13 16  2  0  0  0  0
 16 17  1  0  0  0  0
 10 17  2  0  0  0  0
  5 18  1  0  0  0  0
 11 19  1  0  0  0  0
 12 20  1  0  0  0  0
 15 21  1  0  0  0  0
 15 22  1  0  0  0  0
 15 23  1  0  0  0  0
 16 24  1  0  0  0  0
 17 25  1  0  0  0  0
M  END
$$$$
