 
WItclserve11290013443D 0   0.00000     0.00000cramer
 
 44 46  0  0  0  0  0  0  0  0  2 V2000
   -3.0344   -4.0900    0.5267 C   0  0  0  0  0  0  0  0  0  0  0  0
   -4.0953   -4.6806   -0.1358 C   0  0  0  0  0  0  0  0  0  0  0  0
   -4.9129   -3.9219   -0.9529 C   0  0  0  0  0  0  0  0  0  0  0  0
   -4.6730   -2.5708   -1.1099 C   0  0  0  0  0  0  0  0  0  0  0  0
   -3.6087   -1.9743   -0.4456 C   0  0  0  0  0  0  0  0  0  0  0  0
   -2.7887   -2.7399    0.3744 C   0  0  0  0  0  0  0  0  0  0  0  0
   -3.3628   -0.6082   -0.6024 N   0  0  0  0  0  0  0  0  0  0  0  0
   -2.0853   -0.0937   -0.3516 C   0  0  0  0  0  0  0  0  0  0  0  0
   -0.9620   -0.7678   -0.8137 C   0  0  0  0  0  0  0  0  0  0  0  0
    0.2978   -0.2604   -0.5664 C   0  0  0  0  0  0  0  0  0  0  0  0
    0.4422    0.9240    0.1450 C   0  0  0  0  0  0  0  0  0  0  0  0
    1.7197    1.4382    0.3963 N   0  0  0  0  0  0  0  0  0  0  0  0
    2.8315    0.5932    0.3639 C   0  0  0  0  0  0  0  0  0  0  0  0
    2.7699   -0.6618    0.9572 C   0  0  0  0  0  0  0  0  0  0  0  0
    3.8708   -1.4944    0.9234 C   0  0  0  0  0  0  0  0  0  0  0  0
    5.0341   -1.0804    0.3002 C   0  0  0  0  0  0  0  0  0  0  0  0
    5.0989    0.1677   -0.2912 C   0  0  0  0  0  0  0  0  0  0  0  0
    3.9995    1.0033   -0.2665 C   0  0  0  0  0  0  0  0  0  0  0  0
    4.0698    2.3394   -0.8999 N   0  3  0  0  0  0  0  0  0  0  0  0
    5.0680    2.6703   -1.5143 O   0  0  0  0  0  0  0  0  0  0  0  0
    3.1294    3.1078   -0.8067 O   0  5  0  0  0  0  0  0  0  0  0  0
    6.2127   -1.9755    0.2668 N   0  3  0  0  0  0  0  0  0  0  0  0
    6.1573   -3.0751    0.7876 O   0  0  0  0  0  0  0  0  0  0  0  0
    7.2378   -1.6123   -0.2816 O   0  5  0  0  0  0  0  0  0  0  0  0
   -0.6808    1.5981    0.6066 C   0  0  0  0  0  0  0  0  0  0  0  0
   -1.9412    1.0936    0.3542 C   0  0  0  0  0  0  0  0  0  0  0  0
   -3.3660    1.9492    0.9393 S   0  0  0  0  0  0  0  0  0  0  0  0
   -4.3956    0.9732    1.0219 O   0  0  0  0  0  0  0  0  0  0  0  0
   -2.9144    2.7612    2.0144 O   0  0  0  0  0  0  0  0  0  0  0  0
   -3.7983    2.9147   -0.1549 O   0  0  0  0  0  0  0  0  0  0  0  0
   -5.0792    1.9305   -1.3172 Na  0  0  0  0  0  0  0  0  0  0  0  0
   -2.4002   -4.6847    1.1674 H   0  0  0  0  0  0  0  0  0  0  0  0
   -4.2852   -5.7368   -0.0148 H   0  0  0  0  0  0  0  0  0  0  0  0
   -5.7400   -4.3863   -1.4693 H   0  0  0  0  0  0  0  0  0  0  0  0
   -5.3118   -1.9788   -1.7485 H   0  0  0  0  0  0  0  0  0  0  0  0
   -1.9606   -2.2792    0.8925 H   0  0  0  0  0  0  0  0  0  0  0  0
   -4.0772   -0.0161   -0.8851 H   0  0  0  0  0  0  0  0  0  0  0  0
   -1.0742   -1.6889   -1.3662 H   0  0  0  0  0  0  0  0  0  0  0  0
    1.1711   -0.7845   -0.9256 H   0  0  0  0  0  0  0  0  0  0  0  0
    1.8328    2.3813    0.5929 H   0  0  0  0  0  0  0  0  0  0  0  0
    1.8621   -0.9854    1.4446 H   0  0  0  0  0  0  0  0  0  0  0  0
    3.8236   -2.4700    1.3843 H   0  0  0  0  0  0  0  0  0  0  0  0
    6.0089    0.4879   -0.7770 H   0  0  0  0  0  0  0  0  0  0  0  0
   -0.5685    2.5189    1.1597 H   0  0  0  0  0  0  0  0  0  0  0  0
  1  2  1  0  0  0  0
  2  3  2  0  0  0  0
  3  4  1  0  0  0  0
  4  5  2  0  0  0  0
  5  6  1  0  0  0  0
  1  6  2  0  0  0  0
  5  7  1  0  0  0  0
  7  8  1  0  0  0  0
  8  9  1  0  0  0  0
  9 10  2  0  0  0  0
 10 11  1  0  0  0  0
 11 12  1  0  0  0  0
 12 13  1  0  0  0  0
 13 14  1  0  0  0  0
 14 15  2  0  0  0  0
 15 16  1  0  0  0  0
 16 17  2  0  0  0  0
 17 18  1  0  0  0  0
 13 18  2  0  0  0  0
 18 19  1  0  0  0  0
 19 20  2  0  0  0  0
 19 21  1  0  0  0  0
 16 22  1  0  0  0  0
 22 23  2  0  0  0  0
 22 24  1  0  0  0  0
 11 25  2  0  0  0  0
 25 26  1  0  0  0  0
  8 26  2  0  0  0  0
 26 27  1  0  0  0  0
 27 28  2  0  0  0  0
 27 29  2  0  0  0  0
 27 30  1  0  0  0  0
 30 31  1  0  0  0  0
  1 32  1  0  0  0  0
  2 33  1  0  0  0  0
  3 34  1  0  0  0  0
  4 35  1  0  0  0  0
  6 36  1  0  0  0  0
  7 37  1  0  0  0  0
  9 38  1  0  0  0  0
 10 39  1  0  0  0  0
 12 40  1  0  0  0  0
 14 41  1  0  0  0  0
 15 42  1  0  0  0  0
 17 43  1  0  0  0  0
 25 44  1  0  0  0  0
M  CHG  4  19   1  21  -1  22   1  24  -1
M  END
$$$$
