 
WItclserve11290013453D 0   0.00000     0.00000cramer
 
 25 25  0  0  0  0  0  0  0  0  1 V2000
    0.1386   -1.0032    0.4261 C   0  0  0  0  0  0  0  0  0  0  0  0
   -1.3357   -0.8723    0.1033 C   0  0  0  0  0  0  0  0  0  0  0  0
   -2.0320   -1.8528   -0.0576 O   0  0  0  0  0  0  0  0  0  0  0  0
   -1.8927    0.4798   -0.0086 C   0  0  0  0  0  0  0  0  0  0  0  0
   -3.3865    0.6691   -0.0697 C   0  0  0  0  0  0  0  0  0  0  0  0
   -1.0932    1.5383   -0.0570 C   0  0  0  0  0  0  0  0  0  0  0  0
    0.4021    1.4416    0.0077 C   0  0  0  0  0  0  0  0  0  0  0  0
    0.8831    0.0514   -0.4052 C   0  0  0  0  0  0  0  0  0  0  0  0
    2.3648   -0.0643   -0.1555 C   0  0  0  0  0  0  0  0  0  0  0  0
    3.1791   -0.3154   -1.1505 C   0  0  0  0  0  0  0  0  0  0  0  0
    2.9097    0.1089    1.2388 C   0  0  0  0  0  0  0  0  0  0  0  0
    0.3032   -0.8221    1.4883 H   0  0  0  0  0  0  0  0  0  0  0  0
    0.4894   -2.0004    0.1603 H   0  0  0  0  0  0  0  0  0  0  0  0
   -3.6151    1.7318   -0.1510 H   0  0  0  0  0  0  0  0  0  0  0  0
   -3.7840    0.1446   -0.9386 H   0  0  0  0  0  0  0  0  0  0  0  0
   -3.8410    0.2680    0.8362 H   0  0  0  0  0  0  0  0  0  0  0  0
   -1.5413    2.5169   -0.1470 H   0  0  0  0  0  0  0  0  0  0  0  0
    0.8375    2.1836   -0.6615 H   0  0  0  0  0  0  0  0  0  0  0  0
    0.7296    1.6453    1.0272 H   0  0  0  0  0  0  0  0  0  0  0  0
    0.6770   -0.1063   -1.4639 H   0  0  0  0  0  0  0  0  0  0  0  0
    4.2409   -0.3982   -0.9715 H   0  0  0  0  0  0  0  0  0  0  0  0
    2.7886   -0.4395   -2.1497 H   0  0  0  0  0  0  0  0  0  0  0  0
    2.6575    1.1035    1.6065 H   0  0  0  0  0  0  0  0  0  0  0  0
    2.4725   -0.6430    1.8958 H   0  0  0  0  0  0  0  0  0  0  0  0
    3.9932   -0.0086    1.2227 H   0  0  0  0  0  0  0  0  0  0  0  0
  1  2  1  0  0  0  0
  2  3  2  0  0  0  0
  2  4  1  0  0  0  0
  4  5  1  0  0  0  0
  4  6  2  0  0  0  0
  6  7  1  0  0  0  0
  7  8  1  0  0  0  0
  1  8  1  0  0  0  0
  8  9  1  0  0  0  0
  9 10  2  0  0  0  0
  9 11  1  0  0  0  0
  1 12  1  0  0  0  0
  1 13  1  0  0  0  0
  5 14  1  0  0  0  0
  5 15  1  0  0  0  0
  5 16  1  0  0  0  0
  6 17  1  0  0  0  0
  7 18  1  0  0  0  0
  7 19  1  0  0  0  0
  8 20  1  0  0  0  0
 10 21  1  0  0  0  0
 10 22  1  0  0  0  0
 11 23  1  0  0  0  0
 11 24  1  0  0  0  0
 11 25  1  0  0  0  0
M  END
$$$$
