 
WItclserve11290013453D 0   0.00000     0.00000cramer
 
 10  9  0  0  0  0  0  0  0  0  1 V2000
    1.4024    0.5575    0.1673 O   0  0  0  0  0  0  0  0  0  0  0  0
    0.7108   -0.6092   -0.2828 C   0  0  0  0  0  0  0  0  0  0  0  0
   -0.7108   -0.6093    0.2826 C   0  0  0  0  0  0  0  0  0  0  0  0
   -1.4024    0.5575   -0.1671 O   0  0  0  0  0  0  0  0  0  0  0  0
    2.2916    0.5185   -0.2107 H   0  0  0  0  0  0  0  0  0  0  0  0
    0.6687   -0.6090   -1.3720 H   0  0  0  0  0  0  0  0  0  0  0  0
    1.2383   -1.4993    0.0602 H   0  0  0  0  0  0  0  0  0  0  0  0
   -1.2383   -1.4992   -0.0607 H   0  0  0  0  0  0  0  0  0  0  0  0
   -0.6686   -0.6095    1.3718 H   0  0  0  0  0  0  0  0  0  0  0  0
   -2.2916    0.5184    0.2108 H   0  0  0  0  0  0  0  0  0  0  0  0
  1  2  1  0  0  0  0
  2  3  1  0  0  0  0
  3  4  1  0  0  0  0
  1  5  1  0  0  0  0
  2  6  1  0  0  0  0
  2  7  1  0  0  0  0
  3  8  1  0  0  0  0
  3  9  1  0  0  0  0
  4 10  1  0  0  0  0
M  END
$$$$
