 
WItclserve11290013443D 0   0.00000     0.00000cramer
 
 28 28  0  0  0  0  0  0  0  0  1 V2000
   -3.3077   -0.2940   -1.2551 O   0  0  0  0  0  0  0  0  0  0  0  0
   -3.1754   -0.0944    0.2054 P   0  0  0  0  0  0  0  0  0  0  0  0
   -3.4115    1.4586    0.5584 O   0  0  0  0  0  0  0  0  0  0  0  0
   -3.2714    1.5861    1.9748 C   0  0  0  0  0  0  0  0  0  0  0  0
   -4.2715   -0.9914    0.9710 O   0  0  0  0  0  0  0  0  0  0  0  0
   -5.5536   -0.5565    0.5137 C   0  0  0  0  0  0  0  0  0  0  0  0
   -1.6995   -0.5333    0.6755 O   0  0  0  0  0  0  0  0  0  0  0  0
   -0.8194    0.1616   -0.0930 C   0  0  0  0  0  0  0  0  0  0  0  0
   -1.2622    1.0943   -0.9348 C   0  0  0  0  0  0  0  0  0  0  0  0
   -0.1585    1.8749   -2.0240 Cl  0  0  0  0  0  0  0  0  0  0  0  0
    0.6303   -0.1179    0.0056 C   0  0  0  0  0  0  0  0  0  0  0  0
    1.5236    0.9124    0.2997 C   0  0  0  0  0  0  0  0  0  0  0  0
    2.8750    0.6458    0.3904 C   0  0  0  0  0  0  0  0  0  0  0  0
    3.9881    1.9268    0.7563 Cl  0  0  0  0  0  0  0  0  0  0  0  0
    3.3448   -0.6427    0.1904 C   0  0  0  0  0  0  0  0  0  0  0  0
    5.0455   -0.9708    0.3072 Cl  0  0  0  0  0  0  0  0  0  0  0  0
    2.4633   -1.6688   -0.1016 C   0  0  0  0  0  0  0  0  0  0  0  0
    1.1086   -1.4147   -0.1896 C   0  0  0  0  0  0  0  0  0  0  0  0
    0.0042   -2.7030   -0.5560 Cl  0  0  0  0  0  0  0  0  0  0  0  0
   -4.0126    0.9595    2.4710 H   0  0  0  0  0  0  0  0  0  0  0  0
   -2.2713    1.2697    2.2710 H   0  0  0  0  0  0  0  0  0  0  0  0
   -3.4236    2.6263    2.2627 H   0  0  0  0  0  0  0  0  0  0  0  0
   -5.6221   -0.6989   -0.5648 H   0  0  0  0  0  0  0  0  0  0  0  0
   -6.3320   -1.1384    1.0072 H   0  0  0  0  0  0  0  0  0  0  0  0
   -5.6845    0.4995    0.7499 H   0  0  0  0  0  0  0  0  0  0  0  0
   -2.3078    1.3648   -0.9398 H   0  0  0  0  0  0  0  0  0  0  0  0
    1.1586    1.9168    0.4558 H   0  0  0  0  0  0  0  0  0  0  0  0
    2.8349   -2.6709   -0.2565 H   0  0  0  0  0  0  0  0  0  0  0  0
  1  2  2  0  0  0  0
  2  3  1  0  0  0  0
  3  4  1  0  0  0  0
  2  5  1  0  0  0  0
  5  6  1  0  0  0  0
  2  7  1  0  0  0  0
  7  8  1  0  0  0  0
  8  9  2  0  0  0  0
  9 10  1  0  0  0  0
  8 11  1  0  0  0  0
 11 12  1  0  0  0  0
 12 13  2  0  0  0  0
 13 14  1  0  0  0  0
 13 15  1  0  0  0  0
 15 16  1  0  0  0  0
 15 17  2  0  0  0  0
 17 18  1  0  0  0  0
 11 18  2  0  0  0  0
 18 19  1  0  0  0  0
  4 20  1  0  0  0  0
  4 21  1  0  0  0  0
  4 22  1  0  0  0  0
  6 23  1  0  0  0  0
  6 24  1  0  0  0  0
  6 25  1  0  0  0  0
  9 26  1  0  0  0  0
 12 27  1  0  0  0  0
 17 28  1  0  0  0  0
M  END
$$$$
