 
WItclserve11290013443D 0   0.00000     0.00000cramer
 
 26 27  0  0  0  0  0  0  0  0  1 V2000
    0.5064   -0.4840    1.0160 N   0  0  0  0  0  0  0  0  0  0  0  0
   -0.5064    0.4840    1.0160 N   0  0  0  0  0  0  0  0  0  0  0  0
   -1.7351    0.2091    0.4112 C   0  0  0  0  0  0  0  0  0  0  0  0
   -2.7406    1.1678    0.4103 C   0  0  0  0  0  0  0  0  0  0  0  0
   -3.9541    0.8928   -0.1884 C   0  0  0  0  0  0  0  0  0  0  0  0
   -4.1691   -0.3355   -0.7868 C   0  0  0  0  0  0  0  0  0  0  0  0
   -3.1708   -1.2920   -0.7873 C   0  0  0  0  0  0  0  0  0  0  0  0
   -1.9524   -1.0212   -0.1955 C   0  0  0  0  0  0  0  0  0  0  0  0
    1.7351   -0.2091    0.4112 C   0  0  0  0  0  0  0  0  0  0  0  0
    2.7406   -1.1678    0.4103 C   0  0  0  0  0  0  0  0  0  0  0  0
    3.9540   -0.8928   -0.1885 C   0  0  0  0  0  0  0  0  0  0  0  0
    4.1692    0.3356   -0.7866 C   0  0  0  0  0  0  0  0  0  0  0  0
    3.1707    1.2919   -0.7875 C   0  0  0  0  0  0  0  0  0  0  0  0
    1.9524    1.0211   -0.1957 C   0  0  0  0  0  0  0  0  0  0  0  0
    0.3559   -1.3435    1.4396 H   0  0  0  0  0  0  0  0  0  0  0  0
   -0.3544    1.3450    1.4360 H   0  0  0  0  0  0  0  0  0  0  0  0
   -2.5734    2.1270    0.8777 H   0  0  0  0  0  0  0  0  0  0  0  0
   -4.7363    1.6375   -0.1891 H   0  0  0  0  0  0  0  0  0  0  0  0
   -5.1192   -0.5480   -1.2544 H   0  0  0  0  0  0  0  0  0  0  0  0
   -3.3421   -2.2502   -1.2551 H   0  0  0  0  0  0  0  0  0  0  0  0
   -1.1730   -1.7688   -0.1963 H   0  0  0  0  0  0  0  0  0  0  0  0
    2.5734   -2.1270    0.8777 H   0  0  0  0  0  0  0  0  0  0  0  0
    4.7361   -1.6377   -0.1896 H   0  0  0  0  0  0  0  0  0  0  0  0
    5.1195    0.5483   -1.2536 H   0  0  0  0  0  0  0  0  0  0  0  0
    3.3421    2.2503   -1.2550 H   0  0  0  0  0  0  0  0  0  0  0  0
    1.1727    1.7685   -0.1970 H   0  0  0  0  0  0  0  0  0  0  0  0
  1  2  1  0  0  0  0
  2  3  1  0  0  0  0
  3  4  1  0  0  0  0
  4  5  2  0  0  0  0
  5  6  1  0  0  0  0
  6  7  2  0  0  0  0
  7  8  1  0  0  0  0
  3  8  2  0  0  0  0
  1  9  1  0  0  0  0
  9 10  1  0  0  0  0
 10 11  2  0  0  0  0
 11 12  1  0  0  0  0
 12 13  2  0  0  0  0
 13 14  1  0  0  0  0
  9 14  2  0  0  0  0
  1 15  1  0  0  0  0
  2 16  1  0  0  0  0
  4 17  1  0  0  0  0
  5 18  1  0  0  0  0
  6 19  1  0  0  0  0
  7 20  1  0  0  0  0
  8 21  1  0  0  0  0
 10 22  1  0  0  0  0
 11 23  1  0  0  0  0
 12 24  1  0  0  0  0
 13 25  1  0  0  0  0
 14 26  1  0  0  0  0
M  END
$$$$
