 
WItclserve11290013443D 0   0.00000     0.00000cramer
 
 28 28  0  0  0  0  0  0  0  0  2 V2000
   -0.8830    0.4124    0.2323 C   0  0  0  0  0  0  0  0  0  0  0  0
   -1.3637   -0.8904    0.2454 C   0  0  0  0  0  0  0  0  0  0  0  0
   -0.4796   -1.9568    0.1548 C   0  0  0  0  0  0  0  0  0  0  0  0
    0.8774   -1.7215    0.0517 C   0  0  0  0  0  0  0  0  0  0  0  0
    1.3569   -0.4201    0.0387 C   0  0  0  0  0  0  0  0  0  0  0  0
    2.6930   -0.1891   -0.0628 O   0  0  0  0  0  0  0  0  0  0  0  0
    3.3285   -1.4669   -0.1377 C   0  0  0  0  0  0  0  0  0  0  0  0
    4.8423   -1.2775   -0.2541 C   0  0  0  0  0  0  0  0  0  0  0  0
    0.4738    0.6462    0.1292 C   0  0  0  0  0  0  0  0  0  0  0  0
    0.9864    2.0346    0.1153 N   0  3  0  0  0  0  0  0  0  0  0  0
    0.2113    2.9708    0.1948 O   0  0  0  0  0  0  0  0  0  0  0  0
    2.1834    2.2411    0.0244 O   0  5  0  0  0  0  0  0  0  0  0  0
   -2.7405   -1.1283    0.3504 N   0  0  0  0  0  0  0  0  0  0  0  0
   -3.6180   -0.2532   -0.1793 C   0  0  0  0  0  0  0  0  0  0  0  0
   -3.2174    0.6867   -0.8330 O   0  0  0  0  0  0  0  0  0  0  0  0
   -5.0968   -0.4425    0.0406 C   0  0  0  0  0  0  0  0  0  0  0  0
   -1.5706    1.2425    0.2983 H   0  0  0  0  0  0  0  0  0  0  0  0
   -0.8528   -2.9702    0.1652 H   0  0  0  0  0  0  0  0  0  0  0  0
    1.5654   -2.5511   -0.0184 H   0  0  0  0  0  0  0  0  0  0  0  0
    3.1020   -2.0387    0.7622 H   0  0  0  0  0  0  0  0  0  0  0  0
    2.9613   -2.0046   -1.0119 H   0  0  0  0  0  0  0  0  0  0  0  0
    5.2095   -0.7398    0.6201 H   0  0  0  0  0  0  0  0  0  0  0  0
    5.3270   -2.2521   -0.3113 H   0  0  0  0  0  0  0  0  0  0  0  0
    5.0688   -0.7057   -1.1540 H   0  0  0  0  0  0  0  0  0  0  0  0
   -3.0621   -1.9230    0.8044 H   0  0  0  0  0  0  0  0  0  0  0  0
   -5.3115   -0.4167    1.1089 H   0  0  0  0  0  0  0  0  0  0  0  0
   -5.6437    0.3569   -0.4594 H   0  0  0  0  0  0  0  0  0  0  0  0
   -5.4048   -1.4046   -0.3688 H   0  0  0  0  0  0  0  0  0  0  0  0
  1  2  1  0  0  0  0
  2  3  2  0  0  0  0
  3  4  1  0  0  0  0
  4  5  2  0  0  0  0
  5  6  1  0  0  0  0
  6  7  1  0  0  0  0
  7  8  1  0  0  0  0
  5  9  1  0  0  0  0
  1  9  2  0  0  0  0
  9 10  1  0  0  0  0
 10 11  2  0  0  0  0
 10 12  1  0  0  0  0
  2 13  1  0  0  0  0
 13 14  1  0  0  0  0
 14 15  2  0  0  0  0
 14 16  1  0  0  0  0
  1 17  1  0  0  0  0
  3 18  1  0  0  0  0
  4 19  1  0  0  0  0
  7 20  1  0  0  0  0
  7 21  1  0  0  0  0
  8 22  1  0  0  0  0
  8 23  1  0  0  0  0
  8 24  1  0  0  0  0
 13 25  1  0  0  0  0
 16 26  1  0  0  0  0
 16 27  1  0  0  0  0
 16 28  1  0  0  0  0
M  CHG  2  10   1  12  -1
M  END
$$$$
