 
WItclserve11290013443D 0   0.00000     0.00000cramer
 
 25 24  0  0  0  0  0  0  0  0  1 V2000
    0.6940    0.4988   -0.0331 C   0  0  0  0  0  0  0  0  0  0  0  0
    1.4055   -1.3339   -0.0141 Br  0  0  0  0  0  0  0  0  0  0  0  0
    1.4792    1.3610    0.9573 C   0  0  0  0  0  0  0  0  0  0  0  0
    2.9554    1.3828    0.5557 C   0  0  0  0  0  0  0  0  0  0  0  0
    0.8313    1.0846   -1.4398 C   0  0  0  0  0  0  0  0  0  0  0  0
    0.2776    2.5108   -1.4546 C   0  0  0  0  0  0  0  0  0  0  0  0
   -0.7600    0.4773    0.3624 C   0  0  0  0  0  0  0  0  0  0  0  0
   -1.1315    1.0909    1.3398 O   0  0  0  0  0  0  0  0  0  0  0  0
   -1.6474   -0.2241   -0.3704 N   0  0  0  0  0  0  0  0  0  0  0  0
   -2.9478   -0.2433   -0.0167 C   0  0  0  0  0  0  0  0  0  0  0  0
   -3.8352   -0.9447   -0.7495 N   0  0  0  0  0  0  0  0  0  0  0  0
   -3.3202    0.3719    0.9631 O   0  0  0  0  0  0  0  0  0  0  0  0
    1.0848    2.3771    0.9467 H   0  0  0  0  0  0  0  0  0  0  0  0
    1.3814    0.9437    1.9595 H   0  0  0  0  0  0  0  0  0  0  0  0
    3.0532    1.8002   -0.4465 H   0  0  0  0  0  0  0  0  0  0  0  0
    3.5149    1.9971    1.2613 H   0  0  0  0  0  0  0  0  0  0  0  0
    3.3499    0.3668    0.5663 H   0  0  0  0  0  0  0  0  0  0  0  0
    1.8830    1.1001   -1.7259 H   0  0  0  0  0  0  0  0  0  0  0  0
    0.2719    0.4703   -2.1454 H   0  0  0  0  0  0  0  0  0  0  0  0
   -0.7741    2.4953   -1.1686 H   0  0  0  0  0  0  0  0  0  0  0  0
    0.8370    3.1251   -0.7491 H   0  0  0  0  0  0  0  0  0  0  0  0
    0.3754    2.9282   -2.4568 H   0  0  0  0  0  0  0  0  0  0  0  0
   -1.3502   -0.7151   -1.1524 H   0  0  0  0  0  0  0  0  0  0  0  0
   -3.5380   -1.4357   -1.5315 H   0  0  0  0  0  0  0  0  0  0  0  0
   -4.7711   -0.9585   -0.4949 H   0  0  0  0  0  0  0  0  0  0  0  0
  1  2  1  0  0  0  0
  1  3  1  0  0  0  0
  3  4  1  0  0  0  0
  1  5  1  0  0  0  0
  5  6  1  0  0  0  0
  1  7  1  0  0  0  0
  7  8  2  0  0  0  0
  7  9  1  0  0  0  0
  9 10  1  0  0  0  0
 10 11  1  0  0  0  0
 10 12  2  0  0  0  0
  3 13  1  0  0  0  0
  3 14  1  0  0  0  0
  4 15  1  0  0  0  0
  4 16  1  0  0  0  0
  4 17  1  0  0  0  0
  5 18  1  0  0  0  0
  5 19  1  0  0  0  0
  6 20  1  0  0  0  0
  6 21  1  0  0  0  0
  6 22  1  0  0  0  0
  9 23  1  0  0  0  0
 11 24  1  0  0  0  0
 11 25  1  0  0  0  0
M  END
$$$$
