 
WItclserve11290013443D 0   0.00000     0.00000cramer
 
 25 26  0  0  0  0  0  0  0  0  1 V2000
   -0.9553   -1.4284   -0.0996 N   0  0  0  0  0  0  0  0  0  0  0  0
   -2.0253   -0.5355   -0.0113 C   0  0  0  0  0  0  0  0  0  0  0  0
   -3.2379   -0.8393   -0.6185 C   0  0  0  0  0  0  0  0  0  0  0  0
   -4.2937    0.0459   -0.5292 C   0  0  0  0  0  0  0  0  0  0  0  0
   -4.1456    1.2339    0.1637 C   0  0  0  0  0  0  0  0  0  0  0  0
   -2.9404    1.5396    0.7687 C   0  0  0  0  0  0  0  0  0  0  0  0
   -1.8819    0.6560    0.6886 C   0  0  0  0  0  0  0  0  0  0  0  0
    0.3421   -0.9580   -0.0529 C   0  0  0  0  0  0  0  0  0  0  0  0
    1.3592   -1.7717    0.4577 C   0  0  0  0  0  0  0  0  0  0  0  0
    2.6396   -1.3161    0.5067 C   0  0  0  0  0  0  0  0  0  0  0  0
    2.9415   -0.0159    0.0397 C   0  0  0  0  0  0  0  0  0  0  0  0
    4.1923    0.4373    0.0839 N   0  0  0  0  0  0  0  0  0  0  0  0
    4.4487    1.5577   -0.3191 O   0  0  0  0  0  0  0  0  0  0  0  0
    1.9078    0.8000   -0.4747 C   0  0  0  0  0  0  0  0  0  0  0  0
    0.6332    0.3273   -0.5217 C   0  0  0  0  0  0  0  0  0  0  0  0
   -1.1234   -2.3794   -0.1898 H   0  0  0  0  0  0  0  0  0  0  0  0
   -3.3541   -1.7665   -1.1600 H   0  0  0  0  0  0  0  0  0  0  0  0
   -5.2362   -0.1894   -1.0011 H   0  0  0  0  0  0  0  0  0  0  0  0
   -4.9731    1.9244    0.2319 H   0  0  0  0  0  0  0  0  0  0  0  0
   -2.8280    2.4684    1.3082 H   0  0  0  0  0  0  0  0  0  0  0  0
   -0.9410    0.8953    1.1617 H   0  0  0  0  0  0  0  0  0  0  0  0
    1.1268   -2.7643    0.8142 H   0  0  0  0  0  0  0  0  0  0  0  0
    3.4235   -1.9454    0.9015 H   0  0  0  0  0  0  0  0  0  0  0  0
    2.1302    1.7941   -0.8333 H   0  0  0  0  0  0  0  0  0  0  0  0
   -0.1576    0.9492   -0.9144 H   0  0  0  0  0  0  0  0  0  0  0  0
  1  2  1  0  0  0  0
  2  3  1  0  0  0  0
  3  4  2  0  0  0  0
  4  5  1  0  0  0  0
  5  6  2  0  0  0  0
  6  7  1  0  0  0  0
  2  7  2  0  0  0  0
  1  8  1  0  0  0  0
  8  9  1  0  0  0  0
  9 10  2  0  0  0  0
 10 11  1  0  0  0  0
 11 12  1  0  0  0  0
 12 13  2  0  0  0  0
 11 14  2  0  0  0  0
 14 15  1  0  0  0  0
  8 15  2  0  0  0  0
  1 16  1  0  0  0  0
  3 17  1  0  0  0  0
  4 18  1  0  0  0  0
  5 19  1  0  0  0  0
  6 20  1  0  0  0  0
  7 21  1  0  0  0  0
  9 22  1  0  0  0  0
 10 23  1  0  0  0  0
 14 24  1  0  0  0  0
 15 25  1  0  0  0  0
M  END
$$$$
