 
WItclserve11290013443D 0   0.00000     0.00000cramer
 
 21 20  0  0  0  0  0  0  0  0  1 V2000
    0.0000   -0.0001   -0.2832 O   0  0  0  0  0  0  0  0  0  0  0  0
   -0.8160    0.8066    0.5685 C   0  0  0  0  0  0  0  0  0  0  0  0
   -0.0933    2.1206    0.8720 C   0  0  0  0  0  0  0  0  0  0  0  0
   -2.1440    1.1046   -0.1305 C   0  0  0  0  0  0  0  0  0  0  0  0
   -2.9956   -0.4438   -0.4882 Cl  0  0  0  0  0  0  0  0  0  0  0  0
    0.8160   -0.8061    0.5692 C   0  0  0  0  0  0  0  0  0  0  0  0
    0.0933   -2.1198    0.8738 C   0  0  0  0  0  0  0  0  0  0  0  0
    2.1440   -1.1047   -0.1296 C   0  0  0  0  0  0  0  0  0  0  0  0
    2.9956    0.4434   -0.4885 Cl  0  0  0  0  0  0  0  0  0  0  0  0
   -1.0072    0.2736    1.4998 H   0  0  0  0  0  0  0  0  0  0  0  0
    0.0979    2.6536   -0.0593 H   0  0  0  0  0  0  0  0  0  0  0  0
   -0.7158    2.7359    1.5216 H   0  0  0  0  0  0  0  0  0  0  0  0
    0.8527    1.9083    1.3700 H   0  0  0  0  0  0  0  0  0  0  0  0
   -2.7664    1.7200    0.5191 H   0  0  0  0  0  0  0  0  0  0  0  0
   -1.9528    1.6377   -1.0618 H   0  0  0  0  0  0  0  0  0  0  0  0
    1.0072   -0.2723    1.5001 H   0  0  0  0  0  0  0  0  0  0  0  0
    0.7158   -2.7346    1.5239 H   0  0  0  0  0  0  0  0  0  0  0  0
   -0.8527   -1.9071    1.3716 H   0  0  0  0  0  0  0  0  0  0  0  0
   -0.0979   -2.6537   -0.0571 H   0  0  0  0  0  0  0  0  0  0  0  0
    2.7664   -1.7195    0.5206 H   0  0  0  0  0  0  0  0  0  0  0  0
    1.9528   -1.6385   -1.0605 H   0  0  0  0  0  0  0  0  0  0  0  0
  1  2  1  0  0  0  0
  2  3  1  0  0  0  0
  2  4  1  0  0  0  0
  4  5  1  0  0  0  0
  1  6  1  0  0  0  0
  6  7  1  0  0  0  0
  6  8  1  0  0  0  0
  8  9  1  0  0  0  0
  2 10  1  0  0  0  0
  3 11  1  0  0  0  0
  3 12  1  0  0  0  0
  3 13  1  0  0  0  0
  4 14  1  0  0  0  0
  4 15  1  0  0  0  0
  6 16  1  0  0  0  0
  7 17  1  0  0  0  0
  7 18  1  0  0  0  0
  7 19  1  0  0  0  0
  8 20  1  0  0  0  0
  8 21  1  0  0  0  0
M  END
$$$$
