 
WItclserve11290013443D 0   0.00000     0.00000cramer
 
 32 32  0  0  0  0  0  0  0  0  1 V2000
    1.5091   -0.1362    0.6860 C   0  0  0  0  0  0  0  0  0  0  0  0
    1.1614   -0.8708    1.5885 O   0  0  0  0  0  0  0  0  0  0  0  0
    2.6302   -0.4080   -0.0097 O   0  0  0  0  0  0  0  0  0  0  0  0
    3.4229   -1.5791    0.3195 C   0  0  0  0  0  0  0  0  0  0  0  0
    4.6147   -1.6535   -0.5998 C   0  0  0  0  0  0  0  0  0  0  0  0
    4.7929   -0.7352   -1.5168 C   0  0  0  0  0  0  0  0  0  0  0  0
    0.6986    1.0528    0.3468 C   0  0  0  0  0  0  0  0  0  0  0  0
    1.2822    2.3170    0.3308 C   0  0  0  0  0  0  0  0  0  0  0  0
    0.5204    3.4258    0.0132 C   0  0  0  0  0  0  0  0  0  0  0  0
   -0.8227    3.2892   -0.2903 C   0  0  0  0  0  0  0  0  0  0  0  0
   -1.4193    2.0424   -0.2791 C   0  0  0  0  0  0  0  0  0  0  0  0
   -0.6664    0.9132    0.0324 C   0  0  0  0  0  0  0  0  0  0  0  0
   -1.2998   -0.4226    0.0453 C   0  0  0  0  0  0  0  0  0  0  0  0
   -0.6196   -1.4156    0.2083 O   0  0  0  0  0  0  0  0  0  0  0  0
   -2.6311   -0.5385   -0.1239 O   0  0  0  0  0  0  0  0  0  0  0  0
   -3.2531   -1.8505   -0.1113 C   0  0  0  0  0  0  0  0  0  0  0  0
   -4.7384   -1.7043   -0.3201 C   0  0  0  0  0  0  0  0  0  0  0  0
   -5.2638   -0.5146   -0.4769 C   0  0  0  0  0  0  0  0  0  0  0  0
    3.7645   -1.5080    1.3522 H   0  0  0  0  0  0  0  0  0  0  0  0
    2.8144   -2.4753    0.1989 H   0  0  0  0  0  0  0  0  0  0  0  0
    5.3219   -2.4640   -0.5026 H   0  0  0  0  0  0  0  0  0  0  0  0
    5.6470   -0.7886   -2.1757 H   0  0  0  0  0  0  0  0  0  0  0  0
    4.0858    0.0753   -1.6141 H   0  0  0  0  0  0  0  0  0  0  0  0
    2.3298    2.4312    0.5670 H   0  0  0  0  0  0  0  0  0  0  0  0
    0.9762    4.4048    0.0021 H   0  0  0  0  0  0  0  0  0  0  0  0
   -1.4085    4.1623   -0.5371 H   0  0  0  0  0  0  0  0  0  0  0  0
   -2.4682    1.9435   -0.5167 H   0  0  0  0  0  0  0  0  0  0  0  0
   -2.8320   -2.4599   -0.9109 H   0  0  0  0  0  0  0  0  0  0  0  0
   -3.0668   -2.3317    0.8488 H   0  0  0  0  0  0  0  0  0  0  0  0
   -5.3696   -2.5804   -0.3405 H   0  0  0  0  0  0  0  0  0  0  0  0
   -6.3282   -0.4098   -0.6266 H   0  0  0  0  0  0  0  0  0  0  0  0
   -4.6325    0.3615   -0.4565 H   0  0  0  0  0  0  0  0  0  0  0  0
  1  2  2  0  0  0  0
  1  3  1  0  0  0  0
  3  4  1  0  0  0  0
  4  5  1  0  0  0  0
  5  6  2  0  0  0  0
  1  7  1  0  0  0  0
  7  8  1  0  0  0  0
  8  9  2  0  0  0  0
  9 10  1  0  0  0  0
 10 11  2  0  0  0  0
 11 12  1  0  0  0  0
  7 12  2  0  0  0  0
 12 13  1  0  0  0  0
 13 14  2  0  0  0  0
 13 15  1  0  0  0  0
 15 16  1  0  0  0  0
 16 17  1  0  0  0  0
 17 18  2  0  0  0  0
  4 19  1  0  0  0  0
  4 20  1  0  0  0  0
  5 21  1  0  0  0  0
  6 22  1  0  0  0  0
  6 23  1  0  0  0  0
  8 24  1  0  0  0  0
  9 25  1  0  0  0  0
 10 26  1  0  0  0  0
 11 27  1  0  0  0  0
 16 28  1  0  0  0  0
 16 29  1  0  0  0  0
 17 30  1  0  0  0  0
 18 31  1  0  0  0  0
 18 32  1  0  0  0  0
M  END
$$$$
