 
WItclserve11290013443D 0   0.00000     0.00000cramer
 
 13 13  0  0  0  0  0  0  0  0  1 V2000
   -0.9226    0.3206   -0.0083 C   0  0  0  0  0  0  0  0  0  0  0  0
   -2.2652    1.4212   -0.0052 Cl  0  0  0  0  0  0  0  0  0  0  0  0
    0.3713    0.8075    0.0009 C   0  0  0  0  0  0  0  0  0  0  0  0
    1.4412   -0.0696   -0.0016 C   0  0  0  0  0  0  0  0  0  0  0  0
    3.0651    0.5439    0.0100 Cl  0  0  0  0  0  0  0  0  0  0  0  0
    1.2186   -1.4354   -0.0127 C   0  0  0  0  0  0  0  0  0  0  0  0
   -0.0727   -1.9261   -0.0214 C   0  0  0  0  0  0  0  0  0  0  0  0
   -1.1473   -1.0492   -0.0141 C   0  0  0  0  0  0  0  0  0  0  0  0
   -2.4187   -1.5304   -0.0222 O   0  0  0  0  0  0  0  0  0  0  0  0
    0.5470    1.8731    0.0096 H   0  0  0  0  0  0  0  0  0  0  0  0
    2.0553   -2.1183   -0.0150 H   0  0  0  0  0  0  0  0  0  0  0  0
   -0.2455   -2.9922   -0.0305 H   0  0  0  0  0  0  0  0  0  0  0  0
   -2.6821   -1.6395    0.9018 H   0  0  0  0  0  0  0  0  0  0  0  0
  1  2  1  0  0  0  0
  1  3  1  0  0  0  0
  3  4  2  0  0  0  0
  4  5  1  0  0  0  0
  4  6  1  0  0  0  0
  6  7  2  0  0  0  0
  7  8  1  0  0  0  0
  1  8  2  0  0  0  0
  8  9  1  0  0  0  0
  3 10  1  0  0  0  0
  6 11  1  0  0  0  0
  7 12  1  0  0  0  0
  9 13  1  0  0  0  0
M  END
$$$$
