 
WItclserve11290013453D 0   0.00000     0.00000cramer
 
 24 26  0  0  0  0  0  0  0  0  1 V2000
   -0.4380   -2.2070    0.4128 O   0  0  0  0  0  0  0  0  0  0  0  0
   -0.4316   -2.8056   -0.8848 C   0  0  0  0  0  0  0  0  0  0  0  0
   -0.4971   -0.8609    0.2246 C   0  0  0  0  0  0  0  0  0  0  0  0
   -1.7307   -0.2237    0.1458 C   0  0  0  0  0  0  0  0  0  0  0  0
   -3.0028   -0.6685    0.2181 O   0  0  0  0  0  0  0  0  0  0  0  0
   -3.8751    0.3459    0.0832 C   0  0  0  0  0  0  0  0  0  0  0  0
   -3.2201    1.5016   -0.0836 C   0  0  0  0  0  0  0  0  0  0  0  0
   -1.7888    1.1700   -0.0486 C   0  0  0  0  0  0  0  0  0  0  0  0
   -0.6221    1.9151   -0.1621 C   0  0  0  0  0  0  0  0  0  0  0  0
    0.6124    1.2708   -0.0818 C   0  0  0  0  0  0  0  0  0  0  0  0
    1.8626    2.0284   -0.1977 C   0  0  0  0  0  0  0  0  0  0  0  0
    3.0345    1.3495   -0.1122 C   0  0  0  0  0  0  0  0  0  0  0  0
    3.0235   -0.0481    0.0833 C   0  0  0  0  0  0  0  0  0  0  0  0
    4.0827   -0.6443    0.1586 O   0  0  0  0  0  0  0  0  0  0  0  0
    1.8775   -0.7373    0.1888 O   0  0  0  0  0  0  0  0  0  0  0  0
    0.6739   -0.1236    0.1172 C   0  0  0  0  0  0  0  0  0  0  0  0
   -1.3416   -2.5289   -1.4171 H   0  0  0  0  0  0  0  0  0  0  0  0
    0.4366   -2.4544   -1.4426 H   0  0  0  0  0  0  0  0  0  0  0  0
   -0.3847   -3.8899   -0.7845 H   0  0  0  0  0  0  0  0  0  0  0  0
   -4.9499    0.2432    0.1058 H   0  0  0  0  0  0  0  0  0  0  0  0
   -3.6559    2.4806   -0.2175 H   0  0  0  0  0  0  0  0  0  0  0  0
   -0.6704    2.9836   -0.3114 H   0  0  0  0  0  0  0  0  0  0  0  0
    1.8510    3.0979   -0.3475 H   0  0  0  0  0  0  0  0  0  0  0  0
    3.9731    1.8774   -0.1938 H   0  0  0  0  0  0  0  0  0  0  0  0
  1  2  1  0  0  0  0
  1  3  1  0  0  0  0
  3  4  1  0  0  0  0
  4  5  1  0  0  0  0
  5  6  1  0  0  0  0
  6  7  2  0  0  0  0
  7  8  1  0  0  0  0
  4  8  2  0  0  0  0
  8  9  1  0  0  0  0
  9 10  2  0  0  0  0
 10 11  1  0  0  0  0
 11 12  2  0  0  0  0
 12 13  1  0  0  0  0
 13 14  2  0  0  0  0
 13 15  1  0  0  0  0
 15 16  1  0  0  0  0
  3 16  2  0  0  0  0
 10 16  1  0  0  0  0
  2 17  1  0  0  0  0
  2 18  1  0  0  0  0
  2 19  1  0  0  0  0
  6 20  1  0  0  0  0
  7 21  1  0  0  0  0
  9 22  1  0  0  0  0
 11 23  1  0  0  0  0
 12 24  1  0  0  0  0
M  END
$$$$
