 
WItclserve11290013443D 0   0.00000     0.00000cramer
 
 20 20  0  0  0  0  0  0  0  0  2 V2000
    0.4913   -1.0981   -0.0001 C   0  0  0  0  0  0  0  0  0  0  0  0
   -0.8956   -1.1286   -0.0003 C   0  0  0  0  0  0  0  0  0  0  0  0
   -1.5704   -2.3549   -0.0002 N   0  0  0  0  0  0  0  0  0  0  0  0
   -1.6149    0.0645   -0.0002 C   0  0  0  0  0  0  0  0  0  0  0  0
   -2.9748    0.0406    0.0001 O   0  0  0  0  0  0  0  0  0  0  0  0
   -3.4117    1.4012    0.0002 C   0  0  0  0  0  0  0  0  0  0  0  0
   -0.9418    1.2750    0.0002 C   0  0  0  0  0  0  0  0  0  0  0  0
    0.4409    1.2977    0.0000 C   0  0  0  0  0  0  0  0  0  0  0  0
    1.1555    0.1142    0.0003 C   0  0  0  0  0  0  0  0  0  0  0  0
    2.6352    0.1452    0.0000 N   0  3  0  0  0  0  0  0  0  0  0  0
    3.2219    1.2126   -0.0005 O   0  0  0  0  0  0  0  0  0  0  0  0
    3.2662   -0.8966    0.0003 O   0  5  0  0  0  0  0  0  0  0  0  0
    1.0520   -2.0211    0.0043 H   0  0  0  0  0  0  0  0  0  0  0  0
   -1.0683   -3.1848    0.0000 H   0  0  0  0  0  0  0  0  0  0  0  0
   -2.5402   -2.3747   -0.0004 H   0  0  0  0  0  0  0  0  0  0  0  0
   -3.0337    1.9043   -0.8899 H   0  0  0  0  0  0  0  0  0  0  0  0
   -4.5012    1.4329    0.0003 H   0  0  0  0  0  0  0  0  0  0  0  0
   -3.0334    1.9042    0.8901 H   0  0  0  0  0  0  0  0  0  0  0  0
   -1.4969    2.2014    0.0003 H   0  0  0  0  0  0  0  0  0  0  0  0
    0.9639    2.2426   -0.0005 H   0  0  0  0  0  0  0  0  0  0  0  0
  1  2  1  0  0  0  0
  2  3  1  0  0  0  0
  2  4  2  0  0  0  0
  4  5  1  0  0  0  0
  5  6  1  0  0  0  0
  4  7  1  0  0  0  0
  7  8  2  0  0  0  0
  8  9  1  0  0  0  0
  1  9  2  0  0  0  0
  9 10  1  0  0  0  0
 10 11  2  0  0  0  0
 10 12  1  0  0  0  0
  1 13  1  0  0  0  0
  3 14  1  0  0  0  0
  3 15  1  0  0  0  0
  6 16  1  0  0  0  0
  6 17  1  0  0  0  0
  6 18  1  0  0  0  0
  7 19  1  0  0  0  0
  8 20  1  0  0  0  0
M  CHG  2  10   1  12  -1
M  END
$$$$
