 
WItclserve11290013443D 0   0.00000     0.00000cramer
 
 24 26  0  0  0  0  0  0  0  0  1 V2000
   -0.2099   -0.1932   -0.9780 C   0  0  0  0  0  0  0  0  0  0  0  0
   -1.2944   -0.6593   -2.2544 Cl  0  0  0  0  0  0  0  0  0  0  0  0
    0.2625    1.0301   -0.8055 C   0  0  0  0  0  0  0  0  0  0  0  0
   -0.0911    2.4085   -1.7976 Cl  0  0  0  0  0  0  0  0  0  0  0  0
    1.1817    1.0092    0.4198 C   0  0  0  0  0  0  0  0  0  0  0  0
    2.3453    2.3764    0.5766 Cl  0  0  0  0  0  0  0  0  0  0  0  0
    0.2088    0.7799    1.6147 C   0  0  0  0  0  0  0  0  0  0  0  0
   -1.0668    1.6032    1.3897 C   0  0  0  0  0  0  0  0  0  0  0  0
   -2.2402    0.6669    1.7530 C   0  0  0  0  0  0  0  0  0  0  0  0
   -3.6823    1.0298    0.7294 Cl  0  0  0  0  0  0  0  0  0  0  0  0
   -1.7314   -0.7655    1.4901 C   0  0  0  0  0  0  0  0  0  0  0  0
   -2.4389   -1.4495   -0.0151 Cl  0  0  0  0  0  0  0  0  0  0  0  0
   -0.2102   -0.7080    1.4611 C   0  0  0  0  0  0  0  0  0  0  0  0
    0.3828   -1.1136    0.0870 C   0  0  0  0  0  0  0  0  0  0  0  0
    0.4033   -2.8777   -0.2961 Cl  0  0  0  0  0  0  0  0  0  0  0  0
    1.8000   -0.4267    0.2389 C   0  0  0  0  0  0  0  0  0  0  0  0
    2.7911   -0.5711   -1.2587 Cl  0  0  0  0  0  0  0  0  0  0  0  0
    2.6836   -0.9936    1.7021 Cl  0  0  0  0  0  0  0  0  0  0  0  0
    0.6768    0.9849    2.5807 H   0  0  0  0  0  0  0  0  0  0  0  0
   -1.0697    2.4732    2.0614 H   0  0  0  0  0  0  0  0  0  0  0  0
   -1.1621    1.9561    0.3669 H   0  0  0  0  0  0  0  0  0  0  0  0
   -2.4993    0.7855    2.8132 H   0  0  0  0  0  0  0  0  0  0  0  0
   -2.0477   -1.4028    2.3434 H   0  0  0  0  0  0  0  0  0  0  0  0
    0.2281   -1.3181    2.2770 H   0  0  0  0  0  0  0  0  0  0  0  0
  1  2  1  0  0  0  0
  1  3  2  0  0  0  0
  3  4  1  0  0  0  0
  3  5  1  0  0  0  0
  5  6  1  0  0  0  0
  5  7  1  0  0  0  0
  7  8  1  0  0  0  0
  8  9  1  0  0  0  0
  9 10  1  0  0  0  0
  9 11  1  0  0  0  0
 11 12  1  0  0  0  0
 11 13  1  0  0  0  0
  7 13  1  0  0  0  0
 13 14  1  0  0  0  0
  1 14  1  0  0  0  0
 14 15  1  0  0  0  0
 14 16  1  0  0  0  0
  5 16  1  0  0  0  0
 16 17  1  0  0  0  0
 16 18  1  0  0  0  0
  7 19  1  0  0  0  0
  8 20  1  0  0  0  0
  8 21  1  0  0  0  0
  9 22  1  0  0  0  0
 11 23  1  0  0  0  0
 13 24  1  0  0  0  0
M  END
$$$$
