 
WItclserve11290013443D 0   0.00000     0.00000cramer
 
 38 37  0  0  0  0  0  0  0  0  1 V2000
   -0.6448   -0.4000   -0.6479 C   0  0  0  0  0  0  0  0  0  0  0  0
   -2.0427   -0.9714   -0.4030 C   0  0  0  0  0  0  0  0  0  0  0  0
   -3.0095    0.1568   -0.1509 C   0  0  0  0  0  0  0  0  0  0  0  0
   -2.6203    1.3005   -0.1655 O   0  0  0  0  0  0  0  0  0  0  0  0
   -4.3030   -0.1090    0.0900 O   0  0  0  0  0  0  0  0  0  0  0  0
   -5.2345    0.9780    0.3329 C   0  0  0  0  0  0  0  0  0  0  0  0
   -6.6325    0.4065    0.5778 C   0  0  0  0  0  0  0  0  0  0  0  0
   -0.1115    0.5390    0.8097 S   0  0  0  0  0  0  0  0  0  0  0  0
    1.8031    1.1746    0.1580 P   0  0  0  0  0  0  0  0  0  0  0  0
    1.6237    2.2064   -1.3835 S   0  0  0  0  0  0  0  0  0  0  0  0
    2.4992    2.0531    1.3138 O   0  0  0  0  0  0  0  0  0  0  0  0
    3.7790    2.4495    0.8170 C   0  0  0  0  0  0  0  0  0  0  0  0
    2.7161   -0.1126   -0.1611 O   0  0  0  0  0  0  0  0  0  0  0  0
    2.8157   -0.8595    1.0531 C   0  0  0  0  0  0  0  0  0  0  0  0
    0.3220   -1.5281   -0.9000 C   0  0  0  0  0  0  0  0  0  0  0  0
    0.9227   -1.5864   -1.9467 O   0  0  0  0  0  0  0  0  0  0  0  0
    0.5158   -2.4683    0.0383 O   0  0  0  0  0  0  0  0  0  0  0  0
    1.4473   -3.5553   -0.2046 C   0  0  0  0  0  0  0  0  0  0  0  0
    1.4807   -4.4802    1.0137 C   0  0  0  0  0  0  0  0  0  0  0  0
   -0.6685    0.2590   -1.5158 H   0  0  0  0  0  0  0  0  0  0  0  0
   -2.3632   -1.5356   -1.2788 H   0  0  0  0  0  0  0  0  0  0  0  0
   -2.0190   -1.6304    0.4650 H   0  0  0  0  0  0  0  0  0  0  0  0
   -4.9141    1.5422    1.2088 H   0  0  0  0  0  0  0  0  0  0  0  0
   -5.2583    1.6369   -0.5350 H   0  0  0  0  0  0  0  0  0  0  0  0
   -6.6087   -0.2524    1.4458 H   0  0  0  0  0  0  0  0  0  0  0  0
   -7.3318    1.2225    0.7602 H   0  0  0  0  0  0  0  0  0  0  0  0
   -6.9529   -0.1577   -0.2980 H   0  0  0  0  0  0  0  0  0  0  0  0
    4.2907    3.0500    1.5692 H   0  0  0  0  0  0  0  0  0  0  0  0
    4.3729    1.5630    0.5942 H   0  0  0  0  0  0  0  0  0  0  0  0
    3.6498    3.0380   -0.0914 H   0  0  0  0  0  0  0  0  0  0  0  0
    3.4281   -1.7455    0.8855 H   0  0  0  0  0  0  0  0  0  0  0  0
    3.2753   -0.2406    1.8237 H   0  0  0  0  0  0  0  0  0  0  0  0
    1.8197   -1.1621    1.3763 H   0  0  0  0  0  0  0  0  0  0  0  0
    1.1269   -4.1195   -1.0805 H   0  0  0  0  0  0  0  0  0  0  0  0
    2.4433   -3.1482   -0.3791 H   0  0  0  0  0  0  0  0  0  0  0  0
    2.1799   -5.2962    0.8313 H   0  0  0  0  0  0  0  0  0  0  0  0
    1.8011   -3.9160    1.8895 H   0  0  0  0  0  0  0  0  0  0  0  0
    0.4847   -4.8873    1.1881 H   0  0  0  0  0  0  0  0  0  0  0  0
  1  2  1  0  0  0  0
  2  3  1  0  0  0  0
  3  4  2  0  0  0  0
  3  5  1  0  0  0  0
  5  6  1  0  0  0  0
  6  7  1  0  0  0  0
  1  8  1  0  0  0  0
  8  9  1  0  0  0  0
  9 10  2  0  0  0  0
  9 11  1  0  0  0  0
 11 12  1  0  0  0  0
  9 13  1  0  0  0  0
 13 14  1  0  0  0  0
  1 15  1  0  0  0  0
 15 16  2  0  0  0  0
 15 17  1  0  0  0  0
 17 18  1  0  0  0  0
 18 19  1  0  0  0  0
  1 20  1  0  0  0  0
  2 21  1  0  0  0  0
  2 22  1  0  0  0  0
  6 23  1  0  0  0  0
  6 24  1  0  0  0  0
  7 25  1  0  0  0  0
  7 26  1  0  0  0  0
  7 27  1  0  0  0  0
 12 28  1  0  0  0  0
 12 29  1  0  0  0  0
 12 30  1  0  0  0  0
 14 31  1  0  0  0  0
 14 32  1  0  0  0  0
 14 33  1  0  0  0  0
 18 34  1  0  0  0  0
 18 35  1  0  0  0  0
 19 36  1  0  0  0  0
 19 37  1  0  0  0  0
 19 38  1  0  0  0  0
M  END
$$$$
