 
WItclserve11290013443D 0   0.00000     0.00000cramer
 
 27 31  0  0  0  0  0  0  0  0  1 V2000
    0.5126   -2.5674    1.6679 Cl  0  0  0  0  0  0  0  0  0  0  0  0
    0.4078   -1.1569    0.6604 C   0  0  0  0  0  0  0  0  0  0  0  0
    0.4070   -1.1556   -0.6634 C   0  0  0  0  0  0  0  0  0  0  0  0
    0.5105   -2.5639   -1.6741 Cl  0  0  0  0  0  0  0  0  0  0  0  0
    0.3047    0.2911   -1.1460 C   0  0  0  0  0  0  0  0  0  0  0  0
    0.8572    0.6139   -2.8333 Cl  0  0  0  0  0  0  0  0  0  0  0  0
   -1.1214    0.7762   -0.7779 C   0  0  0  0  0  0  0  0  0  0  0  0
   -2.1928   -0.2702   -1.1649 C   0  0  0  0  0  0  0  0  0  0  0  0
   -2.1404   -1.3119    0.0020 C   0  0  0  0  0  0  0  0  0  0  0  0
   -2.1923   -0.2701    1.1688 C   0  0  0  0  0  0  0  0  0  0  0  0
   -3.5351    0.4405    0.7767 C   0  0  0  0  0  0  0  0  0  0  0  0
   -3.2653    1.6079    0.0020 O   0  0  0  0  0  0  0  0  0  0  0  0
   -3.5356    0.4404   -0.7724 C   0  0  0  0  0  0  0  0  0  0  0  0
   -1.1204    0.7753    0.7814 C   0  0  0  0  0  0  0  0  0  0  0  0
    0.3079    0.2888    1.1466 C   0  0  0  0  0  0  0  0  0  0  0  0
    0.8629    0.6077    2.8339 Cl  0  0  0  0  0  0  0  0  0  0  0  0
    1.1350    0.9895    0.0006 C   0  0  0  0  0  0  0  0  0  0  0  0
    2.8654    0.4897   -0.0022 Cl  0  0  0  0  0  0  0  0  0  0  0  0
    0.9369    2.7791    0.0024 Cl  0  0  0  0  0  0  0  0  0  0  0  0
   -1.3414    1.7751   -1.1909 H   0  0  0  0  0  0  0  0  0  0  0  0
   -2.1535   -0.6670   -2.1774 H   0  0  0  0  0  0  0  0  0  0  0  0
   -3.0720   -1.9178    0.0021 H   0  0  0  0  0  0  0  0  0  0  0  0
   -1.3092   -1.9810    0.0016 H   0  0  0  0  0  0  0  0  0  0  0  0
   -2.1527   -0.6670    2.1813 H   0  0  0  0  0  0  0  0  0  0  0  0
   -4.4115    0.3212    1.4055 H   0  0  0  0  0  0  0  0  0  0  0  0
   -4.4123    0.3212   -1.4008 H   0  0  0  0  0  0  0  0  0  0  0  0
   -1.3388    1.7741    1.1957 H   0  0  0  0  0  0  0  0  0  0  0  0
  1  2  1  0  0  0  0
  2  3  2  0  0  0  0
  3  4  1  0  0  0  0
  3  5  1  0  0  0  0
  5  6  1  0  0  0  0
  5  7  1  0  0  0  0
  7  8  1  0  0  0  0
  8  9  1  0  0  0  0
  9 10  1  0  0  0  0
 10 11  1  0  0  0  0
 11 12  1  0  0  0  0
 12 13  1  0  0  0  0
  8 13  1  0  0  0  0
 11 13  1  0  0  0  0
 10 14  1  0  0  0  0
  7 14  1  0  0  0  0
 14 15  1  0  0  0  0
  2 15  1  0  0  0  0
 15 16  1  0  0  0  0
 15 17  1  0  0  0  0
  5 17  1  0  0  0  0
 17 18  1  0  0  0  0
 17 19  1  0  0  0  0
  7 20  1  0  0  0  0
  8 21  1  0  0  0  0
  9 22  1  0  0  0  0
  9 23  1  0  0  0  0
 10 24  1  0  0  0  0
 11 25  1  0  0  0  0
 13 26  1  0  0  0  0
 14 27  1  0  0  0  0
M  END
$$$$
