 
WItclserve11290013443D 0   0.00000     0.00000cramer
 
 62 63  0  0  0  0  0  0  0  0  1 V2000
    0.1809    0.8536   -1.3095 C   0  0  0  0  0  0  0  0  0  0  0  0
   -1.0625    0.6062   -0.6015 O   0  0  0  0  0  0  0  0  0  0  0  0
   -2.0269   -0.1297   -1.1760 C   0  0  0  0  0  0  0  0  0  0  0  0
   -1.8605   -0.5862   -2.2823 O   0  0  0  0  0  0  0  0  0  0  0  0
   -3.3173   -0.3865   -0.4412 C   0  0  0  0  0  0  0  0  0  0  0  0
   -4.1770   -1.1880   -1.2541 O   0  0  0  0  0  0  0  0  0  0  0  0
   -3.0214   -1.1219    0.8675 C   0  0  0  0  0  0  0  0  0  0  0  0
   -2.3994   -2.4848    0.5572 C   0  0  0  0  0  0  0  0  0  0  0  0
   -2.1101   -0.3498    1.6521 O   0  0  0  0  0  0  0  0  0  0  0  0
   -2.3975   -0.6383    3.0218 C   0  0  0  0  0  0  0  0  0  0  0  0
   -4.0030    0.9462   -0.1336 C   0  0  0  0  0  0  0  0  0  0  0  0
   -4.1722    1.7436   -1.4284 C   0  0  0  0  0  0  0  0  0  0  0  0
   -5.3768    0.6819    0.4858 C   0  0  0  0  0  0  0  0  0  0  0  0
   -3.2023    1.6931    0.7846 O   0  0  0  0  0  0  0  0  0  0  0  0
    1.0874    1.6988   -0.4522 C   0  0  0  0  0  0  0  0  0  0  0  0
    0.7983    2.1410    0.7459 C   0  0  0  0  0  0  0  0  0  0  0  0
    1.9585    2.9515    1.2765 C   0  0  0  0  0  0  0  0  0  0  0  0
    2.7753    3.2879    0.0882 N   0  0  0  0  0  0  0  0  0  0  0  0
    4.1858    3.1077    0.5045 C   0  0  0  0  0  0  0  0  0  0  0  0
    4.3361    1.5724    0.6348 C   0  0  0  0  0  0  0  0  0  0  0  0
    3.4742    1.0404   -0.5320 C   0  0  0  0  0  0  0  0  0  0  0  0
    2.7699   -0.1637   -0.1291 O   0  0  0  0  0  0  0  0  0  0  0  0
    3.3286   -1.3727   -0.3367 C   0  0  0  0  0  0  0  0  0  0  0  0
    4.4219   -1.4550   -0.8611 O   0  0  0  0  0  0  0  0  0  0  0  0
    2.6157   -2.5913    0.0711 C   0  0  0  0  0  0  0  0  0  0  0  0
    1.2600   -2.4893    0.7213 C   0  0  0  0  0  0  0  0  0  0  0  0
    3.1673   -3.7850   -0.1339 C   0  0  0  0  0  0  0  0  0  0  0  0
    2.4362   -5.0347    0.2843 C   0  0  0  0  0  0  0  0  0  0  0  0
    2.4738    2.1616   -0.8405 C   0  0  0  0  0  0  0  0  0  0  0  0
    0.6693   -0.0958   -1.5286 H   0  0  0  0  0  0  0  0  0  0  0  0
   -0.0299    1.3775   -2.2418 H   0  0  0  0  0  0  0  0  0  0  0  0
   -3.7082   -2.0164   -1.4243 H   0  0  0  0  0  0  0  0  0  0  0  0
   -3.9488   -1.2636    1.4223 H   0  0  0  0  0  0  0  0  0  0  0  0
   -3.0944   -3.0737   -0.0413 H   0  0  0  0  0  0  0  0  0  0  0  0
   -1.4719   -2.3431    0.0023 H   0  0  0  0  0  0  0  0  0  0  0  0
   -2.1885   -3.0087    1.4895 H   0  0  0  0  0  0  0  0  0  0  0  0
   -2.2596   -1.7038    3.2055 H   0  0  0  0  0  0  0  0  0  0  0  0
   -1.7236   -0.0690    3.6621 H   0  0  0  0  0  0  0  0  0  0  0  0
   -3.4285   -0.3620    3.2428 H   0  0  0  0  0  0  0  0  0  0  0  0
   -4.8484    1.2111   -2.0972 H   0  0  0  0  0  0  0  0  0  0  0  0
   -4.5864    2.7253   -1.1990 H   0  0  0  0  0  0  0  0  0  0  0  0
   -3.2022    1.8622   -1.9113 H   0  0  0  0  0  0  0  0  0  0  0  0
   -5.9876    0.1122   -0.2146 H   0  0  0  0  0  0  0  0  0  0  0  0
   -5.2563    0.1139    1.4082 H   0  0  0  0  0  0  0  0  0  0  0  0
   -5.8653    1.6314    0.7050 H   0  0  0  0  0  0  0  0  0  0  0  0
   -2.3474    1.8377    0.3564 H   0  0  0  0  0  0  0  0  0  0  0  0
   -0.1259    1.9557    1.2731 H   0  0  0  0  0  0  0  0  0  0  0  0
    1.5963    3.8610    1.7558 H   0  0  0  0  0  0  0  0  0  0  0  0
    2.5424    2.3591    1.9810 H   0  0  0  0  0  0  0  0  0  0  0  0
    4.8625    3.4957   -0.2568 H   0  0  0  0  0  0  0  0  0  0  0  0
    4.3673    3.5932    1.4633 H   0  0  0  0  0  0  0  0  0  0  0  0
    5.3776    1.2750    0.5119 H   0  0  0  0  0  0  0  0  0  0  0  0
    3.9455    1.2264    1.5918 H   0  0  0  0  0  0  0  0  0  0  0  0
    4.0993    0.8385   -1.4019 H   0  0  0  0  0  0  0  0  0  0  0  0
    0.8913   -3.4890    0.9514 H   0  0  0  0  0  0  0  0  0  0  0  0
    1.3412   -1.9112    1.6418 H   0  0  0  0  0  0  0  0  0  0  0  0
    0.5671   -1.9941    0.0411 H   0  0  0  0  0  0  0  0  0  0  0  0
    4.1388   -3.8581   -0.5999 H   0  0  0  0  0  0  0  0  0  0  0  0
    3.0396   -5.9083    0.0377 H   0  0  0  0  0  0  0  0  0  0  0  0
    2.2572   -5.0084    1.3592 H   0  0  0  0  0  0  0  0  0  0  0  0
    1.4831   -5.0913   -0.2416 H   0  0  0  0  0  0  0  0  0  0  0  0
    2.5174    2.4651   -1.8865 H   0  0  0  0  0  0  0  0  0  0  0  0
  1  2  1  0  0  0  0
  2  3  1  0  0  0  0
  3  4  2  0  0  0  0
  3  5  1  0  0  0  0
  5  6  1  0  0  0  0
  5  7  1  0  0  0  0
  7  8  1  0  0  0  0
  7  9  1  0  0  0  0
  9 10  1  0  0  0  0
  5 11  1  0  0  0  0
 11 12  1  0  0  0  0
 11 13  1  0  0  0  0
 11 14  1  0  0  0  0
  1 15  1  0  0  0  0
 15 16  2  0  0  0  0
 16 17  1  0  0  0  0
 17 18  1  0  0  0  0
 18 19  1  0  0  0  0
 19 20  1  0  0  0  0
 20 21  1  0  0  0  0
 21 22  1  0  0  0  0
 22 23  1  0  0  0  0
 23 24  2  0  0  0  0
 23 25  1  0  0  0  0
 25 26  1  0  0  0  0
 25 27  2  0  0  0  0
 27 28  1  0  0  0  0
 21 29  1  0  0  0  0
 15 29  1  0  0  0  0
 18 29  1  0  0  0  0
  1 30  1  0  0  0  0
  1 31  1  0  0  0  0
  6 32  1  0  0  0  0
  7 33  1  0  0  0  0
  8 34  1  0  0  0  0
  8 35  1  0  0  0  0
  8 36  1  0  0  0  0
 10 37  1  0  0  0  0
 10 38  1  0  0  0  0
 10 39  1  0  0  0  0
 12 40  1  0  0  0  0
 12 41  1  0  0  0  0
 12 42  1  0  0  0  0
 13 43  1  0  0  0  0
 13 44  1  0  0  0  0
 13 45  1  0  0  0  0
 14 46  1  0  0  0  0
 16 47  1  0  0  0  0
 17 48  1  0  0  0  0
 17 49  1  0  0  0  0
 19 50  1  0  0  0  0
 19 51  1  0  0  0  0
 20 52  1  0  0  0  0
 20 53  1  0  0  0  0
 21 54  1  0  0  0  0
 26 55  1  0  0  0  0
 26 56  1  0  0  0  0
 26 57  1  0  0  0  0
 27 58  1  0  0  0  0
 28 59  1  0  0  0  0
 28 60  1  0  0  0  0
 28 61  1  0  0  0  0
 29 62  1  0  0  0  0
M  END
$$$$
