 
WItclserve11290013443D 0   0.00000     0.00000cramer
 
 17 17  0  0  0  0  0  0  0  0  1 V2000
   -0.5248   -1.4680    0.0291 C   0  0  0  0  0  0  0  0  0  0  0  0
   -1.9024   -1.4836    0.0270 C   0  0  0  0  0  0  0  0  0  0  0  0
   -2.6163   -0.2961    0.0025 C   0  0  0  0  0  0  0  0  0  0  0  0
   -1.9567    0.9158   -0.0196 C   0  0  0  0  0  0  0  0  0  0  0  0
   -0.5680    0.9526   -0.0175 C   0  0  0  0  0  0  0  0  0  0  0  0
    0.0980    2.1706   -0.0392 N   0  0  0  0  0  0  0  0  0  0  0  0
    0.1585   -0.2490    0.0069 C   0  0  0  0  0  0  0  0  0  0  0  0
    1.6313   -0.2248    0.0099 C   0  0  0  0  0  0  0  0  0  0  0  0
    2.3244   -1.3767   -0.0846 O   0  0  0  0  0  0  0  0  0  0  0  0
    2.2213    0.8339    0.0977 O   0  0  0  0  0  0  0  0  0  0  0  0
    0.0263   -2.3965    0.0523 H   0  0  0  0  0  0  0  0  0  0  0  0
   -2.4288   -2.4265    0.0441 H   0  0  0  0  0  0  0  0  0  0  0  0
   -3.6961   -0.3193    0.0004 H   0  0  0  0  0  0  0  0  0  0  0  0
   -2.5207    1.8367   -0.0390 H   0  0  0  0  0  0  0  0  0  0  0  0
   -0.4029    2.9955   -0.1369 H   0  0  0  0  0  0  0  0  0  0  0  0
    1.0641    2.1966    0.0433 H   0  0  0  0  0  0  0  0  0  0  0  0
    3.2912   -1.3608   -0.0826 H   0  0  0  0  0  0  0  0  0  0  0  0
  1  2  1  0  0  0  0
  2  3  2  0  0  0  0
  3  4  1  0  0  0  0
  4  5  2  0  0  0  0
  5  6  1  0  0  0  0
  5  7  1  0  0  0  0
  1  7  2  0  0  0  0
  7  8  1  0  0  0  0
  8  9  1  0  0  0  0
  8 10  2  0  0  0  0
  1 11  1  0  0  0  0
  2 12  1  0  0  0  0
  3 13  1  0  0  0  0
  4 14  1  0  0  0  0
  6 15  1  0  0  0  0
  6 16  1  0  0  0  0
  9 17  1  0  0  0  0
M  END
$$$$
