 
WItclserve11290013443D 0   0.00000     0.00000cramer
 
 29 30  0  0  0  0  0  0  0  0  1 V2000
    2.4138   -0.9360    0.6374 C   0  0  0  0  0  0  0  0  0  0  0  0
    3.1979   -1.5112   -0.4096 O   0  0  0  0  0  0  0  0  0  0  0  0
    2.3555    0.6006    0.4994 C   0  0  0  0  0  0  0  0  0  0  0  0
    3.5510    1.0940   -0.3180 C   0  0  0  0  0  0  0  0  0  0  0  0
    3.4895    2.5164   -0.4409 O   0  0  0  0  0  0  0  0  0  0  0  0
    1.1360    0.9285   -0.1766 O   0  0  0  0  0  0  0  0  0  0  0  0
    0.4266   -0.2726   -0.5190 C   0  0  0  0  0  0  0  0  0  0  0  0
    0.9202   -1.3367    0.4934 C   0  0  0  0  0  0  0  0  0  0  0  0
    0.7901   -2.6556   -0.0411 O   0  0  0  0  0  0  0  0  0  0  0  0
   -1.0172   -0.0681   -0.3782 N   0  0  0  0  0  0  0  0  0  0  0  0
   -1.8358   -0.2480   -1.4379 C   0  0  0  0  0  0  0  0  0  0  0  0
   -3.1259   -0.0640   -1.3075 N   0  0  0  0  0  0  0  0  0  0  0  0
   -3.6437    0.3024   -0.1264 C   0  0  0  0  0  0  0  0  0  0  0  0
   -4.9977    0.4916   -0.0047 N   0  0  0  0  0  0  0  0  0  0  0  0
   -2.8563    0.4828    0.9247 N   0  0  0  0  0  0  0  0  0  0  0  0
   -1.5384    0.2957    0.8118 C   0  0  0  0  0  0  0  0  0  0  0  0
   -0.8104    0.4604    1.7758 O   0  0  0  0  0  0  0  0  0  0  0  0
    2.8033   -1.2233    1.6140 H   0  0  0  0  0  0  0  0  0  0  0  0
    4.0917   -1.1537   -0.3181 H   0  0  0  0  0  0  0  0  0  0  0  0
    2.3677    1.0613    1.4872 H   0  0  0  0  0  0  0  0  0  0  0  0
    4.4761    0.8124    0.1849 H   0  0  0  0  0  0  0  0  0  0  0  0
    3.5245    0.6421   -1.3096 H   0  0  0  0  0  0  0  0  0  0  0  0
    4.2588    2.7854   -0.9614 H   0  0  0  0  0  0  0  0  0  0  0  0
    0.6687   -0.5779   -1.5370 H   0  0  0  0  0  0  0  0  0  0  0  0
    0.3959   -1.2468    1.4447 H   0  0  0  0  0  0  0  0  0  0  0  0
    1.1134   -3.2649    0.6366 H   0  0  0  0  0  0  0  0  0  0  0  0
   -1.4263   -0.5431   -2.3926 H   0  0  0  0  0  0  0  0  0  0  0  0
   -5.3756    0.7567    0.8484 H   0  0  0  0  0  0  0  0  0  0  0  0
   -5.5767    0.3601   -0.7718 H   0  0  0  0  0  0  0  0  0  0  0  0
  1  2  1  0  0  0  0
  1  3  1  0  0  0  0
  3  4  1  0  0  0  0
  4  5  1  0  0  0  0
  3  6  1  0  0  0  0
  6  7  1  0  0  0  0
  7  8  1  0  0  0  0
  1  8  1  0  0  0  0
  8  9  1  0  0  0  0
  7 10  1  0  0  0  0
 10 11  1  0  0  0  0
 11 12  2  0  0  0  0
 12 13  1  0  0  0  0
 13 14  1  0  0  0  0
 13 15  2  0  0  0  0
 15 16  1  0  0  0  0
 10 16  1  0  0  0  0
 16 17  2  0  0  0  0
  1 18  1  0  0  0  0
  2 19  1  0  0  0  0
  3 20  1  0  0  0  0
  4 21  1  0  0  0  0
  4 22  1  0  0  0  0
  5 23  1  0  0  0  0
  7 24  1  0  0  0  0
  8 25  1  0  0  0  0
  9 26  1  0  0  0  0
 11 27  1  0  0  0  0
 14 28  1  0  0  0  0
 14 29  1  0  0  0  0
M  END
$$$$
