 
WItclserve11290013443D 0   0.00000     0.00000cramer
 
102 107  0  0  0  0  0  0  0  0  1 V2000
    5.6321   -0.3973    0.2377 C   0  0  0  0  0  0  0  0  0  0  0  0
    6.4747   -1.2152   -0.0466 O   0  0  0  0  0  0  0  0  0  0  0  0
    6.0374    1.0102    0.5924 C   0  0  0  0  0  0  0  0  0  0  0  0
    7.5374    1.1348    0.5176 C   0  0  0  0  0  0  0  0  0  0  0  0
    8.1405    1.5067   -0.6702 C   0  0  0  0  0  0  0  0  0  0  0  0
    9.5146    1.6219   -0.7421 C   0  0  0  0  0  0  0  0  0  0  0  0
   10.2915    1.3638    0.3804 C   0  0  0  0  0  0  0  0  0  0  0  0
    9.6826    0.9906    1.5716 C   0  0  0  0  0  0  0  0  0  0  0  0
    8.3072    0.8827    1.6381 C   0  0  0  0  0  0  0  0  0  0  0  0
   11.6818    1.4789    0.3110 N   0  0  0  0  0  0  0  0  0  0  0  0
   12.5065    1.0998    1.4609 C   0  0  0  0  0  0  0  0  0  0  0  0
   12.8799   -0.3801    1.3549 C   0  0  0  0  0  0  0  0  0  0  0  0
   13.8949   -0.8467    2.7701 Cl  0  0  0  0  0  0  0  0  0  0  0  0
   12.3153    1.9788   -0.9117 C   0  0  0  0  0  0  0  0  0  0  0  0
   12.5790    3.4794   -0.7726 C   0  0  0  0  0  0  0  0  0  0  0  0
   13.2099    4.1259   -2.3331 Cl  0  0  0  0  0  0  0  0  0  0  0  0
    4.3345   -0.7408    0.2322 O   0  0  0  0  0  0  0  0  0  0  0  0
    3.9435   -2.0953   -0.1153 C   0  0  0  0  0  0  0  0  0  0  0  0
    3.8599   -2.9736    1.1583 C   0  0  0  0  0  0  0  0  0  0  0  0
    2.3704   -3.3884    1.3069 C   0  0  0  0  0  0  0  0  0  0  0  0
    1.6297   -2.2841    0.5454 C   0  0  0  0  0  0  0  0  0  0  0  0
    0.2550   -2.6475    0.0230 C   0  0  0  0  0  0  0  0  0  0  0  0
   -0.7268   -2.9339    1.1592 C   0  0  0  0  0  0  0  0  0  0  0  0
   -2.0232   -3.4642    0.5481 C   0  0  0  0  0  0  0  0  0  0  0  0
   -2.4919   -2.5895   -0.5848 C   0  0  0  0  0  0  0  0  0  0  0  0
   -3.8036   -2.7403   -1.0148 C   0  0  0  0  0  0  0  0  0  0  0  0
   -4.2955   -1.9753   -2.0581 C   0  0  0  0  0  0  0  0  0  0  0  0
   -3.4695   -1.0503   -2.6808 C   0  0  0  0  0  0  0  0  0  0  0  0
   -2.1688   -0.8987   -2.2505 C   0  0  0  0  0  0  0  0  0  0  0  0
   -1.6772   -1.6609   -1.1990 C   0  0  0  0  0  0  0  0  0  0  0  0
   -0.2632   -1.4298   -0.7530 C   0  0  0  0  0  0  0  0  0  0  0  0
    0.6514   -1.0798   -1.9178 C   0  0  0  0  0  0  0  0  0  0  0  0
    2.0933   -0.8500   -1.4253 C   0  0  0  0  0  0  0  0  0  0  0  0
    2.5372   -2.1048   -0.7034 C   0  0  0  0  0  0  0  0  0  0  0  0
    2.3710   -3.3158   -1.6237 C   0  0  0  0  0  0  0  0  0  0  0  0
   -5.5815   -2.1290   -2.4705 O   0  0  0  0  0  0  0  0  0  0  0  0
   -6.5692   -1.4629   -1.8513 C   0  0  0  0  0  0  0  0  0  0  0  0
   -6.3071   -0.6575   -0.9896 O   0  0  0  0  0  0  0  0  0  0  0  0
   -8.0048   -1.7198   -2.2311 C   0  0  0  0  0  0  0  0  0  0  0  0
   -8.9088   -0.8517   -1.3944 C   0  0  0  0  0  0  0  0  0  0  0  0
   -9.2585    0.4105   -1.8390 C   0  0  0  0  0  0  0  0  0  0  0  0
  -10.0866    1.2085   -1.0748 C   0  0  0  0  0  0  0  0  0  0  0  0
  -10.5687    0.7423    0.1419 C   0  0  0  0  0  0  0  0  0  0  0  0
  -10.2156   -0.5256    0.5854 C   0  0  0  0  0  0  0  0  0  0  0  0
   -9.3913   -1.3209   -0.1866 C   0  0  0  0  0  0  0  0  0  0  0  0
  -11.4062    1.5471    0.9177 N   0  0  0  0  0  0  0  0  0  0  0  0
  -11.8567    2.8436    0.4052 C   0  0  0  0  0  0  0  0  0  0  0  0
  -13.1065    2.6456   -0.4548 C   0  0  0  0  0  0  0  0  0  0  0  0
  -13.5749    4.2169   -1.2048 Cl  0  0  0  0  0  0  0  0  0  0  0  0
  -11.8342    1.0948    2.2438 C   0  0  0  0  0  0  0  0  0  0  0  0
  -10.8288    1.5712    3.2941 C   0  0  0  0  0  0  0  0  0  0  0  0
  -11.3556    1.0145    4.9261 Cl  0  0  0  0  0  0  0  0  0  0  0  0
    5.5795    1.7078   -0.1088 H   0  0  0  0  0  0  0  0  0  0  0  0
    5.7037    1.2403    1.6042 H   0  0  0  0  0  0  0  0  0  0  0  0
    7.5360    1.7069   -1.5425 H   0  0  0  0  0  0  0  0  0  0  0  0
    9.9850    1.9120   -1.6701 H   0  0  0  0  0  0  0  0  0  0  0  0
   10.2836    0.7892    2.4460 H   0  0  0  0  0  0  0  0  0  0  0  0
    7.8330    0.5925    2.5641 H   0  0  0  0  0  0  0  0  0  0  0  0
   13.4139    1.7036    1.4721 H   0  0  0  0  0  0  0  0  0  0  0  0
   11.9466    1.2682    2.3809 H   0  0  0  0  0  0  0  0  0  0  0  0
   11.9725   -0.9839    1.3437 H   0  0  0  0  0  0  0  0  0  0  0  0
   13.4398   -0.5486    0.4350 H   0  0  0  0  0  0  0  0  0  0  0  0
   13.2590    1.4573   -1.0713 H   0  0  0  0  0  0  0  0  0  0  0  0
   11.6549    1.8031   -1.7610 H   0  0  0  0  0  0  0  0  0  0  0  0
   11.6502    3.9894   -0.5170 H   0  0  0  0  0  0  0  0  0  0  0  0
   13.3143    3.6477    0.0142 H   0  0  0  0  0  0  0  0  0  0  0  0
    4.6535   -2.5230   -0.8232 H   0  0  0  0  0  0  0  0  0  0  0  0
    4.4852   -3.8590    1.0439 H   0  0  0  0  0  0  0  0  0  0  0  0
    4.1775   -2.4007    2.0295 H   0  0  0  0  0  0  0  0  0  0  0  0
    2.1928   -4.3603    0.8465 H   0  0  0  0  0  0  0  0  0  0  0  0
    2.0755   -3.3979    2.3562 H   0  0  0  0  0  0  0  0  0  0  0  0
    1.5838   -1.3724    1.1411 H   0  0  0  0  0  0  0  0  0  0  0  0
    0.3251   -3.5144   -0.6340 H   0  0  0  0  0  0  0  0  0  0  0  0
   -0.3041   -3.6812    1.8307 H   0  0  0  0  0  0  0  0  0  0  0  0
   -0.9289   -2.0156    1.7107 H   0  0  0  0  0  0  0  0  0  0  0  0
   -1.8543   -4.4737    0.1733 H   0  0  0  0  0  0  0  0  0  0  0  0
   -2.7943   -3.4948    1.3180 H   0  0  0  0  0  0  0  0  0  0  0  0
   -4.4458   -3.4613   -0.5310 H   0  0  0  0  0  0  0  0  0  0  0  0
   -3.8438   -0.4524   -3.4986 H   0  0  0  0  0  0  0  0  0  0  0  0
   -1.5254   -0.1801   -2.7363 H   0  0  0  0  0  0  0  0  0  0  0  0
   -0.2622   -0.5765   -0.0748 H   0  0  0  0  0  0  0  0  0  0  0  0
    0.6439   -1.8973   -2.6387 H   0  0  0  0  0  0  0  0  0  0  0  0
    0.2876   -0.1727   -2.4003 H   0  0  0  0  0  0  0  0  0  0  0  0
    2.7487   -0.6613   -2.2756 H   0  0  0  0  0  0  0  0  0  0  0  0
    2.1196   -0.0014   -0.7418 H   0  0  0  0  0  0  0  0  0  0  0  0
    3.0569   -3.2286   -2.4663 H   0  0  0  0  0  0  0  0  0  0  0  0
    2.5918   -4.2273   -1.0683 H   0  0  0  0  0  0  0  0  0  0  0  0
    1.3459   -3.3541   -1.9922 H   0  0  0  0  0  0  0  0  0  0  0  0
   -8.1493   -1.4847   -3.2856 H   0  0  0  0  0  0  0  0  0  0  0  0
   -8.2447   -2.7686   -2.0565 H   0  0  0  0  0  0  0  0  0  0  0  0
   -8.8831    0.7724   -2.7848 H   0  0  0  0  0  0  0  0  0  0  0  0
  -10.3590    2.1941   -1.4224 H   0  0  0  0  0  0  0  0  0  0  0  0
  -10.5886   -0.8910    1.5308 H   0  0  0  0  0  0  0  0  0  0  0  0
   -9.1163   -2.3069    0.1576 H   0  0  0  0  0  0  0  0  0  0  0  0
  -12.0913    3.5029    1.2409 H   0  0  0  0  0  0  0  0  0  0  0  0
  -11.0668    3.2898   -0.1989 H   0  0  0  0  0  0  0  0  0  0  0  0
  -12.8968    1.9173   -1.2382 H   0  0  0  0  0  0  0  0  0  0  0  0
  -13.9233    2.2831    0.1692 H   0  0  0  0  0  0  0  0  0  0  0  0
  -12.8176    1.5077    2.4686 H   0  0  0  0  0  0  0  0  0  0  0  0
  -11.8854    0.0061    2.2573 H   0  0  0  0  0  0  0  0  0  0  0  0
   -9.8454    1.1583    3.0693 H   0  0  0  0  0  0  0  0  0  0  0  0
  -10.7776    2.6599    3.2806 H   0  0  0  0  0  0  0  0  0  0  0  0
  1  2  2  0  0  0  0
  1  3  1  0  0  0  0
  3  4  1  0  0  0  0
  4  5  1  0  0  0  0
  5  6  2  0  0  0  0
  6  7  1  0  0  0  0
  7  8  2  0  0  0  0
  8  9  1  0  0  0  0
  4  9  2  0  0  0  0
  7 10  1  0  0  0  0
 10 11  1  0  0  0  0
 11 12  1  0  0  0  0
 12 13  1  0  0  0  0
 10 14  1  0  0  0  0
 14 15  1  0  0  0  0
 15 16  1  0  0  0  0
  1 17  1  0  0  0  0
 17 18  1  0  0  0  0
 18 19  1  0  0  0  0
 19 20  1  0  0  0  0
 20 21  1  0  0  0  0
 21 22  1  0  0  0  0
 22 23  1  0  0  0  0
 23 24  1  0  0  0  0
 24 25  1  0  0  0  0
 25 26  1  0  0  0  0
 26 27  2  0  0  0  0
 27 28  1  0  0  0  0
 28 29  2  0  0  0  0
 29 30  1  0  0  0  0
 25 30  2  0  0  0  0
 30 31  1  0  0  0  0
 22 31  1  0  0  0  0
 31 32  1  0  0  0  0
 32 33  1  0  0  0  0
 33 34  1  0  0  0  0
 18 34  1  0  0  0  0
 21 34  1  0  0  0  0
 34 35  1  0  0  0  0
 27 36  1  0  0  0  0
 36 37  1  0  0  0  0
 37 38  2  0  0  0  0
 37 39  1  0  0  0  0
 39 40  1  0  0  0  0
 40 41  1  0  0  0  0
 41 42  2  0  0  0  0
 42 43  1  0  0  0  0
 43 44  2  0  0  0  0
 44 45  1  0  0  0  0
 40 45  2  0  0  0  0
 43 46  1  0  0  0  0
 46 47  1  0  0  0  0
 47 48  1  0  0  0  0
 48 49  1  0  0  0  0
 46 50  1  0  0  0  0
 50 51  1  0  0  0  0
 51 52  1  0  0  0  0
  3 53  1  0  0  0  0
  3 54  1  0  0  0  0
  5 55  1  0  0  0  0
  6 56  1  0  0  0  0
  8 57  1  0  0  0  0
  9 58  1  0  0  0  0
 11 59  1  0  0  0  0
 11 60  1  0  0  0  0
 12 61  1  0  0  0  0
 12 62  1  0  0  0  0
 14 63  1  0  0  0  0
 14 64  1  0  0  0  0
 15 65  1  0  0  0  0
 15 66  1  0  0  0  0
 18 67  1  0  0  0  0
 19 68  1  0  0  0  0
 19 69  1  0  0  0  0
 20 70  1  0  0  0  0
 20 71  1  0  0  0  0
 21 72  1  0  0  0  0
 22 73  1  0  0  0  0
 23 74  1  0  0  0  0
 23 75  1  0  0  0  0
 24 76  1  0  0  0  0
 24 77  1  0  0  0  0
 26 78  1  0  0  0  0
 28 79  1  0  0  0  0
 29 80  1  0  0  0  0
 31 81  1  0  0  0  0
 32 82  1  0  0  0  0
 32 83  1  0  0  0  0
 33 84  1  0  0  0  0
 33 85  1  0  0  0  0
 35 86  1  0  0  0  0
 35 87  1  0  0  0  0
 35 88  1  0  0  0  0
 39 89  1  0  0  0  0
 39 90  1  0  0  0  0
 41 91  1  0  0  0  0
 42 92  1  0  0  0  0
 44 93  1  0  0  0  0
 45 94  1  0  0  0  0
 47 95  1  0  0  0  0
 47 96  1  0  0  0  0
 48 97  1  0  0  0  0
 48 98  1  0  0  0  0
 50 99  1  0  0  0  0
 50 100  1  0  0  0  0
 51 101  1  0  0  0  0
 51 102  1  0  0  0  0
M  END
$$$$
