 
WItclserve11290013443D 0   0.00000     0.00000cramer
 
 25 27  0  0  0  0  0  0  0  0  1 V2000
    0.6761   -1.1445    0.2851 C   0  0  0  0  0  0  0  0  0  0  0  0
    1.0950   -2.8912    0.4407 Cl  0  0  0  0  0  0  0  0  0  0  0  0
    1.5676   -0.1362    1.0397 C   0  0  0  0  0  0  0  0  0  0  0  0
    2.6489   -0.5025    2.3476 Cl  0  0  0  0  0  0  0  0  0  0  0  0
    1.3598    1.0564    0.5098 C   0  0  0  0  0  0  0  0  0  0  0  0
    2.0971    2.5331    1.0479 Cl  0  0  0  0  0  0  0  0  0  0  0  0
    0.3712    0.9363   -0.6504 C   0  0  0  0  0  0  0  0  0  0  0  0
    0.4122    2.2634   -1.8701 Cl  0  0  0  0  0  0  0  0  0  0  0  0
    0.7610   -0.5119   -1.1552 C   0  0  0  0  0  0  0  0  0  0  0  0
    2.4277   -0.5777   -1.8398 Cl  0  0  0  0  0  0  0  0  0  0  0  0
   -0.4641   -1.2013   -2.2841 Cl  0  0  0  0  0  0  0  0  0  0  0  0
   -1.0055    0.6196   -0.0366 C   0  0  0  0  0  0  0  0  0  0  0  0
   -0.7279   -0.7159    0.7693 C   0  0  0  0  0  0  0  0  0  0  0  0
   -1.8529   -1.6854    0.5951 C   0  0  0  0  0  0  0  0  0  0  0  0
   -3.0811   -1.0674    1.0706 O   0  0  0  0  0  0  0  0  0  0  0  0
   -3.2995    0.1571    0.1992 S   0  0  0  0  0  0  0  0  0  0  0  0
   -4.7181    0.2332    0.2315 O   0  0  0  0  0  0  0  0  0  0  0  0
   -2.9489    1.3378    1.1108 O   0  0  0  0  0  0  0  0  0  0  0  0
   -1.5638    1.6342    0.9203 C   0  0  0  0  0  0  0  0  0  0  0  0
   -1.7280    0.4260   -0.8295 H   0  0  0  0  0  0  0  0  0  0  0  0
   -0.6647   -0.4662    1.8285 H   0  0  0  0  0  0  0  0  0  0  0  0
   -1.9563   -1.9395   -0.4598 H   0  0  0  0  0  0  0  0  0  0  0  0
   -1.6505   -2.5876    1.1723 H   0  0  0  0  0  0  0  0  0  0  0  0
   -1.0334    1.5306    1.8669 H   0  0  0  0  0  0  0  0  0  0  0  0
   -1.4551    2.6520    0.5456 H   0  0  0  0  0  0  0  0  0  0  0  0
  1  2  1  0  0  0  0
  1  3  1  0  0  0  0
  3  4  1  0  0  0  0
  3  5  2  0  0  0  0
  5  6  1  0  0  0  0
  5  7  1  0  0  0  0
  7  8  1  0  0  0  0
  7  9  1  0  0  0  0
  1  9  1  0  0  0  0
  9 10  1  0  0  0  0
  9 11  1  0  0  0  0
  7 12  1  0  0  0  0
 12 13  1  0  0  0  0
  1 13  1  0  0  0  0
 13 14  1  0  0  0  0
 14 15  1  0  0  0  0
 15 16  1  0  0  0  0
 16 17  2  0  0  0  0
 16 18  1  0  0  0  0
 18 19  1  0  0  0  0
 12 19  1  0  0  0  0
 12 20  1  0  0  0  0
 13 21  1  0  0  0  0
 14 22  1  0  0  0  0
 14 23  1  0  0  0  0
 19 24  1  0  0  0  0
 19 25  1  0  0  0  0
M  END
$$$$
