 
WItclserve11290013443D 0   0.00000     0.00000cramer
 
 27 28  0  0  0  0  0  0  0  0  1 V2000
   -4.2324   -0.3058   -0.1458 O   0  0  0  0  0  0  0  0  0  0  0  0
   -3.3488    0.4914    0.0632 C   0  0  0  0  0  0  0  0  0  0  0  0
   -3.6022    1.8077   -0.0066 O   0  0  0  0  0  0  0  0  0  0  0  0
   -1.9639    0.0080    0.4084 C   0  0  0  0  0  0  0  0  0  0  0  0
   -2.0554   -1.2783    1.1121 N   0  0  0  0  0  0  0  0  0  0  0  0
   -1.1510   -0.1698   -0.8755 C   0  0  0  0  0  0  0  0  0  0  0  0
    0.2340   -0.6532   -0.5302 C   0  0  0  0  0  0  0  0  0  0  0  0
    0.6294   -1.9314   -0.4206 C   0  0  0  0  0  0  0  0  0  0  0  0
    1.9571   -1.9825   -0.0937 N   0  0  0  0  0  0  0  0  0  0  0  0
    2.4611   -0.7061    0.0179 C   0  0  0  0  0  0  0  0  0  0  0  0
    3.7194   -0.1964    0.3220 C   0  0  0  0  0  0  0  0  0  0  0  0
    3.9154    1.1666    0.3566 C   0  0  0  0  0  0  0  0  0  0  0  0
    2.8690    2.0394    0.0908 C   0  0  0  0  0  0  0  0  0  0  0  0
    1.6253    1.5606   -0.2100 C   0  0  0  0  0  0  0  0  0  0  0  0
    1.4057    0.1824   -0.2569 C   0  0  0  0  0  0  0  0  0  0  0  0
   -4.4919    2.1179   -0.2242 H   0  0  0  0  0  0  0  0  0  0  0  0
   -1.4733    0.7394    1.0507 H   0  0  0  0  0  0  0  0  0  0  0  0
   -2.6815   -1.1388    1.8910 H   0  0  0  0  0  0  0  0  0  0  0  0
   -2.5135   -1.9208    0.4833 H   0  0  0  0  0  0  0  0  0  0  0  0
   -1.6415   -0.9012   -1.5178 H   0  0  0  0  0  0  0  0  0  0  0  0
   -1.0830    0.7846   -1.3976 H   0  0  0  0  0  0  0  0  0  0  0  0
   -0.0062   -2.7919   -0.5686 H   0  0  0  0  0  0  0  0  0  0  0  0
    2.4671   -2.7967    0.0402 H   0  0  0  0  0  0  0  0  0  0  0  0
    4.5398   -0.8672    0.5306 H   0  0  0  0  0  0  0  0  0  0  0  0
    4.8929    1.5603    0.5932 H   0  0  0  0  0  0  0  0  0  0  0  0
    3.0394    3.1054    0.1224 H   0  0  0  0  0  0  0  0  0  0  0  0
    0.8159    2.2455   -0.4154 H   0  0  0  0  0  0  0  0  0  0  0  0
  1  2  2  0  0  0  0
  2  3  1  0  0  0  0
  2  4  1  0  0  0  0
  4  5  1  0  0  0  0
  4  6  1  0  0  0  0
  6  7  1  0  0  0  0
  7  8  2  0  0  0  0
  8  9  1  0  0  0  0
  9 10  1  0  0  0  0
 10 11  1  0  0  0  0
 11 12  2  0  0  0  0
 12 13  1  0  0  0  0
 13 14  2  0  0  0  0
 14 15  1  0  0  0  0
  7 15  1  0  0  0  0
 10 15  2  0  0  0  0
  3 16  1  0  0  0  0
  4 17  1  0  0  0  0
  5 18  1  0  0  0  0
  5 19  1  0  0  0  0
  6 20  1  0  0  0  0
  6 21  1  0  0  0  0
  8 22  1  0  0  0  0
  9 23  1  0  0  0  0
 11 24  1  0  0  0  0
 12 25  1  0  0  0  0
 13 26  1  0  0  0  0
 14 27  1  0  0  0  0
M  END
$$$$
