 
WItclserve11290013443D 0   0.00000     0.00000cramer
 
  8  7  0  0  0  0  0  0  0  0  1 V2000
   -0.4710   -0.6028    0.0000 C   0  0  0  0  0  0  0  0  0  0  0  0
   -2.3351    0.0221    0.0000 Br  0  0  0  0  0  0  0  0  0  0  0  0
    0.4710    0.6028    0.0000 C   0  0  0  0  0  0  0  0  0  0  0  0
    2.3351   -0.0221    0.0000 Br  0  0  0  0  0  0  0  0  0  0  0  0
   -0.2898   -1.2055    0.8900 H   0  0  0  0  0  0  0  0  0  0  0  0
   -0.2898   -1.2055   -0.8900 H   0  0  0  0  0  0  0  0  0  0  0  0
    0.2898    1.2055   -0.8900 H   0  0  0  0  0  0  0  0  0  0  0  0
    0.2898    1.2055    0.8900 H   0  0  0  0  0  0  0  0  0  0  0  0
  1  2  1  0  0  0  0
  1  3  1  0  0  0  0
  3  4  1  0  0  0  0
  1  5  1  0  0  0  0
  1  6  1  0  0  0  0
  3  7  1  0  0  0  0
  3  8  1  0  0  0  0
M  END
$$$$
