 
WItclserve11290013443D 0   0.00000     0.00000cramer
 
 31 31  0  0  0  0  0  0  0  0  1 V2000
    1.9990    0.0076    0.3174 C   0  0  0  0  0  0  0  0  0  0  0  0
    2.8338   -1.2746    0.3066 C   0  0  0  0  0  0  0  0  0  0  0  0
    2.7692    1.1235   -0.3914 C   0  0  0  0  0  0  0  0  0  0  0  0
    0.6753   -0.2395   -0.4090 C   0  0  0  0  0  0  0  0  0  0  0  0
   -0.0949   -1.3554    0.2998 C   0  0  0  0  0  0  0  0  0  0  0  0
   -1.4185   -1.6025   -0.4266 C   0  0  0  0  0  0  0  0  0  0  0  0
   -2.2533   -0.3203   -0.4157 C   0  0  0  0  0  0  0  0  0  0  0  0
   -2.5344    0.0929    1.0303 C   0  0  0  0  0  0  0  0  0  0  0  0
   -1.4831    0.7956   -1.1245 C   0  0  0  0  0  0  0  0  0  0  0  0
   -0.1594    1.0427   -0.3981 C   0  0  0  0  0  0  0  0  0  0  0  0
   -0.4221    1.4286    0.9525 O   0  0  0  0  0  0  0  0  0  0  0  0
    1.7987    0.3020    1.3476 H   0  0  0  0  0  0  0  0  0  0  0  0
    2.2851   -2.0696    0.8115 H   0  0  0  0  0  0  0  0  0  0  0  0
    3.0341   -1.5690   -0.7236 H   0  0  0  0  0  0  0  0  0  0  0  0
    3.7768   -1.0986    0.8241 H   0  0  0  0  0  0  0  0  0  0  0  0
    2.9695    0.8291   -1.4216 H   0  0  0  0  0  0  0  0  0  0  0  0
    2.1745    2.0370   -0.3836 H   0  0  0  0  0  0  0  0  0  0  0  0
    3.7122    1.2995    0.1261 H   0  0  0  0  0  0  0  0  0  0  0  0
    0.8756   -0.5339   -1.4392 H   0  0  0  0  0  0  0  0  0  0  0  0
    0.4998   -2.2689    0.2921 H   0  0  0  0  0  0  0  0  0  0  0  0
   -0.2952   -1.0610    1.3300 H   0  0  0  0  0  0  0  0  0  0  0  0
   -1.2182   -1.8969   -1.4568 H   0  0  0  0  0  0  0  0  0  0  0  0
   -1.9672   -2.3976    0.0783 H   0  0  0  0  0  0  0  0  0  0  0  0
   -3.1963   -0.4963   -0.9332 H   0  0  0  0  0  0  0  0  0  0  0  0
   -1.6055    0.0756    1.6003 H   0  0  0  0  0  0  0  0  0  0  0  0
   -2.9515    1.0999    1.0459 H   0  0  0  0  0  0  0  0  0  0  0  0
   -3.2466   -0.6022    1.4749 H   0  0  0  0  0  0  0  0  0  0  0  0
   -1.2828    0.5012   -2.1547 H   0  0  0  0  0  0  0  0  0  0  0  0
   -2.0778    1.7091   -1.1168 H   0  0  0  0  0  0  0  0  0  0  0  0
    0.3892    1.8377   -0.9030 H   0  0  0  0  0  0  0  0  0  0  0  0
   -0.9490    2.2386    0.9143 H   0  0  0  0  0  0  0  0  0  0  0  0
  1  2  1  0  0  0  0
  1  3  1  0  0  0  0
  1  4  1  0  0  0  0
  4  5  1  0  0  0  0
  5  6  1  0  0  0  0
  6  7  1  0  0  0  0
  7  8  1  0  0  0  0
  7  9  1  0  0  0  0
  9 10  1  0  0  0  0
  4 10  1  0  0  0  0
 10 11  1  0  0  0  0
  1 12  1  0  0  0  0
  2 13  1  0  0  0  0
  2 14  1  0  0  0  0
  2 15  1  0  0  0  0
  3 16  1  0  0  0  0
  3 17  1  0  0  0  0
  3 18  1  0  0  0  0
  4 19  1  0  0  0  0
  5 20  1  0  0  0  0
  5 21  1  0  0  0  0
  6 22  1  0  0  0  0
  6 23  1  0  0  0  0
  7 24  1  0  0  0  0
  8 25  1  0  0  0  0
  8 26  1  0  0  0  0
  8 27  1  0  0  0  0
  9 28  1  0  0  0  0
  9 29  1  0  0  0  0
 10 30  1  0  0  0  0
 11 31  1  0  0  0  0
M  END
$$$$
