 
WItclserve11290013443D 0   0.00000     0.00000cramer
 
 29 30  0  0  0  0  0  0  0  0  2 V2000
    2.5632    3.0508    0.7862 O   0  0  0  0  0  0  0  0  0  0  0  0
    3.1386    1.8757    0.4271 C   0  0  0  0  0  0  0  0  0  0  0  0
    4.5198    1.7677    0.3627 C   0  0  0  0  0  0  0  0  0  0  0  0
    5.1045    0.5718   -0.0032 C   0  0  0  0  0  0  0  0  0  0  0  0
    4.3182   -0.5285   -0.3087 C   0  0  0  0  0  0  0  0  0  0  0  0
    5.0676   -2.0256   -0.7678 Cl  0  0  0  0  0  0  0  0  0  0  0  0
    2.9435   -0.4388   -0.2489 C   0  0  0  0  0  0  0  0  0  0  0  0
    2.3399    0.7645    0.1253 C   0  0  0  0  0  0  0  0  0  0  0  0
    0.8699    0.8676    0.1919 C   0  0  0  0  0  0  0  0  0  0  0  0
    0.3481    1.9164    0.5179 O   0  0  0  0  0  0  0  0  0  0  0  0
    0.1052   -0.2007   -0.1087 N   0  0  0  0  0  0  0  0  0  0  0  0
   -1.2871   -0.0724   -0.1592 C   0  0  0  0  0  0  0  0  0  0  0  0
   -1.8613    1.0828   -0.6733 C   0  0  0  0  0  0  0  0  0  0  0  0
   -3.2360    1.2063   -0.7222 C   0  0  0  0  0  0  0  0  0  0  0  0
   -4.0413    0.1813   -0.2600 C   0  0  0  0  0  0  0  0  0  0  0  0
   -3.4737   -0.9705    0.2526 C   0  0  0  0  0  0  0  0  0  0  0  0
   -2.0986   -1.1030    0.2997 C   0  0  0  0  0  0  0  0  0  0  0  0
   -1.3863   -2.5494    0.9434 Cl  0  0  0  0  0  0  0  0  0  0  0  0
   -5.5142    0.3179   -0.3138 N   0  3  0  0  0  0  0  0  0  0  0  0
   -6.2247   -0.5839    0.0929 O   0  0  0  0  0  0  0  0  0  0  0  0
   -6.0157    1.3322   -0.7648 O   0  5  0  0  0  0  0  0  0  0  0  0
    2.4237    3.5539   -0.0278 H   0  0  0  0  0  0  0  0  0  0  0  0
    5.1389    2.6206    0.5989 H   0  0  0  0  0  0  0  0  0  0  0  0
    6.1805    0.4931   -0.0522 H   0  0  0  0  0  0  0  0  0  0  0  0
    2.3345   -1.2982   -0.4876 H   0  0  0  0  0  0  0  0  0  0  0  0
    0.5200   -1.0586   -0.2900 H   0  0  0  0  0  0  0  0  0  0  0  0
   -1.2335    1.8840   -1.0342 H   0  0  0  0  0  0  0  0  0  0  0  0
   -3.6828    2.1048   -1.1217 H   0  0  0  0  0  0  0  0  0  0  0  0
   -4.1053   -1.7689    0.6131 H   0  0  0  0  0  0  0  0  0  0  0  0
  1  2  1  0  0  0  0
  2  3  1  0  0  0  0
  3  4  2  0  0  0  0
  4  5  1  0  0  0  0
  5  6  1  0  0  0  0
  5  7  2  0  0  0  0
  7  8  1  0  0  0  0
  2  8  2  0  0  0  0
  8  9  1  0  0  0  0
  9 10  2  0  0  0  0
  9 11  1  0  0  0  0
 11 12  1  0  0  0  0
 12 13  1  0  0  0  0
 13 14  2  0  0  0  0
 14 15  1  0  0  0  0
 15 16  2  0  0  0  0
 16 17  1  0  0  0  0
 12 17  2  0  0  0  0
 17 18  1  0  0  0  0
 15 19  1  0  0  0  0
 19 20  2  0  0  0  0
 19 21  1  0  0  0  0
  1 22  1  0  0  0  0
  3 23  1  0  0  0  0
  4 24  1  0  0  0  0
  7 25  1  0  0  0  0
 11 26  1  0  0  0  0
 13 27  1  0  0  0  0
 14 28  1  0  0  0  0
 16 29  1  0  0  0  0
M  CHG  2  19   1  21  -1
M  END
$$$$
