 
WItclserve11290013443D 0   0.00000     0.00000cramer
 
 16 16  0  0  0  0  0  0  0  0  1 V2000
   -0.6991   -1.7517    0.0000 C   0  0  0  0  0  0  0  0  0  0  0  0
   -1.8797   -1.0343    0.0000 C   0  0  0  0  0  0  0  0  0  0  0  0
   -1.8490    0.3537   -0.0001 C   0  0  0  0  0  0  0  0  0  0  0  0
   -3.0457    1.0802   -0.0001 N   0  0  0  0  0  0  0  0  0  0  0  0
   -0.6313    1.0215    0.0002 C   0  0  0  0  0  0  0  0  0  0  0  0
    0.5495    0.3044    0.0002 C   0  0  0  0  0  0  0  0  0  0  0  0
    2.0720    1.1386    0.0000 Cl  0  0  0  0  0  0  0  0  0  0  0  0
    0.5182   -1.0851   -0.0002 C   0  0  0  0  0  0  0  0  0  0  0  0
    1.7152   -1.8127   -0.0002 N   0  0  0  0  0  0  0  0  0  0  0  0
   -0.7234   -2.8314    0.0045 H   0  0  0  0  0  0  0  0  0  0  0  0
   -2.8268   -1.5533   -0.0003 H   0  0  0  0  0  0  0  0  0  0  0  0
   -3.0243    2.0500   -0.0002 H   0  0  0  0  0  0  0  0  0  0  0  0
   -3.8963    0.6138    0.0000 H   0  0  0  0  0  0  0  0  0  0  0  0
   -0.6075    2.1012    0.0001 H   0  0  0  0  0  0  0  0  0  0  0  0
    1.6933   -2.7825   -0.0004 H   0  0  0  0  0  0  0  0  0  0  0  0
    2.5660   -1.3468    0.0000 H   0  0  0  0  0  0  0  0  0  0  0  0
  1  2  1  0  0  0  0
  2  3  2  0  0  0  0
  3  4  1  0  0  0  0
  3  5  1  0  0  0  0
  5  6  2  0  0  0  0
  6  7  1  0  0  0  0
  6  8  1  0  0  0  0
  1  8  2  0  0  0  0
  8  9  1  0  0  0  0
  1 10  1  0  0  0  0
  2 11  1  0  0  0  0
  4 12  1  0  0  0  0
  4 13  1  0  0  0  0
  5 14  1  0  0  0  0
  9 15  1  0  0  0  0
  9 16  1  0  0  0  0
M  END
$$$$
