 
WItclserve11290013443D 0   0.00000     0.00000cramer
 
 24 26  0  0  0  0  0  0  0  0  2 V2000
   -3.6469   -0.7772   -0.0015 O   0  5  0  0  0  0  0  0  0  0  0  0
   -2.7223    0.0156   -0.0008 N   0  3  0  0  0  0  0  0  0  0  0  0
   -2.9466    1.2128    0.0042 O   0  0  0  0  0  0  0  0  0  0  0  0
   -1.3260   -0.4758   -0.0001 C   0  0  0  0  0  0  0  0  0  0  0  0
   -1.0608   -1.8149    0.0000 C   0  0  0  0  0  0  0  0  0  0  0  0
    0.2419   -2.3183    0.0004 C   0  0  0  0  0  0  0  0  0  0  0  0
    1.3071   -1.4701    0.0008 C   0  0  0  0  0  0  0  0  0  0  0  0
    2.8056   -1.6498    0.0010 C   0  0  0  0  0  0  0  0  0  0  0  0
    3.3878   -0.2194    0.0003 C   0  0  0  0  0  0  0  0  0  0  0  0
    2.1896    0.6983    0.0000 C   0  0  0  0  0  0  0  0  0  0  0  0
    2.0193    2.0488   -0.0006 C   0  0  0  0  0  0  0  0  0  0  0  0
    0.7348    2.5983   -0.0003 C   0  0  0  0  0  0  0  0  0  0  0  0
   -0.3898    1.8251    0.0003 C   0  0  0  0  0  0  0  0  0  0  0  0
   -0.2506    0.4273   -0.0052 C   0  0  0  0  0  0  0  0  0  0  0  0
    1.0521   -0.1028    0.0005 C   0  0  0  0  0  0  0  0  0  0  0  0
   -1.8877   -2.5097    0.0000 H   0  0  0  0  0  0  0  0  0  0  0  0
    0.4053   -3.3858    0.0009 H   0  0  0  0  0  0  0  0  0  0  0  0
    3.1217   -2.1859    0.8959 H   0  0  0  0  0  0  0  0  0  0  0  0
    3.1218   -2.1868   -0.8933 H   0  0  0  0  0  0  0  0  0  0  0  0
    3.9888   -0.0558    0.8948 H   0  0  0  0  0  0  0  0  0  0  0  0
    3.9887   -0.0566   -0.8944 H   0  0  0  0  0  0  0  0  0  0  0  0
    2.8816    2.6990   -0.0009 H   0  0  0  0  0  0  0  0  0  0  0  0
    0.6280    3.6730   -0.0003 H   0  0  0  0  0  0  0  0  0  0  0  0
   -1.3694    2.2799    0.0006 H   0  0  0  0  0  0  0  0  0  0  0  0
  1  2  1  0  0  0  0
  2  3  2  0  0  0  0
  2  4  1  0  0  0  0
  4  5  1  0  0  0  0
  5  6  2  0  0  0  0
  6  7  1  0  0  0  0
  7  8  1  0  0  0  0
  8  9  1  0  0  0  0
  9 10  1  0  0  0  0
 10 11  2  0  0  0  0
 11 12  1  0  0  0  0
 12 13  2  0  0  0  0
 13 14  1  0  0  0  0
  4 14  2  0  0  0  0
 14 15  1  0  0  0  0
  7 15  2  0  0  0  0
 10 15  1  0  0  0  0
  5 16  1  0  0  0  0
  6 17  1  0  0  0  0
  8 18  1  0  0  0  0
  8 19  1  0  0  0  0
  9 20  1  0  0  0  0
  9 21  1  0  0  0  0
 11 22  1  0  0  0  0
 12 23  1  0  0  0  0
 13 24  1  0  0  0  0
M  CHG  2   1  -1   2   1
M  END
$$$$
