 
WItclserve11290013443D 0   0.00000     0.00000cramer
 
 50 50  0  0  0  0  0  0  0  0  1 V2000
    0.8284   -3.1448    0.1425 C   0  0  0  0  0  0  0  0  0  0  0  0
   -0.6661   -3.1814   -0.1793 C   0  0  0  0  0  0  0  0  0  0  0  0
   -1.3290   -2.1124    0.4969 O   0  0  0  0  0  0  0  0  0  0  0  0
   -0.7627   -0.8956    0.0088 C   0  0  0  0  0  0  0  0  0  0  0  0
   -1.5856    0.5138    0.8007 S   0  0  0  0  0  0  0  0  0  0  0  0
   -3.5811    0.1775    0.1688 P   0  0  0  0  0  0  0  0  0  0  0  0
   -4.1577   -1.4825    0.7892 S   0  0  0  0  0  0  0  0  0  0  0  0
   -4.5336    1.3323    0.7615 O   0  0  0  0  0  0  0  0  0  0  0  0
   -5.8576    1.0515    0.3030 C   0  0  0  0  0  0  0  0  0  0  0  0
   -6.8180    2.1177    0.8339 C   0  0  0  0  0  0  0  0  0  0  0  0
   -3.6459    0.2014   -1.4397 O   0  0  0  0  0  0  0  0  0  0  0  0
   -3.1941    1.4928   -1.8521 C   0  0  0  0  0  0  0  0  0  0  0  0
   -3.2312    1.5825   -3.3790 C   0  0  0  0  0  0  0  0  0  0  0  0
    0.7319   -0.8589    0.3306 C   0  0  0  0  0  0  0  0  0  0  0  0
    1.3947   -1.9280   -0.3456 O   0  0  0  0  0  0  0  0  0  0  0  0
    1.4283    0.7247   -0.2150 S   0  0  0  0  0  0  0  0  0  0  0  0
    3.4505    0.4558    0.3618 P   0  0  0  0  0  0  0  0  0  0  0  0
    3.5403    0.1832    2.2031 S   0  0  0  0  0  0  0  0  0  0  0  0
    4.0603   -0.8245   -0.4005 O   0  0  0  0  0  0  0  0  0  0  0  0
    3.9637   -0.5561   -1.8008 C   0  0  0  0  0  0  0  0  0  0  0  0
    4.5294   -1.7404   -2.5873 C   0  0  0  0  0  0  0  0  0  0  0  0
    4.2989    1.7672   -0.0286 O   0  0  0  0  0  0  0  0  0  0  0  0
    5.6458    1.5256    0.3833 C   0  0  0  0  0  0  0  0  0  0  0  0
    6.5100    2.7404    0.0394 C   0  0  0  0  0  0  0  0  0  0  0  0
    0.9687   -3.2030    1.2219 H   0  0  0  0  0  0  0  0  0  0  0  0
    1.3229   -3.9916   -0.3334 H   0  0  0  0  0  0  0  0  0  0  0  0
   -0.8085   -3.0742   -1.2546 H   0  0  0  0  0  0  0  0  0  0  0  0
   -1.0846   -4.1330    0.1486 H   0  0  0  0  0  0  0  0  0  0  0  0
   -0.9025   -0.8377   -1.0706 H   0  0  0  0  0  0  0  0  0  0  0  0
   -5.8737    1.0581   -0.7868 H   0  0  0  0  0  0  0  0  0  0  0  0
   -6.1671    0.0710    0.6650 H   0  0  0  0  0  0  0  0  0  0  0  0
   -7.8279    1.9034    0.4841 H   0  0  0  0  0  0  0  0  0  0  0  0
   -6.8018    2.1110    1.9237 H   0  0  0  0  0  0  0  0  0  0  0  0
   -6.5084    3.0981    0.4719 H   0  0  0  0  0  0  0  0  0  0  0  0
   -3.8440    2.2579   -1.4273 H   0  0  0  0  0  0  0  0  0  0  0  0
   -2.1732    1.6489   -1.5037 H   0  0  0  0  0  0  0  0  0  0  0  0
   -2.5814    0.8174   -3.8038 H   0  0  0  0  0  0  0  0  0  0  0  0
   -4.2522    1.4263   -3.7274 H   0  0  0  0  0  0  0  0  0  0  0  0
   -2.8866    2.5675   -3.6936 H   0  0  0  0  0  0  0  0  0  0  0  0
    0.8742   -0.9661    1.4059 H   0  0  0  0  0  0  0  0  0  0  0  0
    2.9183   -0.4068   -2.0708 H   0  0  0  0  0  0  0  0  0  0  0  0
    4.5324    0.3428   -2.0385 H   0  0  0  0  0  0  0  0  0  0  0  0
    4.4557   -1.5357   -3.6553 H   0  0  0  0  0  0  0  0  0  0  0  0
    5.5748   -1.8897   -2.3172 H   0  0  0  0  0  0  0  0  0  0  0  0
    3.9607   -2.6393   -2.3495 H   0  0  0  0  0  0  0  0  0  0  0  0
    5.6714    1.3544    1.4595 H   0  0  0  0  0  0  0  0  0  0  0  0
    6.0318    0.6470   -0.1336 H   0  0  0  0  0  0  0  0  0  0  0  0
    7.5373    2.5561    0.3536 H   0  0  0  0  0  0  0  0  0  0  0  0
    6.4843    2.9116   -1.0367 H   0  0  0  0  0  0  0  0  0  0  0  0
    6.1240    3.6190    0.5564 H   0  0  0  0  0  0  0  0  0  0  0  0
  1  2  1  0  0  0  0
  2  3  1  0  0  0  0
  3  4  1  0  0  0  0
  4  5  1  0  0  0  0
  5  6  1  0  0  0  0
  6  7  2  0  0  0  0
  6  8  1  0  0  0  0
  8  9  1  0  0  0  0
  9 10  1  0  0  0  0
  6 11  1  0  0  0  0
 11 12  1  0  0  0  0
 12 13  1  0  0  0  0
  4 14  1  0  0  0  0
 14 15  1  0  0  0  0
  1 15  1  0  0  0  0
 14 16  1  0  0  0  0
 16 17  1  0  0  0  0
 17 18  2  0  0  0  0
 17 19  1  0  0  0  0
 19 20  1  0  0  0  0
 20 21  1  0  0  0  0
 17 22  1  0  0  0  0
 22 23  1  0  0  0  0
 23 24  1  0  0  0  0
  1 25  1  0  0  0  0
  1 26  1  0  0  0  0
  2 27  1  0  0  0  0
  2 28  1  0  0  0  0
  4 29  1  0  0  0  0
  9 30  1  0  0  0  0
  9 31  1  0  0  0  0
 10 32  1  0  0  0  0
 10 33  1  0  0  0  0
 10 34  1  0  0  0  0
 12 35  1  0  0  0  0
 12 36  1  0  0  0  0
 13 37  1  0  0  0  0
 13 38  1  0  0  0  0
 13 39  1  0  0  0  0
 14 40  1  0  0  0  0
 20 41  1  0  0  0  0
 20 42  1  0  0  0  0
 21 43  1  0  0  0  0
 21 44  1  0  0  0  0
 21 45  1  0  0  0  0
 23 46  1  0  0  0  0
 23 47  1  0  0  0  0
 24 48  1  0  0  0  0
 24 49  1  0  0  0  0
 24 50  1  0  0  0  0
M  END
$$$$
