 
WItclserve11290013443D 0   0.00000     0.00000cramer
 
 26 27  0  0  0  0  0  0  0  0  1 V2000
   -1.5028    3.0217    0.0163 Cl  0  0  0  0  0  0  0  0  0  0  0  0
    0.0003    2.1533   -0.0025 C   0  0  0  0  0  0  0  0  0  0  0  0
    1.5038    3.0210   -0.0155 Cl  0  0  0  0  0  0  0  0  0  0  0  0
    0.0000    0.8113   -0.0013 C   0  0  0  0  0  0  0  0  0  0  0  0
    1.2834    0.0699   -0.0173 C   0  0  0  0  0  0  0  0  0  0  0  0
    2.2044    0.2431    1.0154 C   0  0  0  0  0  0  0  0  0  0  0  0
    3.3974   -0.4494    0.9956 C   0  0  0  0  0  0  0  0  0  0  0  0
    3.6812   -1.3148   -0.0474 C   0  0  0  0  0  0  0  0  0  0  0  0
    5.1846   -2.1827   -0.0665 Cl  0  0  0  0  0  0  0  0  0  0  0  0
    2.7703   -1.4907   -1.0748 C   0  0  0  0  0  0  0  0  0  0  0  0
    1.5715   -0.8073   -1.0618 C   0  0  0  0  0  0  0  0  0  0  0  0
   -1.2838    0.0705    0.0160 C   0  0  0  0  0  0  0  0  0  0  0  0
   -2.2047    0.2423   -1.0169 C   0  0  0  0  0  0  0  0  0  0  0  0
   -3.3978   -0.4500   -0.9962 C   0  0  0  0  0  0  0  0  0  0  0  0
   -3.6816   -1.3142    0.0479 C   0  0  0  0  0  0  0  0  0  0  0  0
   -5.1846   -2.1828    0.0675 Cl  0  0  0  0  0  0  0  0  0  0  0  0
   -2.7709   -1.4884    1.0757 C   0  0  0  0  0  0  0  0  0  0  0  0
   -1.5722   -0.8048    1.0620 C   0  0  0  0  0  0  0  0  0  0  0  0
    1.9843    0.9184    1.8290 H   0  0  0  0  0  0  0  0  0  0  0  0
    4.1114   -0.3160    1.7949 H   0  0  0  0  0  0  0  0  0  0  0  0
    2.9963   -2.1672   -1.8857 H   0  0  0  0  0  0  0  0  0  0  0  0
    0.8614   -0.9453   -1.8637 H   0  0  0  0  0  0  0  0  0  0  0  0
   -1.9845    0.9163   -1.8315 H   0  0  0  0  0  0  0  0  0  0  0  0
   -4.1119   -0.3174   -1.7955 H   0  0  0  0  0  0  0  0  0  0  0  0
   -2.9971   -2.1637    1.8877 H   0  0  0  0  0  0  0  0  0  0  0  0
   -0.8624   -0.9414    1.8644 H   0  0  0  0  0  0  0  0  0  0  0  0
  1  2  1  0  0  0  0
  2  3  1  0  0  0  0
  2  4  2  0  0  0  0
  4  5  1  0  0  0  0
  5  6  1  0  0  0  0
  6  7  2  0  0  0  0
  7  8  1  0  0  0  0
  8  9  1  0  0  0  0
  8 10  2  0  0  0  0
 10 11  1  0  0  0  0
  5 11  2  0  0  0  0
  4 12  1  0  0  0  0
 12 13  1  0  0  0  0
 13 14  2  0  0  0  0
 14 15  1  0  0  0  0
 15 16  1  0  0  0  0
 15 17  2  0  0  0  0
 17 18  1  0  0  0  0
 12 18  2  0  0  0  0
  6 19  1  0  0  0  0
  7 20  1  0  0  0  0
 10 21  1  0  0  0  0
 11 22  1  0  0  0  0
 13 23  1  0  0  0  0
 14 24  1  0  0  0  0
 17 25  1  0  0  0  0
 18 26  1  0  0  0  0
M  END
$$$$
