 
WItclserve11290013443D 0   0.00000     0.00000cramer
 
 28 29  0  0  0  0  0  0  0  0  1 V2000
   -1.6214    3.1498   -0.4340 Cl  0  0  0  0  0  0  0  0  0  0  0  0
   -0.0380    2.3420   -0.1322 C   0  0  0  0  0  0  0  0  0  0  0  0
    0.1077    1.9408    1.6196 Cl  0  0  0  0  0  0  0  0  0  0  0  0
    0.0445    1.0569   -0.9583 C   0  0  0  0  0  0  0  0  0  0  0  0
    1.3449    0.3539   -0.6652 C   0  0  0  0  0  0  0  0  0  0  0  0
    1.4464   -1.0136   -0.8421 C   0  0  0  0  0  0  0  0  0  0  0  0
    2.6386   -1.6587   -0.5735 C   0  0  0  0  0  0  0  0  0  0  0  0
    3.7311   -0.9357   -0.1279 C   0  0  0  0  0  0  0  0  0  0  0  0
    5.2293   -1.7454    0.2092 Cl  0  0  0  0  0  0  0  0  0  0  0  0
    3.6291    0.4325    0.0484 C   0  0  0  0  0  0  0  0  0  0  0  0
    2.4374    1.0774   -0.2252 C   0  0  0  0  0  0  0  0  0  0  0  0
   -1.1069    0.1536   -0.5986 C   0  0  0  0  0  0  0  0  0  0  0  0
   -2.1167   -0.0768   -1.5145 C   0  0  0  0  0  0  0  0  0  0  0  0
   -3.1729   -0.9050   -1.1852 C   0  0  0  0  0  0  0  0  0  0  0  0
   -3.2194   -1.5041    0.0612 C   0  0  0  0  0  0  0  0  0  0  0  0
   -4.5455   -2.5450    0.4754 Cl  0  0  0  0  0  0  0  0  0  0  0  0
   -2.2086   -1.2735    0.9770 C   0  0  0  0  0  0  0  0  0  0  0  0
   -1.1502   -0.4487    0.6447 C   0  0  0  0  0  0  0  0  0  0  0  0
    0.7723    3.0117   -0.4202 H   0  0  0  0  0  0  0  0  0  0  0  0
   -0.0044    1.3030   -2.0190 H   0  0  0  0  0  0  0  0  0  0  0  0
    0.5937   -1.5777   -1.1899 H   0  0  0  0  0  0  0  0  0  0  0  0
    2.7176   -2.7270   -0.7110 H   0  0  0  0  0  0  0  0  0  0  0  0
    4.4813    0.9972    0.3966 H   0  0  0  0  0  0  0  0  0  0  0  0
    2.3577    2.1457   -0.0879 H   0  0  0  0  0  0  0  0  0  0  0  0
   -2.0803    0.3908   -2.4873 H   0  0  0  0  0  0  0  0  0  0  0  0
   -3.9619   -1.0843   -1.9005 H   0  0  0  0  0  0  0  0  0  0  0  0
   -2.2446   -1.7405    1.9502 H   0  0  0  0  0  0  0  0  0  0  0  0
   -0.3608   -0.2689    1.3595 H   0  0  0  0  0  0  0  0  0  0  0  0
  1  2  1  0  0  0  0
  2  3  1  0  0  0  0
  2  4  1  0  0  0  0
  4  5  1  0  0  0  0
  5  6  1  0  0  0  0
  6  7  2  0  0  0  0
  7  8  1  0  0  0  0
  8  9  1  0  0  0  0
  8 10  2  0  0  0  0
 10 11  1  0  0  0  0
  5 11  2  0  0  0  0
  4 12  1  0  0  0  0
 12 13  1  0  0  0  0
 13 14  2  0  0  0  0
 14 15  1  0  0  0  0
 15 16  1  0  0  0  0
 15 17  2  0  0  0  0
 17 18  1  0  0  0  0
 12 18  2  0  0  0  0
  2 19  1  0  0  0  0
  4 20  1  0  0  0  0
  6 21  1  0  0  0  0
  7 22  1  0  0  0  0
 10 23  1  0  0  0  0
 11 24  1  0  0  0  0
 13 25  1  0  0  0  0
 14 26  1  0  0  0  0
 17 27  1  0  0  0  0
 18 28  1  0  0  0  0
M  END
$$$$
