 
WItclserve11290013443D 0   0.00000     0.00000cramer
 
 34 34  0  0  0  0  0  0  0  0  1 V2000
    2.6514    0.2015    1.1530 O   0  0  0  0  0  0  0  0  0  0  0  0
    3.0119    0.0911   -0.0022 C   0  0  0  0  0  0  0  0  0  0  0  0
    4.3262    0.0855   -0.3005 N   0  0  0  0  0  0  0  0  0  0  0  0
    5.3203    0.2126    0.7681 C   0  0  0  0  0  0  0  0  0  0  0  0
    2.0983   -0.0313   -0.9839 O   0  0  0  0  0  0  0  0  0  0  0  0
    0.7747   -0.0953   -0.6769 C   0  0  0  0  0  0  0  0  0  0  0  0
    0.0330    1.0712   -0.5601 C   0  0  0  0  0  0  0  0  0  0  0  0
   -1.3106    1.0072   -0.2486 C   0  0  0  0  0  0  0  0  0  0  0  0
   -2.1161    2.2745   -0.1217 C   0  0  0  0  0  0  0  0  0  0  0  0
   -1.9197   -0.2256   -0.0526 C   0  0  0  0  0  0  0  0  0  0  0  0
   -3.2809   -0.2915    0.2626 N   0  0  0  0  0  0  0  0  0  0  0  0
   -3.4243    0.2349    1.6265 C   0  0  0  0  0  0  0  0  0  0  0  0
   -3.9668    0.6534   -0.6288 C   0  0  0  0  0  0  0  0  0  0  0  0
   -1.1766   -1.3927   -0.1702 C   0  0  0  0  0  0  0  0  0  0  0  0
   -1.8363   -2.7309    0.0417 C   0  0  0  0  0  0  0  0  0  0  0  0
    0.1662   -1.3270   -0.4866 C   0  0  0  0  0  0  0  0  0  0  0  0
    4.6140   -0.0026   -1.2226 H   0  0  0  0  0  0  0  0  0  0  0  0
    5.2062   -0.6129    1.4706 H   0  0  0  0  0  0  0  0  0  0  0  0
    6.3215    0.1878    0.3378 H   0  0  0  0  0  0  0  0  0  0  0  0
    5.1730    1.1576    1.2910 H   0  0  0  0  0  0  0  0  0  0  0  0
    0.5068    2.0297   -0.7125 H   0  0  0  0  0  0  0  0  0  0  0  0
   -2.6048    2.4910   -1.0716 H   0  0  0  0  0  0  0  0  0  0  0  0
   -2.8706    2.1492    0.6549 H   0  0  0  0  0  0  0  0  0  0  0  0
   -1.4554    3.0999    0.1434 H   0  0  0  0  0  0  0  0  0  0  0  0
   -2.7756    1.1018    1.7515 H   0  0  0  0  0  0  0  0  0  0  0  0
   -4.4602    0.5290    1.7954 H   0  0  0  0  0  0  0  0  0  0  0  0
   -3.1437   -0.5355    2.3447 H   0  0  0  0  0  0  0  0  0  0  0  0
   -4.9738    0.2915   -0.8364 H   0  0  0  0  0  0  0  0  0  0  0  0
   -4.0236    1.6302   -0.1485 H   0  0  0  0  0  0  0  0  0  0  0  0
   -3.4119    0.7397   -1.5631 H   0  0  0  0  0  0  0  0  0  0  0  0
   -2.2811   -3.0690   -0.8942 H   0  0  0  0  0  0  0  0  0  0  0  0
   -1.0916   -3.4549    0.3725 H   0  0  0  0  0  0  0  0  0  0  0  0
   -2.6135   -2.6368    0.8001 H   0  0  0  0  0  0  0  0  0  0  0  0
    0.7443   -2.2346   -0.5785 H   0  0  0  0  0  0  0  0  0  0  0  0
  1  2  2  0  0  0  0
  2  3  1  0  0  0  0
  3  4  1  0  0  0  0
  2  5  1  0  0  0  0
  5  6  1  0  0  0  0
  6  7  1  0  0  0  0
  7  8  2  0  0  0  0
  8  9  1  0  0  0  0
  8 10  1  0  0  0  0
 10 11  1  0  0  0  0
 11 12  1  0  0  0  0
 11 13  1  0  0  0  0
 10 14  2  0  0  0  0
 14 15  1  0  0  0  0
 14 16  1  0  0  0  0
  6 16  2  0  0  0  0
  3 17  1  0  0  0  0
  4 18  1  0  0  0  0
  4 19  1  0  0  0  0
  4 20  1  0  0  0  0
  7 21  1  0  0  0  0
  9 22  1  0  0  0  0
  9 23  1  0  0  0  0
  9 24  1  0  0  0  0
 12 25  1  0  0  0  0
 12 26  1  0  0  0  0
 12 27  1  0  0  0  0
 13 28  1  0  0  0  0
 13 29  1  0  0  0  0
 13 30  1  0  0  0  0
 15 31  1  0  0  0  0
 15 32  1  0  0  0  0
 15 33  1  0  0  0  0
 16 34  1  0  0  0  0
M  END
$$$$
