 
WItclserve11290013443D 0   0.00000     0.00000cramer
 
 26 28  0  0  0  0  0  0  0  0  1 V2000
    0.0906   -2.5854    0.0001 O   0  0  0  0  0  0  0  0  0  0  0  0
    0.2056   -1.3759    0.0000 C   0  0  0  0  0  0  0  0  0  0  0  0
    1.5490   -0.7598    0.0000 C   0  0  0  0  0  0  0  0  0  0  0  0
    2.6880   -1.5602    0.0008 C   0  0  0  0  0  0  0  0  0  0  0  0
    3.9420   -0.9749    0.0012 C   0  0  0  0  0  0  0  0  0  0  0  0
    4.0720    0.4019    0.0007 C   0  0  0  0  0  0  0  0  0  0  0  0
    2.9499    1.2120    0.0004 C   0  0  0  0  0  0  0  0  0  0  0  0
    1.6811    0.6400   -0.0004 C   0  0  0  0  0  0  0  0  0  0  0  0
    0.4770    1.4977   -0.0002 C   0  0  0  0  0  0  0  0  0  0  0  0
    0.5924    2.7077   -0.0003 O   0  0  0  0  0  0  0  0  0  0  0  0
   -0.8639    0.8846   -0.0004 C   0  0  0  0  0  0  0  0  0  0  0  0
   -2.0031    1.6896    0.0004 C   0  0  0  0  0  0  0  0  0  0  0  0
   -3.2564    1.1126    0.0011 C   0  0  0  0  0  0  0  0  0  0  0  0
   -3.3932   -0.2717    0.0009 C   0  0  0  0  0  0  0  0  0  0  0  0
   -4.6607   -0.8423    0.0015 N   0  0  0  0  0  0  0  0  0  0  0  0
   -2.2639   -1.0886   -0.0005 C   0  0  0  0  0  0  0  0  0  0  0  0
   -0.9981   -0.5172   -0.0063 C   0  0  0  0  0  0  0  0  0  0  0  0
    2.5932   -2.6360    0.0015 H   0  0  0  0  0  0  0  0  0  0  0  0
    4.8246   -1.5973    0.0022 H   0  0  0  0  0  0  0  0  0  0  0  0
    5.0556    0.8478    0.0010 H   0  0  0  0  0  0  0  0  0  0  0  0
    3.0587    2.2865    0.0004 H   0  0  0  0  0  0  0  0  0  0  0  0
   -1.9040    2.7651    0.0010 H   0  0  0  0  0  0  0  0  0  0  0  0
   -4.1360    1.7392    0.0022 H   0  0  0  0  0  0  0  0  0  0  0  0
   -5.4478   -0.2754    0.0021 H   0  0  0  0  0  0  0  0  0  0  0  0
   -4.7582   -1.8074    0.0013 H   0  0  0  0  0  0  0  0  0  0  0  0
   -2.3730   -2.1631   -0.0007 H   0  0  0  0  0  0  0  0  0  0  0  0
  1  2  2  0  0  0  0
  2  3  1  0  0  0  0
  3  4  1  0  0  0  0
  4  5  2  0  0  0  0
  5  6  1  0  0  0  0
  6  7  2  0  0  0  0
  7  8  1  0  0  0  0
  3  8  2  0  0  0  0
  8  9  1  0  0  0  0
  9 10  2  0  0  0  0
  9 11  1  0  0  0  0
 11 12  1  0  0  0  0
 12 13  2  0  0  0  0
 13 14  1  0  0  0  0
 14 15  1  0  0  0  0
 14 16  2  0  0  0  0
 16 17  1  0  0  0  0
  2 17  1  0  0  0  0
 11 17  2  0  0  0  0
  4 18  1  0  0  0  0
  5 19  1  0  0  0  0
  6 20  1  0  0  0  0
  7 21  1  0  0  0  0
 12 22  1  0  0  0  0
 13 23  1  0  0  0  0
 15 24  1  0  0  0  0
 15 25  1  0  0  0  0
 16 26  1  0  0  0  0
M  END
$$$$
