 
WItclserve11290013443D 0   0.00000     0.00000cramer
 
 24 25  0  0  0  0  0  0  0  0  1 V2000
    0.4188    0.4905   -0.0008 N   0  0  0  0  0  0  0  0  0  0  0  0
   -0.4188   -0.4905   -0.0008 N   0  0  0  0  0  0  0  0  0  0  0  0
   -1.7628   -0.2417   -0.0008 C   0  0  0  0  0  0  0  0  0  0  0  0
   -2.6734   -1.3023   -0.0008 C   0  0  0  0  0  0  0  0  0  0  0  0
   -4.0278   -1.0435   -0.0009 C   0  0  0  0  0  0  0  0  0  0  0  0
   -4.4863    0.2625   -0.0009 C   0  0  0  0  0  0  0  0  0  0  0  0
   -3.5909    1.3174   -0.0008 C   0  0  0  0  0  0  0  0  0  0  0  0
   -2.2333    1.0741    0.0050 C   0  0  0  0  0  0  0  0  0  0  0  0
    1.7628    0.2417   -0.0008 C   0  0  0  0  0  0  0  0  0  0  0  0
    2.6734    1.3022   -0.0007 C   0  0  0  0  0  0  0  0  0  0  0  0
    4.0278    1.0435   -0.0008 C   0  0  0  0  0  0  0  0  0  0  0  0
    4.4863   -0.2625   -0.0009 C   0  0  0  0  0  0  0  0  0  0  0  0
    3.5909   -1.3174   -0.0009 C   0  0  0  0  0  0  0  0  0  0  0  0
    2.2333   -1.0741    0.0050 C   0  0  0  0  0  0  0  0  0  0  0  0
   -2.3170   -2.3218   -0.0012 H   0  0  0  0  0  0  0  0  0  0  0  0
   -4.7325   -1.8619   -0.0012 H   0  0  0  0  0  0  0  0  0  0  0  0
   -5.5483    0.4591   -0.0013 H   0  0  0  0  0  0  0  0  0  0  0  0
   -3.9560    2.3338   -0.0012 H   0  0  0  0  0  0  0  0  0  0  0  0
   -1.5355    1.8985    0.0050 H   0  0  0  0  0  0  0  0  0  0  0  0
    2.3170    2.3218   -0.0010 H   0  0  0  0  0  0  0  0  0  0  0  0
    4.7325    1.8619   -0.0011 H   0  0  0  0  0  0  0  0  0  0  0  0
    5.5483   -0.4590   -0.0013 H   0  0  0  0  0  0  0  0  0  0  0  0
    3.9560   -2.3338   -0.0010 H   0  0  0  0  0  0  0  0  0  0  0  0
    1.5356   -1.8985    0.0053 H   0  0  0  0  0  0  0  0  0  0  0  0
  1  2  2  0  0  0  0
  2  3  1  0  0  0  0
  3  4  1  0  0  0  0
  4  5  2  0  0  0  0
  5  6  1  0  0  0  0
  6  7  2  0  0  0  0
  7  8  1  0  0  0  0
  3  8  2  0  0  0  0
  1  9  1  0  0  0  0
  9 10  1  0  0  0  0
 10 11  2  0  0  0  0
 11 12  1  0  0  0  0
 12 13  2  0  0  0  0
 13 14  1  0  0  0  0
  9 14  2  0  0  0  0
  4 15  1  0  0  0  0
  5 16  1  0  0  0  0
  6 17  1  0  0  0  0
  7 18  1  0  0  0  0
  8 19  1  0  0  0  0
 10 20  1  0  0  0  0
 11 21  1  0  0  0  0
 12 22  1  0  0  0  0
 13 23  1  0  0  0  0
 14 24  1  0  0  0  0
M  END
$$$$
