 
WItclserve11290013443D 0   0.00000     0.00000cramer
 
 25 24  0  0  0  0  0  0  0  0  1 V2000
   -4.9102    0.8045   -0.0012 N   0  0  0  0  0  0  0  0  0  0  0  0
   -6.1789    0.0720   -0.0009 C   0  0  0  0  0  0  0  0  0  0  0  0
   -4.9102    2.2695    0.0042 C   0  0  0  0  0  0  0  0  0  0  0  0
   -3.7430    0.1306   -0.0007 C   0  0  0  0  0  0  0  0  0  0  0  0
   -3.7430   -1.5813    0.0002 S   0  0  0  0  0  0  0  0  0  0  0  0
   -2.2170    1.0116   -0.0010 S   0  0  0  0  0  0  0  0  0  0  0  0
    0.0000   -0.2684   -0.0001 Pb  0  0  0  0  0  0  0  0  0  0  0  0
    2.2170    1.0116   -0.0005 S   0  0  0  0  0  0  0  0  0  0  0  0
    3.7430    0.1306    0.0001 C   0  0  0  0  0  0  0  0  0  0  0  0
    3.7430   -1.5814    0.0010 S   0  0  0  0  0  0  0  0  0  0  0  0
    4.9102    0.8045   -0.0001 N   0  0  0  0  0  0  0  0  0  0  0  0
    4.9102    2.2695   -0.0009 C   0  0  0  0  0  0  0  0  0  0  0  0
    6.1789    0.0720    0.0004 C   0  0  0  0  0  0  0  0  0  0  0  0
   -7.0074    0.7803    0.0036 H   0  0  0  0  0  0  0  0  0  0  0  0
   -6.2387   -0.5514   -0.8930 H   0  0  0  0  0  0  0  0  0  0  0  0
   -6.2346   -0.5579    0.8869 H   0  0  0  0  0  0  0  0  0  0  0  0
   -3.8825    2.6329    0.0031 H   0  0  0  0  0  0  0  0  0  0  0  0
   -5.4260    2.6361   -0.8833 H   0  0  0  0  0  0  0  0  0  0  0  0
   -5.4219    2.6296    0.8967 H   0  0  0  0  0  0  0  0  0  0  0  0
    3.8825    2.6329   -0.0012 H   0  0  0  0  0  0  0  0  0  0  0  0
    5.4239    2.6333    0.8890 H   0  0  0  0  0  0  0  0  0  0  0  0
    5.4241    2.6324   -0.8910 H   0  0  0  0  0  0  0  0  0  0  0  0
    7.0074    0.7803    0.0001 H   0  0  0  0  0  0  0  0  0  0  0  0
    6.2365   -0.5542    0.8907 H   0  0  0  0  0  0  0  0  0  0  0  0
    6.2367   -0.5551   -0.8892 H   0  0  0  0  0  0  0  0  0  0  0  0
  1  2  1  0  0  0  0
  1  3  1  0  0  0  0
  1  4  1  0  0  0  0
  4  5  2  0  0  0  0
  4  6  1  0  0  0  0
  6  7  1  0  0  0  0
  7  8  1  0  0  0  0
  8  9  1  0  0  0  0
  9 10  2  0  0  0  0
  9 11  1  0  0  0  0
 11 12  1  0  0  0  0
 11 13  1  0  0  0  0
  2 14  1  0  0  0  0
  2 15  1  0  0  0  0
  2 16  1  0  0  0  0
  3 17  1  0  0  0  0
  3 18  1  0  0  0  0
  3 19  1  0  0  0  0
 12 20  1  0  0  0  0
 12 21  1  0  0  0  0
 12 22  1  0  0  0  0
 13 23  1  0  0  0  0
 13 24  1  0  0  0  0
 13 25  1  0  0  0  0
M  END
$$$$
