 
WItclserve11290013443D 0   0.00000     0.00000cramer
 
 22 22  0  0  0  0  0  0  0  0  1 V2000
   -0.1540   -1.8253   -0.0006 C   0  0  0  0  0  0  0  0  0  0  0  0
   -1.3316   -1.1006   -0.0003 C   0  0  0  0  0  0  0  0  0  0  0  0
   -1.2953    0.2853   -0.0002 C   0  0  0  0  0  0  0  0  0  0  0  0
   -2.4553    0.9952    0.0001 O   0  0  0  0  0  0  0  0  0  0  0  0
   -3.5217    0.0439    0.0002 C   0  0  0  0  0  0  0  0  0  0  0  0
   -0.0769    0.9487    0.0001 C   0  0  0  0  0  0  0  0  0  0  0  0
    1.1041    0.2261    0.0003 C   0  0  0  0  0  0  0  0  0  0  0  0
    1.0660   -1.1666   -0.0003 C   0  0  0  0  0  0  0  0  0  0  0  0
    2.2603   -1.9014    0.0003 N   0  0  0  0  0  0  0  0  0  0  0  0
    2.2995    0.8747    0.0001 O   0  0  0  0  0  0  0  0  0  0  0  0
    2.0101    2.2741   -0.0002 C   0  0  0  0  0  0  0  0  0  0  0  0
   -0.1845   -2.9048    0.0035 H   0  0  0  0  0  0  0  0  0  0  0  0
   -2.2812   -1.6151   -0.0005 H   0  0  0  0  0  0  0  0  0  0  0  0
   -4.4769    0.5690    0.0005 H   0  0  0  0  0  0  0  0  0  0  0  0
   -3.4509   -0.5813   -0.8898 H   0  0  0  0  0  0  0  0  0  0  0  0
   -3.4506   -0.5814    0.8902 H   0  0  0  0  0  0  0  0  0  0  0  0
   -0.0497    2.0284   -0.0002 H   0  0  0  0  0  0  0  0  0  0  0  0
    2.2332   -2.8711   -0.0001 H   0  0  0  0  0  0  0  0  0  0  0  0
    3.1136   -1.4401    0.0012 H   0  0  0  0  0  0  0  0  0  0  0  0
    2.9428    2.8380   -0.0004 H   0  0  0  0  0  0  0  0  0  0  0  0
    1.4333    2.5256   -0.8903 H   0  0  0  0  0  0  0  0  0  0  0  0
    1.4333    2.5260    0.8897 H   0  0  0  0  0  0  0  0  0  0  0  0
  1  2  1  0  0  0  0
  2  3  2  0  0  0  0
  3  4  1  0  0  0  0
  4  5  1  0  0  0  0
  3  6  1  0  0  0  0
  6  7  2  0  0  0  0
  7  8  1  0  0  0  0
  1  8  2  0  0  0  0
  8  9  1  0  0  0  0
  7 10  1  0  0  0  0
 10 11  1  0  0  0  0
  1 12  1  0  0  0  0
  2 13  1  0  0  0  0
  5 14  1  0  0  0  0
  5 15  1  0  0  0  0
  5 16  1  0  0  0  0
  6 17  1  0  0  0  0
  9 18  1  0  0  0  0
  9 19  1  0  0  0  0
 11 20  1  0  0  0  0
 11 21  1  0  0  0  0
 11 22  1  0  0  0  0
M  END
$$$$
