 
WItclserve11290013443D 0   0.00000     0.00000cramer
 
 24 24  0  0  0  0  0  0  0  0  1 V2000
    0.9373   -1.9433    0.0275 C   0  0  0  0  0  0  0  0  0  0  0  0
   -0.4047   -1.7911   -0.2696 C   0  0  0  0  0  0  0  0  0  0  0  0
   -0.9358   -0.5287   -0.4547 C   0  0  0  0  0  0  0  0  0  0  0  0
   -2.3989   -0.3686   -0.7784 C   0  0  0  0  0  0  0  0  0  0  0  0
   -3.1849   -0.2373    0.5007 C   0  0  0  0  0  0  0  0  0  0  0  0
   -3.8926    0.8416    0.7269 C   0  0  0  0  0  0  0  0  0  0  0  0
   -0.1277    0.5879   -0.3432 C   0  0  0  0  0  0  0  0  0  0  0  0
    1.2174    0.4425   -0.0457 C   0  0  0  0  0  0  0  0  0  0  0  0
    1.7524   -0.8290    0.1402 C   0  0  0  0  0  0  0  0  0  0  0  0
    3.0723   -0.9769    0.4324 O   0  0  0  0  0  0  0  0  0  0  0  0
    2.0136    1.5396    0.0639 O   0  0  0  0  0  0  0  0  0  0  0  0
    1.1841    2.6777   -0.1784 C   0  0  0  0  0  0  0  0  0  0  0  0
    1.3488   -2.9307    0.1761 H   0  0  0  0  0  0  0  0  0  0  0  0
   -1.0391   -2.6608   -0.3576 H   0  0  0  0  0  0  0  0  0  0  0  0
   -2.5410    0.5255   -1.3855 H   0  0  0  0  0  0  0  0  0  0  0  0
   -2.7466   -1.2417   -1.3305 H   0  0  0  0  0  0  0  0  0  0  0  0
   -3.1647   -1.0328    1.2310 H   0  0  0  0  0  0  0  0  0  0  0  0
   -3.9127    1.6371   -0.0034 H   0  0  0  0  0  0  0  0  0  0  0  0
   -4.4558    0.9357    1.6435 H   0  0  0  0  0  0  0  0  0  0  0  0
   -0.5452    1.5733   -0.4883 H   0  0  0  0  0  0  0  0  0  0  0  0
    3.1492   -0.9569    1.3961 H   0  0  0  0  0  0  0  0  0  0  0  0
    0.7558    2.6089   -1.1784 H   0  0  0  0  0  0  0  0  0  0  0  0
    0.3821    2.7065    0.5592 H   0  0  0  0  0  0  0  0  0  0  0  0
    1.7818    3.5859   -0.1009 H   0  0  0  0  0  0  0  0  0  0  0  0
  1  2  1  0  0  0  0
  2  3  2  0  0  0  0
  3  4  1  0  0  0  0
  4  5  1  0  0  0  0
  5  6  2  0  0  0  0
  3  7  1  0  0  0  0
  7  8  2  0  0  0  0
  8  9  1  0  0  0  0
  1  9  2  0  0  0  0
  9 10  1  0  0  0  0
  8 11  1  0  0  0  0
 11 12  1  0  0  0  0
  1 13  1  0  0  0  0
  2 14  1  0  0  0  0
  4 15  1  0  0  0  0
  4 16  1  0  0  0  0
  5 17  1  0  0  0  0
  6 18  1  0  0  0  0
  6 19  1  0  0  0  0
  7 20  1  0  0  0  0
 10 21  1  0  0  0  0
 12 22  1  0  0  0  0
 12 23  1  0  0  0  0
 12 24  1  0  0  0  0
M  END
$$$$
