 
WItclserve11290013443D 0   0.00000     0.00000cramer
 
 26 25  0  0  0  0  0  0  0  0  1 V2000
    0.5919    0.4846    0.0000 C   0  0  0  0  0  0  0  0  0  0  0  0
    0.5338    1.3076    1.1668 O   0  0  0  0  0  0  0  0  0  0  0  0
    1.9003   -0.3085    0.0000 C   0  0  0  0  0  0  0  0  0  0  0  0
    1.9585   -1.1314   -1.1668 O   0  0  0  0  0  0  0  0  0  0  0  0
    3.0842    0.6608    0.0000 C   0  0  0  0  0  0  0  0  0  0  0  0
    4.3062   -0.0799    0.0000 O   0  0  0  0  0  0  0  0  0  0  0  0
   -0.5919   -0.4846    0.0000 C   0  0  0  0  0  0  0  0  0  0  0  0
   -0.5338   -1.3076    1.1668 O   0  0  0  0  0  0  0  0  0  0  0  0
   -1.9003    0.3085    0.0000 C   0  0  0  0  0  0  0  0  0  0  0  0
   -1.9585    1.1314   -1.1668 O   0  0  0  0  0  0  0  0  0  0  0  0
   -3.0842   -0.6608    0.0000 C   0  0  0  0  0  0  0  0  0  0  0  0
   -4.3062    0.0799    0.0000 O   0  0  0  0  0  0  0  0  0  0  0  0
    0.5476    1.1124   -0.8900 H   0  0  0  0  0  0  0  0  0  0  0  0
    0.5757    0.7146    1.9295 H   0  0  0  0  0  0  0  0  0  0  0  0
    1.9447   -0.9362    0.8900 H   0  0  0  0  0  0  0  0  0  0  0  0
    1.9166   -0.5384   -1.9295 H   0  0  0  0  0  0  0  0  0  0  0  0
    3.0398    1.2885   -0.8900 H   0  0  0  0  0  0  0  0  0  0  0  0
    3.0398    1.2885    0.8900 H   0  0  0  0  0  0  0  0  0  0  0  0
    5.0251    0.5668    0.0000 H   0  0  0  0  0  0  0  0  0  0  0  0
   -0.5476   -1.1124   -0.8900 H   0  0  0  0  0  0  0  0  0  0  0  0
   -0.5757   -0.7146    1.9294 H   0  0  0  0  0  0  0  0  0  0  0  0
   -1.9447    0.9362    0.8900 H   0  0  0  0  0  0  0  0  0  0  0  0
   -1.9166    0.5384   -1.9294 H   0  0  0  0  0  0  0  0  0  0  0  0
   -3.0398   -1.2885   -0.8900 H   0  0  0  0  0  0  0  0  0  0  0  0
   -3.0398   -1.2885    0.8900 H   0  0  0  0  0  0  0  0  0  0  0  0
   -5.0251   -0.5668    0.0000 H   0  0  0  0  0  0  0  0  0  0  0  0
  1  2  1  0  0  0  0
  1  3  1  0  0  0  0
  3  4  1  0  0  0  0
  3  5  1  0  0  0  0
  5  6  1  0  0  0  0
  1  7  1  0  0  0  0
  7  8  1  0  0  0  0
  7  9  1  0  0  0  0
  9 10  1  0  0  0  0
  9 11  1  0  0  0  0
 11 12  1  0  0  0  0
  1 13  1  0  0  0  0
  2 14  1  0  0  0  0
  3 15  1  0  0  0  0
  4 16  1  0  0  0  0
  5 17  1  0  0  0  0
  5 18  1  0  0  0  0
  6 19  1  0  0  0  0
  7 20  1  0  0  0  0
  8 21  1  0  0  0  0
  9 22  1  0  0  0  0
 10 23  1  0  0  0  0
 11 24  1  0  0  0  0
 11 25  1  0  0  0  0
 12 26  1  0  0  0  0
M  END
$$$$
