 
WItclserve11290013443D 0   0.00000     0.00000cramer
 
 24 24  0  0  0  0  0  0  0  0  1 V2000
   -1.3903    0.7309   -0.2742 N   0  0  0  0  0  0  0  0  0  0  0  0
   -2.2673   -0.2653   -0.0397 C   0  0  0  0  0  0  0  0  0  0  0  0
   -1.8727   -1.4106    0.0644 O   0  0  0  0  0  0  0  0  0  0  0  0
   -3.5816    0.0082    0.0793 N   0  0  0  0  0  0  0  0  0  0  0  0
   -4.5183   -1.0509    0.4632 C   0  0  0  0  0  0  0  0  0  0  0  0
   -4.0736    1.3644   -0.1752 C   0  0  0  0  0  0  0  0  0  0  0  0
   -0.0146    0.4893   -0.1786 C   0  0  0  0  0  0  0  0  0  0  0  0
    0.8508    1.5210    0.1613 C   0  0  0  0  0  0  0  0  0  0  0  0
    2.2073    1.2801    0.2549 C   0  0  0  0  0  0  0  0  0  0  0  0
    2.7047    0.0119    0.0103 C   0  0  0  0  0  0  0  0  0  0  0  0
    4.4105   -0.2877    0.1294 Cl  0  0  0  0  0  0  0  0  0  0  0  0
    1.8446   -1.0176   -0.3285 C   0  0  0  0  0  0  0  0  0  0  0  0
    0.4862   -0.7832   -0.4179 C   0  0  0  0  0  0  0  0  0  0  0  0
   -1.7121    1.6142   -0.5132 H   0  0  0  0  0  0  0  0  0  0  0  0
   -5.5285   -0.6439    0.5078 H   0  0  0  0  0  0  0  0  0  0  0  0
   -4.4819   -1.8529   -0.2740 H   0  0  0  0  0  0  0  0  0  0  0  0
   -4.2414   -1.4437    1.4415 H   0  0  0  0  0  0  0  0  0  0  0  0
   -3.2284    2.0327   -0.3394 H   0  0  0  0  0  0  0  0  0  0  0  0
   -4.7104    1.3598   -1.0598 H   0  0  0  0  0  0  0  0  0  0  0  0
   -4.6482    1.7097    0.6843 H   0  0  0  0  0  0  0  0  0  0  0  0
    0.4632    2.5108    0.3519 H   0  0  0  0  0  0  0  0  0  0  0  0
    2.8807    2.0821    0.5188 H   0  0  0  0  0  0  0  0  0  0  0  0
    2.2352   -2.0064   -0.5188 H   0  0  0  0  0  0  0  0  0  0  0  0
   -0.1847   -1.5872   -0.6824 H   0  0  0  0  0  0  0  0  0  0  0  0
  1  2  1  0  0  0  0
  2  3  2  0  0  0  0
  2  4  1  0  0  0  0
  4  5  1  0  0  0  0
  4  6  1  0  0  0  0
  1  7  1  0  0  0  0
  7  8  1  0  0  0  0
  8  9  2  0  0  0  0
  9 10  1  0  0  0  0
 10 11  1  0  0  0  0
 10 12  2  0  0  0  0
 12 13  1  0  0  0  0
  7 13  2  0  0  0  0
  1 14  1  0  0  0  0
  5 15  1  0  0  0  0
  5 16  1  0  0  0  0
  5 17  1  0  0  0  0
  6 18  1  0  0  0  0
  6 19  1  0  0  0  0
  6 20  1  0  0  0  0
  8 21  1  0  0  0  0
  9 22  1  0  0  0  0
 12 23  1  0  0  0  0
 13 24  1  0  0  0  0
M  END
$$$$
