 
WItclserve11290013443D 0   0.00000     0.00000cramer
 
 35 35  0  0  0  0  0  0  0  0  2 V2000
    1.7191   -0.4424   -0.2005 C   0  0  0  0  0  0  0  0  0  0  0  0
    0.3583   -0.6763   -0.2341 C   0  0  0  0  0  0  0  0  0  0  0  0
   -0.5291    0.3411    0.0897 C   0  0  0  0  0  0  0  0  0  0  0  0
   -0.0485    1.5940    0.4475 C   0  0  0  0  0  0  0  0  0  0  0  0
    1.3118    1.8280    0.4807 C   0  0  0  0  0  0  0  0  0  0  0  0
    2.1995    0.8101    0.1572 C   0  0  0  0  0  0  0  0  0  0  0  0
    3.5789    1.0472    0.1913 N   0  0  0  0  0  0  0  0  0  0  0  0
    4.0909    2.3203    0.7044 C   0  0  0  0  0  0  0  0  0  0  0  0
   -1.9085    0.1042    0.0552 N   0  0  0  0  0  0  0  0  0  0  0  0
   -2.8471    1.2109    0.2561 C   0  0  0  0  0  0  0  0  0  0  0  0
   -3.3112    1.7391   -1.1028 C   0  0  0  0  0  0  0  0  0  0  0  0
   -4.0856    0.7368   -1.7643 O   0  0  0  0  0  0  0  0  0  0  0  0
   -2.4133   -1.2505   -0.1819 C   0  0  0  0  0  0  0  0  0  0  0  0
   -2.5815   -1.9735    1.1560 C   0  0  0  0  0  0  0  0  0  0  0  0
   -3.5091   -1.2556    1.9721 O   0  0  0  0  0  0  0  0  0  0  0  0
    2.6653   -1.5288   -0.5398 N   0  3  0  0  0  0  0  0  0  0  0  0
    2.3993   -2.3105   -1.4351 O   0  0  0  0  0  0  0  0  0  0  0  0
    3.7099   -1.6410    0.0764 O   0  5  0  0  0  0  0  0  0  0  0  0
   -0.0154   -1.6505   -0.5127 H   0  0  0  0  0  0  0  0  0  0  0  0
   -0.7389    2.3855    0.6994 H   0  0  0  0  0  0  0  0  0  0  0  0
    1.6855    2.8025    0.7582 H   0  0  0  0  0  0  0  0  0  0  0  0
    4.1956    0.3685   -0.1248 H   0  0  0  0  0  0  0  0  0  0  0  0
    5.1796    2.3214    0.6527 H   0  0  0  0  0  0  0  0  0  0  0  0
    3.6977    3.1393    0.1020 H   0  0  0  0  0  0  0  0  0  0  0  0
    3.7761    2.4475    1.7402 H   0  0  0  0  0  0  0  0  0  0  0  0
   -3.7090    0.8581    0.8224 H   0  0  0  0  0  0  0  0  0  0  0  0
   -2.3529    2.0109    0.8074 H   0  0  0  0  0  0  0  0  0  0  0  0
   -3.9200    2.6314   -0.9571 H   0  0  0  0  0  0  0  0  0  0  0  0
   -2.4422    1.9878   -1.7120 H   0  0  0  0  0  0  0  0  0  0  0  0
   -4.3575    1.1093   -2.6142 H   0  0  0  0  0  0  0  0  0  0  0  0
   -3.3767   -1.1957   -0.6889 H   0  0  0  0  0  0  0  0  0  0  0  0
   -1.7058   -1.7982   -0.8044 H   0  0  0  0  0  0  0  0  0  0  0  0
   -2.9571   -2.9814    0.9796 H   0  0  0  0  0  0  0  0  0  0  0  0
   -1.6181   -2.0283    1.6629 H   0  0  0  0  0  0  0  0  0  0  0  0
   -3.5859   -1.7436    2.8034 H   0  0  0  0  0  0  0  0  0  0  0  0
  1  2  1  0  0  0  0
  2  3  2  0  0  0  0
  3  4  1  0  0  0  0
  4  5  2  0  0  0  0
  5  6  1  0  0  0  0
  1  6  2  0  0  0  0
  6  7  1  0  0  0  0
  7  8  1  0  0  0  0
  3  9  1  0  0  0  0
  9 10  1  0  0  0  0
 10 11  1  0  0  0  0
 11 12  1  0  0  0  0
  9 13  1  0  0  0  0
 13 14  1  0  0  0  0
 14 15  1  0  0  0  0
  1 16  1  0  0  0  0
 16 17  2  0  0  0  0
 16 18  1  0  0  0  0
  2 19  1  0  0  0  0
  4 20  1  0  0  0  0
  5 21  1  0  0  0  0
  7 22  1  0  0  0  0
  8 23  1  0  0  0  0
  8 24  1  0  0  0  0
  8 25  1  0  0  0  0
 10 26  1  0  0  0  0
 10 27  1  0  0  0  0
 11 28  1  0  0  0  0
 11 29  1  0  0  0  0
 12 30  1  0  0  0  0
 13 31  1  0  0  0  0
 13 32  1  0  0  0  0
 14 33  1  0  0  0  0
 14 34  1  0  0  0  0
 15 35  1  0  0  0  0
M  CHG  2  16   1  18  -1
M  END
$$$$
