 
WItclserve11290013443D 0   0.00000     0.00000cramer
 
  9  8  0  0  0  0  0  0  0  0  1 V2000
    0.0361   -0.6373    0.0000 C   0  0  0  0  0  0  0  0  0  0  0  0
   -1.6114    0.0953    0.0000 Cl  0  0  0  0  0  0  0  0  0  0  0  0
    1.0882    0.4736    0.0000 C   0  0  0  0  0  0  0  0  0  0  0  0
    2.3939   -0.1070    0.0000 O   0  0  0  0  0  0  0  0  0  0  0  0
    0.1593   -1.2544    0.8900 H   0  0  0  0  0  0  0  0  0  0  0  0
    0.1593   -1.2544   -0.8900 H   0  0  0  0  0  0  0  0  0  0  0  0
    0.9650    1.0907   -0.8900 H   0  0  0  0  0  0  0  0  0  0  0  0
    0.9650    1.0907    0.8900 H   0  0  0  0  0  0  0  0  0  0  0  0
    3.0255    0.6253    0.0000 H   0  0  0  0  0  0  0  0  0  0  0  0
  1  2  1  0  0  0  0
  1  3  1  0  0  0  0
  3  4  1  0  0  0  0
  1  5  1  0  0  0  0
  1  6  1  0  0  0  0
  3  7  1  0  0  0  0
  3  8  1  0  0  0  0
  4  9  1  0  0  0  0
M  END
$$$$
