 
WItclserve11290013443D 0   0.00000     0.00000cramer
 
 25 25  0  0  0  0  0  0  0  0  2 V2000
    1.8680   -1.9519   -0.0388 C   0  0  0  0  0  0  0  0  0  0  0  0
    0.5026   -1.7546    0.0270 C   0  0  0  0  0  0  0  0  0  0  0  0
   -0.0113   -0.4656    0.0703 C   0  0  0  0  0  0  0  0  0  0  0  0
   -1.3954   -0.2657    0.1375 N   0  0  0  0  0  0  0  0  0  0  0  0
   -2.2946   -1.4124    0.2881 C   0  0  0  0  0  0  0  0  0  0  0  0
   -3.7431   -0.9218    0.3348 C   0  0  0  0  0  0  0  0  0  0  0  0
   -4.0513   -0.2308   -0.8774 O   0  0  0  0  0  0  0  0  0  0  0  0
    0.8476    0.6255    0.0475 C   0  0  0  0  0  0  0  0  0  0  0  0
    2.2125    0.4284   -0.0188 C   0  0  0  0  0  0  0  0  0  0  0  0
    2.7266   -0.8611   -0.0616 C   0  0  0  0  0  0  0  0  0  0  0  0
    4.1107   -1.0610   -0.1283 N   0  0  0  0  0  0  0  0  0  0  0  0
    0.2997    1.9997    0.0936 N   0  3  0  0  0  0  0  0  0  0  0  0
    0.8237    2.8863   -0.5566 O   0  0  0  0  0  0  0  0  0  0  0  0
   -0.6750    2.2438    0.7819 O   0  5  0  0  0  0  0  0  0  0  0  0
    2.2679   -2.9546   -0.0680 H   0  0  0  0  0  0  0  0  0  0  0  0
   -0.1654   -2.6031    0.0444 H   0  0  0  0  0  0  0  0  0  0  0  0
   -1.7589    0.6320    0.0842 H   0  0  0  0  0  0  0  0  0  0  0  0
   -2.1669   -2.0879   -0.5577 H   0  0  0  0  0  0  0  0  0  0  0  0
   -2.0596   -1.9394    1.2128 H   0  0  0  0  0  0  0  0  0  0  0  0
   -4.4122   -1.7750    0.4469 H   0  0  0  0  0  0  0  0  0  0  0  0
   -3.8709   -0.2463    1.1807 H   0  0  0  0  0  0  0  0  0  0  0  0
   -4.9706    0.0608   -0.8069 H   0  0  0  0  0  0  0  0  0  0  0  0
    2.8804    1.2769   -0.0372 H   0  0  0  0  0  0  0  0  0  0  0  0
    4.4697   -1.9616   -0.1583 H   0  0  0  0  0  0  0  0  0  0  0  0
    4.7106   -0.2989   -0.1446 H   0  0  0  0  0  0  0  0  0  0  0  0
  1  2  1  0  0  0  0
  2  3  2  0  0  0  0
  3  4  1  0  0  0  0
  4  5  1  0  0  0  0
  5  6  1  0  0  0  0
  6  7  1  0  0  0  0
  3  8  1  0  0  0  0
  8  9  2  0  0  0  0
  9 10  1  0  0  0  0
  1 10  2  0  0  0  0
 10 11  1  0  0  0  0
  8 12  1  0  0  0  0
 12 13  2  0  0  0  0
 12 14  1  0  0  0  0
  1 15  1  0  0  0  0
  2 16  1  0  0  0  0
  4 17  1  0  0  0  0
  5 18  1  0  0  0  0
  5 19  1  0  0  0  0
  6 20  1  0  0  0  0
  6 21  1  0  0  0  0
  7 22  1  0  0  0  0
  9 23  1  0  0  0  0
 11 24  1  0  0  0  0
 11 25  1  0  0  0  0
M  CHG  2  12   1  14  -1
M  END
$$$$
