 
WItclserve11290013443D 0   0.00000     0.00000cramer
 
  7  7  0  0  0  0  0  0  0  0  1 V2000
    0.7650   -0.4128    0.0000 C   0  0  0  0  0  0  0  0  0  0  0  0
   -0.7650   -0.4128    0.0000 C   0  0  0  0  0  0  0  0  0  0  0  0
    0.0000    0.7942    0.0000 O   0  0  0  0  0  0  0  0  0  0  0  0
    1.2729   -0.6922    0.9231 H   0  0  0  0  0  0  0  0  0  0  0  0
    1.2729   -0.6922   -0.9231 H   0  0  0  0  0  0  0  0  0  0  0  0
   -1.2729   -0.6922   -0.9231 H   0  0  0  0  0  0  0  0  0  0  0  0
   -1.2729   -0.6922    0.9231 H   0  0  0  0  0  0  0  0  0  0  0  0
  1  2  1  0  0  0  0
  2  3  1  0  0  0  0
  1  3  1  0  0  0  0
  1  4  1  0  0  0  0
  1  5  1  0  0  0  0
  2  6  1  0  0  0  0
  2  7  1  0  0  0  0
M  END
$$$$
