 
WItclserve11290013443D 0   0.00000     0.00000cramer
 
 42 44  0  0  0  0  0  0  0  0  1 V2000
    4.5054   -0.8601    0.4553 O   0  0  0  0  0  0  0  0  0  0  0  0
    3.2815   -0.2569    0.0308 C   0  0  0  0  0  0  0  0  0  0  0  0
    2.1892   -1.2950    0.0141 C   0  0  0  0  0  0  0  0  0  0  0  0
    2.4346   -2.4388    0.3341 O   0  0  0  0  0  0  0  0  0  0  0  0
    0.9395   -0.9524   -0.3566 N   0  0  0  0  0  0  0  0  0  0  0  0
   -0.1224   -1.9616   -0.3729 C   0  0  0  0  0  0  0  0  0  0  0  0
   -1.1477   -1.7694    0.7171 C   0  0  0  0  0  0  0  0  0  0  0  0
   -1.1801   -1.9506    1.9158 O   0  0  0  0  0  0  0  0  0  0  0  0
   -2.0216   -1.3050   -0.2195 N   0  0  0  0  0  0  0  0  0  0  0  0
   -1.2152   -1.6738   -1.3974 C   0  0  0  0  0  0  0  0  0  0  0  0
   -0.9174   -0.0717   -2.2397 S   0  0  0  0  0  0  0  0  0  0  0  0
   -2.2359    0.9089   -1.4067 C   0  0  0  0  0  0  0  0  0  0  0  0
   -1.7587    2.3301   -1.1013 C   0  0  0  0  0  0  0  0  0  0  0  0
   -3.5202    0.9273   -2.2381 C   0  0  0  0  0  0  0  0  0  0  0  0
   -2.4208    0.0925   -0.1114 C   0  0  0  0  0  0  0  0  0  0  0  0
   -3.8739    0.1459    0.2846 C   0  0  0  0  0  0  0  0  0  0  0  0
   -4.6427   -0.6916   -0.1245 O   0  0  0  0  0  0  0  0  0  0  0  0
   -4.3140    1.1239    1.0919 O   0  0  0  0  0  0  0  0  0  0  0  0
   -6.5895    1.2075    1.7121 K   0  0  0  0  0  0  0  0  0  0  0  0
    5.4480    0.1188    0.4507 C   0  0  0  0  0  0  0  0  0  0  0  0
    6.7530   -0.1713    0.8222 C   0  0  0  0  0  0  0  0  0  0  0  0
    7.7092    0.8254    0.8167 C   0  0  0  0  0  0  0  0  0  0  0  0
    7.3668    2.1117    0.4418 C   0  0  0  0  0  0  0  0  0  0  0  0
    6.0672    2.4034    0.0716 C   0  0  0  0  0  0  0  0  0  0  0  0
    5.1085    1.4085    0.0691 C   0  0  0  0  0  0  0  0  0  0  0  0
    3.0121    0.5428    0.7207 H   0  0  0  0  0  0  0  0  0  0  0  0
    3.4073    0.1543   -0.9708 H   0  0  0  0  0  0  0  0  0  0  0  0
    0.7432   -0.0376   -0.6126 H   0  0  0  0  0  0  0  0  0  0  0  0
    0.2655   -2.9787   -0.4274 H   0  0  0  0  0  0  0  0  0  0  0  0
   -1.5564   -2.5008   -2.0201 H   0  0  0  0  0  0  0  0  0  0  0  0
   -1.5128    2.8390   -2.0334 H   0  0  0  0  0  0  0  0  0  0  0  0
   -2.5494    2.8762   -0.5869 H   0  0  0  0  0  0  0  0  0  0  0  0
   -0.8739    2.2877   -0.4662 H   0  0  0  0  0  0  0  0  0  0  0  0
   -3.3227    1.3976   -3.2014 H   0  0  0  0  0  0  0  0  0  0  0  0
   -3.8651   -0.0944   -2.3965 H   0  0  0  0  0  0  0  0  0  0  0  0
   -4.2877    1.4919   -1.7086 H   0  0  0  0  0  0  0  0  0  0  0  0
   -1.8339    0.5600    0.6792 H   0  0  0  0  0  0  0  0  0  0  0  0
    7.0208   -1.1755    1.1158 H   0  0  0  0  0  0  0  0  0  0  0  0
    8.7251    0.6001    1.1059 H   0  0  0  0  0  0  0  0  0  0  0  0
    8.1158    2.8897    0.4385 H   0  0  0  0  0  0  0  0  0  0  0  0
    5.8021    3.4088   -0.2204 H   0  0  0  0  0  0  0  0  0  0  0  0
    4.0933    1.6369   -0.2202 H   0  0  0  0  0  0  0  0  0  0  0  0
  1  2  1  0  0  0  0
  2  3  1  0  0  0  0
  3  4  2  0  0  0  0
  3  5  1  0  0  0  0
  5  6  1  0  0  0  0
  6  7  1  0  0  0  0
  7  8  2  0  0  0  0
  7  9  1  0  0  0  0
  9 10  1  0  0  0  0
  6 10  1  0  0  0  0
 10 11  1  0  0  0  0
 11 12  1  0  0  0  0
 12 13  1  0  0  0  0
 12 14  1  0  0  0  0
 12 15  1  0  0  0  0
  9 15  1  0  0  0  0
 15 16  1  0  0  0  0
 16 17  2  0  0  0  0
 16 18  1  0  0  0  0
 18 19  1  0  0  0  0
  1 20  1  0  0  0  0
 20 21  1  0  0  0  0
 21 22  2  0  0  0  0
 22 23  1  0  0  0  0
 23 24  2  0  0  0  0
 24 25  1  0  0  0  0
 20 25  2  0  0  0  0
  2 26  1  0  0  0  0
  2 27  1  0  0  0  0
  5 28  1  0  0  0  0
  6 29  1  0  0  0  0
 10 30  1  0  0  0  0
 13 31  1  0  0  0  0
 13 32  1  0  0  0  0
 13 33  1  0  0  0  0
 14 34  1  0  0  0  0
 14 35  1  0  0  0  0
 14 36  1  0  0  0  0
 15 37  1  0  0  0  0
 21 38  1  0  0  0  0
 22 39  1  0  0  0  0
 23 40  1  0  0  0  0
 24 41  1  0  0  0  0
 25 42  1  0  0  0  0
M  END
$$$$
