 
WItclserve11290013443D 0   0.00000     0.00000cramer
 
 32 32  0  0  0  0  0  0  0  0  1 V2000
   -0.3066    0.1050   -1.1683 C   0  0  0  0  0  0  0  0  0  0  0  0
   -1.3357   -0.1587   -0.0673 C   0  0  0  0  0  0  0  0  0  0  0  0
   -2.7457    0.0188   -0.6340 C   0  0  0  0  0  0  0  0  0  0  0  0
   -3.7748   -0.2450    0.4670 C   0  0  0  0  0  0  0  0  0  0  0  0
   -5.1849   -0.0675   -0.0997 C   0  0  0  0  0  0  0  0  0  0  0  0
   -6.2140   -0.3312    1.0014 C   0  0  0  0  0  0  0  0  0  0  0  0
    1.0823   -0.0699   -0.6101 C   0  0  0  0  0  0  0  0  0  0  0  0
    1.6936   -1.3084   -0.6552 C   0  0  0  0  0  0  0  0  0  0  0  0
    2.9668   -1.4719   -0.1443 C   0  0  0  0  0  0  0  0  0  0  0  0
    3.6348   -0.3921    0.4161 C   0  0  0  0  0  0  0  0  0  0  0  0
    4.8872   -0.5535    0.9185 O   0  0  0  0  0  0  0  0  0  0  0  0
    3.0238    0.8512    0.4625 C   0  0  0  0  0  0  0  0  0  0  0  0
    1.7484    1.0141   -0.0565 C   0  0  0  0  0  0  0  0  0  0  0  0
    1.1467    2.2318   -0.0125 O   0  0  0  0  0  0  0  0  0  0  0  0
   -0.4608   -0.5991   -1.9860 H   0  0  0  0  0  0  0  0  0  0  0  0
   -0.4237    1.1234   -1.5388 H   0  0  0  0  0  0  0  0  0  0  0  0
   -1.2185   -1.1771    0.3032 H   0  0  0  0  0  0  0  0  0  0  0  0
   -1.1814    0.5453    0.7504 H   0  0  0  0  0  0  0  0  0  0  0  0
   -2.8629    1.0372   -1.0045 H   0  0  0  0  0  0  0  0  0  0  0  0
   -2.9000   -0.6853   -1.4517 H   0  0  0  0  0  0  0  0  0  0  0  0
   -3.6577   -1.2634    0.8375 H   0  0  0  0  0  0  0  0  0  0  0  0
   -3.6206    0.4591    1.2847 H   0  0  0  0  0  0  0  0  0  0  0  0
   -5.3020    0.9509   -0.4701 H   0  0  0  0  0  0  0  0  0  0  0  0
   -5.3391   -0.7715   -0.9174 H   0  0  0  0  0  0  0  0  0  0  0  0
   -6.0968   -1.3496    1.3718 H   0  0  0  0  0  0  0  0  0  0  0  0
   -6.0598    0.3729    1.8190 H   0  0  0  0  0  0  0  0  0  0  0  0
   -7.2185   -0.2047    0.5976 H   0  0  0  0  0  0  0  0  0  0  0  0
    1.1751   -2.1501   -1.0902 H   0  0  0  0  0  0  0  0  0  0  0  0
    3.4424   -2.4408   -0.1807 H   0  0  0  0  0  0  0  0  0  0  0  0
    5.5036   -0.3792    0.1941 H   0  0  0  0  0  0  0  0  0  0  0  0
    3.5419    1.6926    0.8984 H   0  0  0  0  0  0  0  0  0  0  0  0
    1.3856    2.6913   -0.8291 H   0  0  0  0  0  0  0  0  0  0  0  0
  1  2  1  0  0  0  0
  2  3  1  0  0  0  0
  3  4  1  0  0  0  0
  4  5  1  0  0  0  0
  5  6  1  0  0  0  0
  1  7  1  0  0  0  0
  7  8  1  0  0  0  0
  8  9  2  0  0  0  0
  9 10  1  0  0  0  0
 10 11  1  0  0  0  0
 10 12  2  0  0  0  0
 12 13  1  0  0  0  0
  7 13  2  0  0  0  0
 13 14  1  0  0  0  0
  1 15  1  0  0  0  0
  1 16  1  0  0  0  0
  2 17  1  0  0  0  0
  2 18  1  0  0  0  0
  3 19  1  0  0  0  0
  3 20  1  0  0  0  0
  4 21  1  0  0  0  0
  4 22  1  0  0  0  0
  5 23  1  0  0  0  0
  5 24  1  0  0  0  0
  6 25  1  0  0  0  0
  6 26  1  0  0  0  0
  6 27  1  0  0  0  0
  8 28  1  0  0  0  0
  9 29  1  0  0  0  0
 11 30  1  0  0  0  0
 12 31  1  0  0  0  0
 14 32  1  0  0  0  0
M  END
$$$$
