 
WItclserve11290013453D 0   0.00000     0.00000cramer
 
 22 24  0  0  0  0  0  0  0  0  1 V2000
    1.8964   -0.9476    0.4056 C   0  0  0  0  0  0  0  0  0  0  0  0
    2.2352   -0.6161   -0.9401 O   0  0  0  0  0  0  0  0  0  0  0  0
    2.3728    0.4264    0.0308 C   0  0  0  0  0  0  0  0  0  0  0  0
    1.3777    1.5493   -0.1584 C   0  0  0  0  0  0  0  0  0  0  0  0
    0.0384    1.2461    0.5055 C   0  0  0  0  0  0  0  0  0  0  0  0
   -0.4480   -0.1179    0.0012 C   0  0  0  0  0  0  0  0  0  0  0  0
    0.4241   -1.1980    0.6327 C   0  0  0  0  0  0  0  0  0  0  0  0
   -1.9074   -0.3287    0.4095 C   0  0  0  0  0  0  0  0  0  0  0  0
   -2.9428    0.6753   -0.1013 C   0  0  0  0  0  0  0  0  0  0  0  0
   -2.8460   -0.6535   -0.6178 O   0  0  0  0  0  0  0  0  0  0  0  0
    2.5775   -1.6036    0.9476 H   0  0  0  0  0  0  0  0  0  0  0  0
    3.3827    0.7259    0.3106 H   0  0  0  0  0  0  0  0  0  0  0  0
    1.7880    2.4625    0.2726 H   0  0  0  0  0  0  0  0  0  0  0  0
    1.2171    1.7042   -1.2253 H   0  0  0  0  0  0  0  0  0  0  0  0
    0.1632    1.2149    1.5879 H   0  0  0  0  0  0  0  0  0  0  0  0
   -0.6862    2.0160    0.2402 H   0  0  0  0  0  0  0  0  0  0  0  0
   -0.3593   -0.1617   -1.0843 H   0  0  0  0  0  0  0  0  0  0  0  0
    0.1589   -2.1635    0.2020 H   0  0  0  0  0  0  0  0  0  0  0  0
    0.2314   -1.2261    1.7052 H   0  0  0  0  0  0  0  0  0  0  0  0
   -2.0643   -0.7619    1.3974 H   0  0  0  0  0  0  0  0  0  0  0  0
   -3.7875    0.9079    0.5470 H   0  0  0  0  0  0  0  0  0  0  0  0
   -2.5905    1.4920   -0.7313 H   0  0  0  0  0  0  0  0  0  0  0  0
  1  2  1  0  0  0  0
  2  3  1  0  0  0  0
  1  3  1  0  0  0  0
  3  4  1  0  0  0  0
  4  5  1  0  0  0  0
  5  6  1  0  0  0  0
  6  7  1  0  0  0  0
  1  7  1  0  0  0  0
  6  8  1  0  0  0  0
  8  9  1  0  0  0  0
  9 10  1  0  0  0  0
  8 10  1  0  0  0  0
  1 11  1  0  0  0  0
  3 12  1  0  0  0  0
  4 13  1  0  0  0  0
  4 14  1  0  0  0  0
  5 15  1  0  0  0  0
  5 16  1  0  0  0  0
  6 17  1  0  0  0  0
  7 18  1  0  0  0  0
  7 19  1  0  0  0  0
  8 20  1  0  0  0  0
  9 21  1  0  0  0  0
  9 22  1  0  0  0  0
M  END
$$$$
