 
WItclserve11290013453D 0   0.00000     0.00000cramer
 
  8  7  0  0  0  0  0  0  0  0  1 V2000
   -2.2044    0.4339    0.0000 C   0  0  0  0  0  0  0  0  0  0  0  0
   -1.1818   -0.7042    0.0000 C   0  0  0  0  0  0  0  0  0  0  0  0
    0.6349    0.0472    0.0000 Br  0  0  0  0  0  0  0  0  0  0  0  0
   -2.0650    1.0476   -0.8900 H   0  0  0  0  0  0  0  0  0  0  0  0
   -3.2116    0.0173    0.0000 H   0  0  0  0  0  0  0  0  0  0  0  0
   -2.0650    1.0475    0.8900 H   0  0  0  0  0  0  0  0  0  0  0  0
   -1.3212   -1.3179    0.8899 H   0  0  0  0  0  0  0  0  0  0  0  0
   -1.3212   -1.3178   -0.8900 H   0  0  0  0  0  0  0  0  0  0  0  0
  1  2  1  0  0  0  0
  2  3  1  0  0  0  0
  1  4  1  0  0  0  0
  1  5  1  0  0  0  0
  1  6  1  0  0  0  0
  2  7  1  0  0  0  0
  2  8  1  0  0  0  0
M  END
$$$$
