 
WItclserve11290013453D 0   0.00000     0.00000cramer
 
 26 26  0  0  0  0  0  0  0  0  1 V2000
   -2.0855   -0.8152   -0.2384 C   0  0  0  0  0  0  0  0  0  0  0  0
   -2.8837   -1.8909   -0.4735 O   0  0  0  0  0  0  0  0  0  0  0  0
   -0.7506   -0.8471   -0.6084 C   0  0  0  0  0  0  0  0  0  0  0  0
    0.0595    0.2472   -0.3687 C   0  0  0  0  0  0  0  0  0  0  0  0
   -0.4592    1.3749    0.2400 C   0  0  0  0  0  0  0  0  0  0  0  0
   -1.7902    1.4133    0.6117 C   0  0  0  0  0  0  0  0  0  0  0  0
   -2.6090    0.3221    0.3691 C   0  0  0  0  0  0  0  0  0  0  0  0
   -3.9185    0.3582    0.7340 O   0  0  0  0  0  0  0  0  0  0  0  0
    1.5112    0.2105   -0.7713 C   0  0  0  0  0  0  0  0  0  0  0  0
    1.9508    1.5325   -1.0895 O   0  0  0  0  0  0  0  0  0  0  0  0
    2.3475   -0.3405    0.3853 C   0  0  0  0  0  0  0  0  0  0  0  0
    3.7627   -0.3763   -0.0072 N   0  0  0  0  0  0  0  0  0  0  0  0
    4.5058   -0.9119    1.1412 C   0  0  0  0  0  0  0  0  0  0  0  0
   -2.8261   -2.4577    0.3078 H   0  0  0  0  0  0  0  0  0  0  0  0
   -0.3428   -1.7270   -1.0838 H   0  0  0  0  0  0  0  0  0  0  0  0
    0.1769    2.2277    0.4259 H   0  0  0  0  0  0  0  0  0  0  0  0
   -2.1929    2.2955    1.0871 H   0  0  0  0  0  0  0  0  0  0  0  0
   -4.4088    0.7156   -0.0189 H   0  0  0  0  0  0  0  0  0  0  0  0
    1.6302   -0.4318   -1.6439 H   0  0  0  0  0  0  0  0  0  0  0  0
    1.8290    2.0668   -0.2928 H   0  0  0  0  0  0  0  0  0  0  0  0
    2.2286    0.3018    1.2579 H   0  0  0  0  0  0  0  0  0  0  0  0
    2.0122   -1.3489    0.6280 H   0  0  0  0  0  0  0  0  0  0  0  0
    3.8413   -1.0579   -0.7469 H   0  0  0  0  0  0  0  0  0  0  0  0
    5.5673   -0.9581    0.8975 H   0  0  0  0  0  0  0  0  0  0  0  0
    4.3591   -0.2622    2.0040 H   0  0  0  0  0  0  0  0  0  0  0  0
    4.1427   -1.9129    1.3741 H   0  0  0  0  0  0  0  0  0  0  0  0
  1  2  1  0  0  0  0
  1  3  1  0  0  0  0
  3  4  2  0  0  0  0
  4  5  1  0  0  0  0
  5  6  2  0  0  0  0
  6  7  1  0  0  0  0
  1  7  2  0  0  0  0
  7  8  1  0  0  0  0
  4  9  1  0  0  0  0
  9 10  1  0  0  0  0
  9 11  1  0  0  0  0
 11 12  1  0  0  0  0
 12 13  1  0  0  0  0
  2 14  1  0  0  0  0
  3 15  1  0  0  0  0
  5 16  1  0  0  0  0
  6 17  1  0  0  0  0
  8 18  1  0  0  0  0
  9 19  1  0  0  0  0
 10 20  1  0  0  0  0
 11 21  1  0  0  0  0
 11 22  1  0  0  0  0
 12 23  1  0  0  0  0
 13 24  1  0  0  0  0
 13 25  1  0  0  0  0
 13 26  1  0  0  0  0
M  END
$$$$
