 
WItclserve11290013453D 0   0.00000     0.00000cramer
 
 88 93  0  0  0  0  0  0  0  0  1 V2000
   -6.7433    1.6925    0.5322 O   0  0  0  0  0  0  0  0  0  0  0  0
   -7.4788    0.6465    0.0816 C   0  0  0  0  0  0  0  0  0  0  0  0
   -6.8515   -0.5271   -0.3403 C   0  0  0  0  0  0  0  0  0  0  0  0
   -5.4934   -0.6220   -0.2995 N   0  0  0  0  0  0  0  0  0  0  0  0
   -4.7900    0.3711    0.1282 N   0  0  0  0  0  0  0  0  0  0  0  0
   -3.4304    0.2761    0.1690 C   0  0  0  0  0  0  0  0  0  0  0  0
   -2.7968   -0.8978   -0.2525 C   0  0  0  0  0  0  0  0  0  0  0  0
   -1.4356   -0.9947   -0.2124 C   0  0  0  0  0  0  0  0  0  0  0  0
   -0.6662    0.0761    0.2493 C   0  0  0  0  0  0  0  0  0  0  0  0
   -1.2852    1.2520    0.6725 C   0  0  0  0  0  0  0  0  0  0  0  0
   -2.6630    1.3584    0.6288 C   0  0  0  0  0  0  0  0  0  0  0  0
   -3.2720    2.5007    1.0390 O   0  0  0  0  0  0  0  0  0  0  0  0
   -2.2370    3.3946    1.4536 C   0  0  0  0  0  0  0  0  0  0  0  0
    0.8100   -0.0379    0.2899 C   0  0  0  0  0  0  0  0  0  0  0  0
    1.6037    1.0538   -0.0704 C   0  0  0  0  0  0  0  0  0  0  0  0
    2.9650    0.9569   -0.0356 C   0  0  0  0  0  0  0  0  0  0  0  0
    3.5745   -0.2381    0.3616 C   0  0  0  0  0  0  0  0  0  0  0  0
    4.9343   -0.3331    0.3957 N   0  0  0  0  0  0  0  0  0  0  0  0
    5.6602    0.6795    0.0614 N   0  0  0  0  0  0  0  0  0  0  0  0
    7.0184    0.5847    0.0955 C   0  0  0  0  0  0  0  0  0  0  0  0
    7.6216   -0.6101    0.4926 C   0  0  0  0  0  0  0  0  0  0  0  0
    6.8624   -1.6767    0.8447 O   0  0  0  0  0  0  0  0  0  0  0  0
    9.0242   -0.6957    0.5232 C   0  0  0  0  0  0  0  0  0  0  0  0
    9.6728   -1.8854    0.9182 C   0  0  0  0  0  0  0  0  0  0  0  0
    8.9285   -3.0018    1.2866 N   0  0  0  0  0  0  0  0  0  0  0  0
   11.0522   -1.9315    0.9352 C   0  0  0  0  0  0  0  0  0  0  0  0
   11.8037   -0.8206    0.5686 C   0  0  0  0  0  0  0  0  0  0  0  0
   11.2022    0.3403    0.1837 C   0  0  0  0  0  0  0  0  0  0  0  0
    9.8014    0.4293    0.1514 C   0  0  0  0  0  0  0  0  0  0  0  0
    9.1615    1.6201   -0.2446 C   0  0  0  0  0  0  0  0  0  0  0  0
    7.8073    1.6898   -0.2755 C   0  0  0  0  0  0  0  0  0  0  0  0
    7.0251    3.1881   -0.7736 S   0  0  0  0  0  0  0  0  0  0  0  0
    5.7195    3.1465   -0.2142 O   0  0  0  0  0  0  0  0  0  0  0  0
    7.9821    4.2151   -0.5530 O   0  0  0  0  0  0  0  0  0  0  0  0
    6.8311    3.1205   -2.2817 O   0  0  0  0  0  0  0  0  0  0  0  0
    5.0508    2.2888   -2.5960 Na  0  0  0  0  0  0  0  0  0  0  0  0
   13.5628   -0.9149    0.6028 S   0  0  0  0  0  0  0  0  0  0  0  0
   14.0193    0.4263    0.7131 O   0  0  0  0  0  0  0  0  0  0  0  0
   13.8756   -1.9670    1.5053 O   0  0  0  0  0  0  0  0  0  0  0  0
   14.0194   -1.3957   -0.7671 O   0  0  0  0  0  0  0  0  0  0  0  0
   14.3004    0.2282   -1.8825 Na  0  0  0  0  0  0  0  0  0  0  0  0
    2.7829   -1.3393    0.7255 C   0  0  0  0  0  0  0  0  0  0  0  0
    3.3684   -2.5018    1.1124 O   0  0  0  0  0  0  0  0  0  0  0  0
    2.3122   -3.4159    1.4138 C   0  0  0  0  0  0  0  0  0  0  0  0
    1.4049   -1.2331    0.6934 C   0  0  0  0  0  0  0  0  0  0  0  0
   -7.6158   -1.6130   -0.8071 C   0  0  0  0  0  0  0  0  0  0  0  0
   -8.9693   -1.5413   -0.8568 C   0  0  0  0  0  0  0  0  0  0  0  0
   -9.6333   -0.3711   -0.4394 C   0  0  0  0  0  0  0  0  0  0  0  0
  -11.0336   -0.2815   -0.4859 C   0  0  0  0  0  0  0  0  0  0  0  0
  -11.6585    0.8591   -0.0782 C   0  0  0  0  0  0  0  0  0  0  0  0
  -10.9316    1.9490    0.3877 C   0  0  0  0  0  0  0  0  0  0  0  0
   -9.5535    1.9020    0.4490 C   0  0  0  0  0  0  0  0  0  0  0  0
   -8.8337    2.9973    0.9165 N   0  0  0  0  0  0  0  0  0  0  0  0
   -8.8812    0.7303    0.0397 C   0  0  0  0  0  0  0  0  0  0  0  0
  -13.4167    0.9544   -0.1433 S   0  0  0  0  0  0  0  0  0  0  0  0
  -13.7269    2.3404   -0.1866 O   0  0  0  0  0  0  0  0  0  0  0  0
  -13.8201   -0.0093   -1.1065 O   0  0  0  0  0  0  0  0  0  0  0  0
  -13.9492    0.4529    1.1914 O   0  0  0  0  0  0  0  0  0  0  0  0
  -14.0802    2.0361    2.3899 Na  0  0  0  0  0  0  0  0  0  0  0  0
   -6.8034   -3.0848   -1.3346 S   0  0  0  0  0  0  0  0  0  0  0  0
   -7.7158   -3.7383   -2.2062 O   0  0  0  0  0  0  0  0  0  0  0  0
   -5.4792   -2.6951   -1.6721 O   0  0  0  0  0  0  0  0  0  0  0  0
   -6.6705   -3.9917   -0.1195 O   0  0  0  0  0  0  0  0  0  0  0  0
   -8.3078   -5.1215   -0.0633 Na  0  0  0  0  0  0  0  0  0  0  0  0
   -6.5420    2.2442   -0.2361 H   0  0  0  0  0  0  0  0  0  0  0  0
   -3.3858   -1.7293   -0.6102 H   0  0  0  0  0  0  0  0  0  0  0  0
   -0.9514   -1.9033   -0.5387 H   0  0  0  0  0  0  0  0  0  0  0  0
   -0.6895    2.0790    1.0296 H   0  0  0  0  0  0  0  0  0  0  0  0
   -2.6801    4.3308    1.7933 H   0  0  0  0  0  0  0  0  0  0  0  0
   -1.6721    2.9430    2.2692 H   0  0  0  0  0  0  0  0  0  0  0  0
   -1.5695    3.5917    0.6148 H   0  0  0  0  0  0  0  0  0  0  0  0
    1.1382    1.9785   -0.3781 H   0  0  0  0  0  0  0  0  0  0  0  0
    3.5728    1.8045   -0.3158 H   0  0  0  0  0  0  0  0  0  0  0  0
    6.7076   -2.1878    0.0386 H   0  0  0  0  0  0  0  0  0  0  0  0
    9.2964   -3.8913    1.1665 H   0  0  0  0  0  0  0  0  0  0  0  0
    8.0416   -2.8906    1.6634 H   0  0  0  0  0  0  0  0  0  0  0  0
   11.5530   -2.8397    1.2367 H   0  0  0  0  0  0  0  0  0  0  0  0
   11.8036    1.1925   -0.0966 H   0  0  0  0  0  0  0  0  0  0  0  0
    9.7512    2.4796   -0.5276 H   0  0  0  0  0  0  0  0  0  0  0  0
    1.6960   -3.0078    2.2149 H   0  0  0  0  0  0  0  0  0  0  0  0
    1.6991   -3.5684    0.5255 H   0  0  0  0  0  0  0  0  0  0  0  0
    2.7359   -4.3689    1.7308 H   0  0  0  0  0  0  0  0  0  0  0  0
    0.7904   -2.0764    0.9721 H   0  0  0  0  0  0  0  0  0  0  0  0
   -9.5400   -2.3841   -1.2178 H   0  0  0  0  0  0  0  0  0  0  0  0
  -11.6161   -1.1169   -0.8453 H   0  0  0  0  0  0  0  0  0  0  0  0
  -11.4506    2.8416    0.7046 H   0  0  0  0  0  0  0  0  0  0  0  0
   -7.9709    2.8658    1.3397 H   0  0  0  0  0  0  0  0  0  0  0  0
   -9.1949    3.8923    0.8193 H   0  0  0  0  0  0  0  0  0  0  0  0
  1  2  1  0  0  0  0
  2  3  1  0  0  0  0
  3  4  1  0  0  0  0
  4  5  2  0  0  0  0
  5  6  1  0  0  0  0
  6  7  1  0  0  0  0
  7  8  2  0  0  0  0
  8  9  1  0  0  0  0
  9 10  2  0  0  0  0
 10 11  1  0  0  0  0
  6 11  2  0  0  0  0
 11 12  1  0  0  0  0
 12 13  1  0  0  0  0
  9 14  1  0  0  0  0
 14 15  1  0  0  0  0
 15 16  2  0  0  0  0
 16 17  1  0  0  0  0
 17 18  1  0  0  0  0
 18 19  2  0  0  0  0
 19 20  1  0  0  0  0
 20 21  1  0  0  0  0
 21 22  1  0  0  0  0
 21 23  2  0  0  0  0
 23 24  1  0  0  0  0
 24 25  1  0  0  0  0
 24 26  2  0  0  0  0
 26 27  1  0  0  0  0
 27 28  2  0  0  0  0
 28 29  1  0  0  0  0
 23 29  1  0  0  0  0
 29 30  2  0  0  0  0
 30 31  1  0  0  0  0
 20 31  2  0  0  0  0
 31 32  1  0  0  0  0
 32 33  2  0  0  0  0
 32 34  2  0  0  0  0
 32 35  1  0  0  0  0
 35 36  1  0  0  0  0
 27 37  1  0  0  0  0
 37 38  2  0  0  0  0
 37 39  2  0  0  0  0
 37 40  1  0  0  0  0
 40 41  1  0  0  0  0
 17 42  2  0  0  0  0
 42 43  1  0  0  0  0
 43 44  1  0  0  0  0
 42 45  1  0  0  0  0
 14 45  2  0  0  0  0
  3 46  2  0  0  0  0
 46 47  1  0  0  0  0
 47 48  2  0  0  0  0
 48 49  1  0  0  0  0
 49 50  2  0  0  0  0
 50 51  1  0  0  0  0
 51 52  2  0  0  0  0
 52 53  1  0  0  0  0
 52 54  1  0  0  0  0
  2 54  2  0  0  0  0
 48 54  1  0  0  0  0
 50 55  1  0  0  0  0
 55 56  2  0  0  0  0
 55 57  2  0  0  0  0
 55 58  1  0  0  0  0
 58 59  1  0  0  0  0
 46 60  1  0  0  0  0
 60 61  2  0  0  0  0
 60 62  2  0  0  0  0
 60 63  1  0  0  0  0
 63 64  1  0  0  0  0
  1 65  1  0  0  0  0
  7 66  1  0  0  0  0
  8 67  1  0  0  0  0
 10 68  1  0  0  0  0
 13 69  1  0  0  0  0
 13 70  1  0  0  0  0
 13 71  1  0  0  0  0
 15 72  1  0  0  0  0
 16 73  1  0  0  0  0
 22 74  1  0  0  0  0
 25 75  1  0  0  0  0
 25 76  1  0  0  0  0
 26 77  1  0  0  0  0
 28 78  1  0  0  0  0
 30 79  1  0  0  0  0
 44 80  1  0  0  0  0
 44 81  1  0  0  0  0
 44 82  1  0  0  0  0
 45 83  1  0  0  0  0
 47 84  1  0  0  0  0
 49 85  1  0  0  0  0
 51 86  1  0  0  0  0
 53 87  1  0  0  0  0
 53 88  1  0  0  0  0
M  END
$$$$
