 
WItclserve11290013453D 0   0.00000     0.00000cramer
 
 15 15  0  0  0  0  0  0  0  0  2 V2000
   -0.0575   -1.1980   -0.0074 C   0  0  0  0  0  0  0  0  0  0  0  0
   -1.4391   -1.2007   -0.0149 C   0  0  0  0  0  0  0  0  0  0  0  0
   -2.1339   -0.0001   -0.0188 C   0  0  0  0  0  0  0  0  0  0  0  0
   -3.4928   -0.0001   -0.0257 O   0  0  0  0  0  0  0  0  0  0  0  0
   -1.4390    1.2009   -0.0151 C   0  0  0  0  0  0  0  0  0  0  0  0
   -0.0578    1.1982   -0.0076 C   0  0  0  0  0  0  0  0  0  0  0  0
    0.6325   -0.0001   -0.0038 C   0  0  0  0  0  0  0  0  0  0  0  0
    2.1125    0.0000    0.0052 N   0  3  0  0  0  0  0  0  0  0  0  0
    2.7216   -1.0548    0.0085 O   0  0  0  0  0  0  0  0  0  0  0  0
    2.7215    1.0548    0.0093 O   0  5  0  0  0  0  0  0  0  0  0  0
    0.4839   -2.1325    0.0001 H   0  0  0  0  0  0  0  0  0  0  0  0
   -1.9777   -2.1368   -0.0182 H   0  0  0  0  0  0  0  0  0  0  0  0
   -3.7771    0.0001    0.8986 H   0  0  0  0  0  0  0  0  0  0  0  0
   -1.9776    2.1370   -0.0184 H   0  0  0  0  0  0  0  0  0  0  0  0
    0.4836    2.1327   -0.0047 H   0  0  0  0  0  0  0  0  0  0  0  0
  1  2  1  0  0  0  0
  2  3  2  0  0  0  0
  3  4  1  0  0  0  0
  3  5  1  0  0  0  0
  5  6  2  0  0  0  0
  6  7  1  0  0  0  0
  1  7  2  0  0  0  0
  7  8  1  0  0  0  0
  8  9  2  0  0  0  0
  8 10  1  0  0  0  0
  1 11  1  0  0  0  0
  2 12  1  0  0  0  0
  4 13  1  0  0  0  0
  5 14  1  0  0  0  0
  6 15  1  0  0  0  0
M  CHG  2   8   1  10  -1
M  END
$$$$
