 
WItclserve11290013453D 0   0.00000     0.00000cramer
 
 18 19  0  0  0  0  0  0  0  0  1 V2000
    0.0000   -0.7086   -0.0014 C   0  0  0  0  0  0  0  0  0  0  0  0
   -1.2249   -1.3976   -0.0013 C   0  0  0  0  0  0  0  0  0  0  0  0
   -2.3916   -0.6969   -0.0002 C   0  0  0  0  0  0  0  0  0  0  0  0
   -2.3916    0.6969    0.0009 C   0  0  0  0  0  0  0  0  0  0  0  0
   -1.2249    1.3976    0.0004 C   0  0  0  0  0  0  0  0  0  0  0  0
    0.0000    0.7086   -0.0002 C   0  0  0  0  0  0  0  0  0  0  0  0
    1.2249    1.3976   -0.0001 C   0  0  0  0  0  0  0  0  0  0  0  0
    2.3916    0.6969   -0.0004 C   0  0  0  0  0  0  0  0  0  0  0  0
    2.3916   -0.6969   -0.0008 C   0  0  0  0  0  0  0  0  0  0  0  0
    1.2249   -1.3976    0.0032 C   0  0  0  0  0  0  0  0  0  0  0  0
   -1.2403   -2.4775   -0.0025 H   0  0  0  0  0  0  0  0  0  0  0  0
   -3.3315   -1.2288   -0.0005 H   0  0  0  0  0  0  0  0  0  0  0  0
   -3.3315    1.2288    0.0018 H   0  0  0  0  0  0  0  0  0  0  0  0
   -1.2403    2.4775    0.0006 H   0  0  0  0  0  0  0  0  0  0  0  0
    1.2403    2.4775   -0.0002 H   0  0  0  0  0  0  0  0  0  0  0  0
    3.3315    1.2288   -0.0007 H   0  0  0  0  0  0  0  0  0  0  0  0
    3.3315   -1.2288   -0.0014 H   0  0  0  0  0  0  0  0  0  0  0  0
    1.2403   -2.4775    0.0028 H   0  0  0  0  0  0  0  0  0  0  0  0
  1  2  1  0  0  0  0
  2  3  2  0  0  0  0
  3  4  1  0  0  0  0
  4  5  2  0  0  0  0
  5  6  1  0  0  0  0
  1  6  2  0  0  0  0
  6  7  1  0  0  0  0
  7  8  2  0  0  0  0
  8  9  1  0  0  0  0
  9 10  2  0  0  0  0
  1 10  1  0  0  0  0
  2 11  1  0  0  0  0
  3 12  1  0  0  0  0
  4 13  1  0  0  0  0
  5 14  1  0  0  0  0
  7 15  1  0  0  0  0
  8 16  1  0  0  0  0
  9 17  1  0  0  0  0
 10 18  1  0  0  0  0
M  END
$$$$
