 
WItclserve11290013453D 0   0.00000     0.00000cramer
 
 47 48  0  0  0  0  0  0  0  0  1 V2000
    0.0000   -0.5082    0.0000 C   0  0  0  0  0  0  0  0  0  0  0  0
   -1.2305    0.3619   -0.0017 C   0  0  0  0  0  0  0  0  0  0  0  0
   -1.1190    1.5715   -0.0015 O   0  0  0  0  0  0  0  0  0  0  0  0
   -2.5091   -0.2272   -0.0034 C   0  0  0  0  0  0  0  0  0  0  0  0
   -3.6160    0.5555   -0.0049 C   0  0  0  0  0  0  0  0  0  0  0  0
   -4.9491   -0.0587   -0.0066 C   0  0  0  0  0  0  0  0  0  0  0  0
   -5.0801   -1.4532   -0.0068 C   0  0  0  0  0  0  0  0  0  0  0  0
   -6.3321   -2.0264   -0.0085 C   0  0  0  0  0  0  0  0  0  0  0  0
   -7.4669   -1.2253   -0.0101 C   0  0  0  0  0  0  0  0  0  0  0  0
   -8.6987   -1.7968   -0.0113 O   0  0  0  0  0  0  0  0  0  0  0  0
   -7.3451    0.1642   -0.0100 C   0  0  0  0  0  0  0  0  0  0  0  0
   -8.4592    0.9442   -0.0111 O   0  0  0  0  0  0  0  0  0  0  0  0
   -8.0130    2.3017   -0.0106 C   0  0  0  0  0  0  0  0  0  0  0  0
   -6.0943    0.7480   -0.0024 C   0  0  0  0  0  0  0  0  0  0  0  0
    1.2305    0.3619    0.0016 C   0  0  0  0  0  0  0  0  0  0  0  0
    1.1190    1.5715    0.0015 O   0  0  0  0  0  0  0  0  0  0  0  0
    2.5091   -0.2272    0.0034 C   0  0  0  0  0  0  0  0  0  0  0  0
    3.6160    0.5555    0.0048 C   0  0  0  0  0  0  0  0  0  0  0  0
    4.9491   -0.0587    0.0066 C   0  0  0  0  0  0  0  0  0  0  0  0
    5.0801   -1.4533    0.0068 C   0  0  0  0  0  0  0  0  0  0  0  0
    6.3321   -2.0265    0.0086 C   0  0  0  0  0  0  0  0  0  0  0  0
    7.4669   -1.2254    0.0101 C   0  0  0  0  0  0  0  0  0  0  0  0
    8.6987   -1.7968    0.0114 O   0  0  0  0  0  0  0  0  0  0  0  0
    7.3451    0.1642    0.0100 C   0  0  0  0  0  0  0  0  0  0  0  0
    8.4592    0.9441    0.0110 O   0  0  0  0  0  0  0  0  0  0  0  0
    8.0130    2.3016    0.0105 C   0  0  0  0  0  0  0  0  0  0  0  0
    6.0943    0.7480    0.0024 C   0  0  0  0  0  0  0  0  0  0  0  0
   -0.0012   -1.1375    0.8900 H   0  0  0  0  0  0  0  0  0  0  0  0
    0.0012   -1.1375   -0.8900 H   0  0  0  0  0  0  0  0  0  0  0  0
   -2.6082   -1.3026   -0.0035 H   0  0  0  0  0  0  0  0  0  0  0  0
   -3.5169    1.6310   -0.0047 H   0  0  0  0  0  0  0  0  0  0  0  0
   -4.1996   -2.0786   -0.0059 H   0  0  0  0  0  0  0  0  0  0  0  0
   -6.4320   -3.1018   -0.0090 H   0  0  0  0  0  0  0  0  0  0  0  0
   -8.9533   -1.9141    0.9141 H   0  0  0  0  0  0  0  0  0  0  0  0
   -7.4123    2.4864    0.8800 H   0  0  0  0  0  0  0  0  0  0  0  0
   -7.4105    2.4864   -0.9000 H   0  0  0  0  0  0  0  0  0  0  0  0
   -8.8758    2.9678   -0.0114 H   0  0  0  0  0  0  0  0  0  0  0  0
   -5.9988    1.8238   -0.0023 H   0  0  0  0  0  0  0  0  0  0  0  0
    2.6082   -1.3026    0.0035 H   0  0  0  0  0  0  0  0  0  0  0  0
    3.5169    1.6309    0.0047 H   0  0  0  0  0  0  0  0  0  0  0  0
    4.1996   -2.0787    0.0060 H   0  0  0  0  0  0  0  0  0  0  0  0
    6.4320   -3.1019    0.0091 H   0  0  0  0  0  0  0  0  0  0  0  0
    8.9533   -1.9142   -0.9141 H   0  0  0  0  0  0  0  0  0  0  0  0
    7.4106    2.4864    0.8999 H   0  0  0  0  0  0  0  0  0  0  0  0
    8.8759    2.9677    0.0114 H   0  0  0  0  0  0  0  0  0  0  0  0
    7.4123    2.4863   -0.8801 H   0  0  0  0  0  0  0  0  0  0  0  0
    5.9988    1.8237    0.0022 H   0  0  0  0  0  0  0  0  0  0  0  0
  1  2  1  0  0  0  0
  2  3  2  0  0  0  0
  2  4  1  0  0  0  0
  4  5  2  0  0  0  0
  5  6  1  0  0  0  0
  6  7  1  0  0  0  0
  7  8  2  0  0  0  0
  8  9  1  0  0  0  0
  9 10  1  0  0  0  0
  9 11  2  0  0  0  0
 11 12  1  0  0  0  0
 12 13  1  0  0  0  0
 11 14  1  0  0  0  0
  6 14  2  0  0  0  0
  1 15  1  0  0  0  0
 15 16  2  0  0  0  0
 15 17  1  0  0  0  0
 17 18  2  0  0  0  0
 18 19  1  0  0  0  0
 19 20  1  0  0  0  0
 20 21  2  0  0  0  0
 21 22  1  0  0  0  0
 22 23  1  0  0  0  0
 22 24  2  0  0  0  0
 24 25  1  0  0  0  0
 25 26  1  0  0  0  0
 24 27  1  0  0  0  0
 19 27  2  0  0  0  0
  1 28  1  0  0  0  0
  1 29  1  0  0  0  0
  4 30  1  0  0  0  0
  5 31  1  0  0  0  0
  7 32  1  0  0  0  0
  8 33  1  0  0  0  0
 10 34  1  0  0  0  0
 13 35  1  0  0  0  0
 13 36  1  0  0  0  0
 13 37  1  0  0  0  0
 14 38  1  0  0  0  0
 17 39  1  0  0  0  0
 18 40  1  0  0  0  0
 20 41  1  0  0  0  0
 21 42  1  0  0  0  0
 23 43  1  0  0  0  0
 26 44  1  0  0  0  0
 26 45  1  0  0  0  0
 26 46  1  0  0  0  0
 27 47  1  0  0  0  0
M  END
$$$$
