 
WItclserve11290013453D 0   0.00000     0.00000cramer
 
 26 27  0  0  0  0  0  0  0  0  1 V2000
    2.7168   -0.8367   -0.7954 C   0  0  0  0  0  0  0  0  0  0  0  0
    1.8166   -1.8836   -0.7453 C   0  0  0  0  0  0  0  0  0  0  0  0
    0.6539   -1.7621    0.0011 C   0  0  0  0  0  0  0  0  0  0  0  0
   -0.2327   -2.7911    0.0520 O   0  0  0  0  0  0  0  0  0  0  0  0
    0.3971   -0.5890    0.6960 C   0  0  0  0  0  0  0  0  0  0  0  0
    1.2995    0.4554    0.6435 C   0  0  0  0  0  0  0  0  0  0  0  0
    2.4591    0.3322   -0.1018 C   0  0  0  0  0  0  0  0  0  0  0  0
    3.5920    1.6461   -0.1658 Cl  0  0  0  0  0  0  0  0  0  0  0  0
   -0.8657   -0.4543    1.5073 C   0  0  0  0  0  0  0  0  0  0  0  0
   -1.9600    0.1159    0.6423 C   0  0  0  0  0  0  0  0  0  0  0  0
   -2.7859   -0.7298   -0.0747 C   0  0  0  0  0  0  0  0  0  0  0  0
   -3.7895   -0.2069   -0.8681 C   0  0  0  0  0  0  0  0  0  0  0  0
   -3.9679    1.1620   -0.9444 C   0  0  0  0  0  0  0  0  0  0  0  0
   -3.1429    2.0075   -0.2269 C   0  0  0  0  0  0  0  0  0  0  0  0
   -2.1417    1.4842    0.5701 C   0  0  0  0  0  0  0  0  0  0  0  0
    3.6244   -0.9325   -1.3729 H   0  0  0  0  0  0  0  0  0  0  0  0
    2.0180   -2.7958   -1.2872 H   0  0  0  0  0  0  0  0  0  0  0  0
    0.0242   -3.3445    0.8023 H   0  0  0  0  0  0  0  0  0  0  0  0
    1.0998    1.3688    1.1840 H   0  0  0  0  0  0  0  0  0  0  0  0
   -1.1673   -1.4348    1.8756 H   0  0  0  0  0  0  0  0  0  0  0  0
   -0.6859    0.2113    2.3516 H   0  0  0  0  0  0  0  0  0  0  0  0
   -2.6465   -1.7992   -0.0151 H   0  0  0  0  0  0  0  0  0  0  0  0
   -4.4342   -0.8676   -1.4288 H   0  0  0  0  0  0  0  0  0  0  0  0
   -4.7517    1.5707   -1.5649 H   0  0  0  0  0  0  0  0  0  0  0  0
   -3.2820    3.0768   -0.2868 H   0  0  0  0  0  0  0  0  0  0  0  0
   -1.4970    2.1448    1.1307 H   0  0  0  0  0  0  0  0  0  0  0  0
  1  2  1  0  0  0  0
  2  3  2  0  0  0  0
  3  4  1  0  0  0  0
  3  5  1  0  0  0  0
  5  6  2  0  0  0  0
  6  7  1  0  0  0  0
  1  7  2  0  0  0  0
  7  8  1  0  0  0  0
  5  9  1  0  0  0  0
  9 10  1  0  0  0  0
 10 11  1  0  0  0  0
 11 12  2  0  0  0  0
 12 13  1  0  0  0  0
 13 14  2  0  0  0  0
 14 15  1  0  0  0  0
 10 15  2  0  0  0  0
  1 16  1  0  0  0  0
  2 17  1  0  0  0  0
  4 18  1  0  0  0  0
  6 19  1  0  0  0  0
  9 20  1  0  0  0  0
  9 21  1  0  0  0  0
 11 22  1  0  0  0  0
 12 23  1  0  0  0  0
 13 24  1  0  0  0  0
 14 25  1  0  0  0  0
 15 26  1  0  0  0  0
M  END
$$$$
