 
WItclserve11290013453D 0   0.00000     0.00000cramer
 
 47 49  0  0  0  0  0  0  0  0  1 V2000
   -0.8945    1.8504   -0.2055 O   0  0  0  0  0  0  0  0  0  0  0  0
   -0.4405    0.5333    0.2943 P   0  0  0  0  0  0  0  0  0  0  0  0
   -1.6476   -0.1885    1.0779 O   0  0  0  0  0  0  0  0  0  0  0  0
   -2.7328   -0.1362    0.2615 C   0  0  0  0  0  0  0  0  0  0  0  0
   -2.7653   -0.8938   -0.9005 C   0  0  0  0  0  0  0  0  0  0  0  0
   -3.8694   -0.8389   -1.7286 C   0  0  0  0  0  0  0  0  0  0  0  0
   -4.9416   -0.0294   -1.4007 C   0  0  0  0  0  0  0  0  0  0  0  0
   -4.9114    0.7267   -0.2437 C   0  0  0  0  0  0  0  0  0  0  0  0
   -3.8121    0.6702    0.5914 C   0  0  0  0  0  0  0  0  0  0  0  0
   -3.7799    1.4947    1.8524 C   0  0  0  0  0  0  0  0  0  0  0  0
    0.0171   -0.3833   -0.9477 O   0  0  0  0  0  0  0  0  0  0  0  0
    0.6048   -1.4906   -0.4231 C   0  0  0  0  0  0  0  0  0  0  0  0
   -0.0768   -2.2661    0.5039 C   0  0  0  0  0  0  0  0  0  0  0  0
    0.5228   -3.3910    1.0357 C   0  0  0  0  0  0  0  0  0  0  0  0
    1.8015   -3.7445    0.6453 C   0  0  0  0  0  0  0  0  0  0  0  0
    2.4828   -2.9733   -0.2778 C   0  0  0  0  0  0  0  0  0  0  0  0
    1.8849   -1.8507   -0.8177 C   0  0  0  0  0  0  0  0  0  0  0  0
    2.6283   -1.0105   -1.8239 C   0  0  0  0  0  0  0  0  0  0  0  0
    0.8028    0.7391    1.2963 O   0  0  0  0  0  0  0  0  0  0  0  0
    1.7644    1.3991    0.5987 C   0  0  0  0  0  0  0  0  0  0  0  0
    1.4774    2.6192    0.0037 C   0  0  0  0  0  0  0  0  0  0  0  0
    2.4564    3.2881   -0.7048 C   0  0  0  0  0  0  0  0  0  0  0  0
    3.7217    2.7423   -0.8217 C   0  0  0  0  0  0  0  0  0  0  0  0
    4.0100    1.5266   -0.2302 C   0  0  0  0  0  0  0  0  0  0  0  0
    3.0360    0.8568    0.4851 C   0  0  0  0  0  0  0  0  0  0  0  0
    3.3510   -0.4685    1.1297 C   0  0  0  0  0  0  0  0  0  0  0  0
   -1.9279   -1.5256   -1.1574 H   0  0  0  0  0  0  0  0  0  0  0  0
   -3.8953   -1.4283   -2.6332 H   0  0  0  0  0  0  0  0  0  0  0  0
   -5.8039    0.0124   -2.0497 H   0  0  0  0  0  0  0  0  0  0  0  0
   -5.7499    1.3584    0.0100 H   0  0  0  0  0  0  0  0  0  0  0  0
   -4.2052    0.9186    2.6742 H   0  0  0  0  0  0  0  0  0  0  0  0
   -2.7487    1.7575    2.0884 H   0  0  0  0  0  0  0  0  0  0  0  0
   -4.3624    2.4044    1.7068 H   0  0  0  0  0  0  0  0  0  0  0  0
   -1.0751   -1.9901    0.8097 H   0  0  0  0  0  0  0  0  0  0  0  0
   -0.0073   -3.9949    1.7572 H   0  0  0  0  0  0  0  0  0  0  0  0
    2.2687   -4.6243    1.0625 H   0  0  0  0  0  0  0  0  0  0  0  0
    3.4815   -3.2512   -0.5809 H   0  0  0  0  0  0  0  0  0  0  0  0
    2.3581   -1.3264   -2.8315 H   0  0  0  0  0  0  0  0  0  0  0  0
    2.3630    0.0380   -1.6885 H   0  0  0  0  0  0  0  0  0  0  0  0
    3.7014   -1.1353   -1.6795 H   0  0  0  0  0  0  0  0  0  0  0  0
    0.4892    3.0455    0.0941 H   0  0  0  0  0  0  0  0  0  0  0  0
    2.2336    4.2378   -1.1681 H   0  0  0  0  0  0  0  0  0  0  0  0
    4.4858    3.2667   -1.3764 H   0  0  0  0  0  0  0  0  0  0  0  0
    4.9988    1.1023   -0.3233 H   0  0  0  0  0  0  0  0  0  0  0  0
    3.6933   -0.3034    2.1513 H   0  0  0  0  0  0  0  0  0  0  0  0
    2.4546   -1.0885    1.1426 H   0  0  0  0  0  0  0  0  0  0  0  0
    4.1330   -0.9722    0.5614 H   0  0  0  0  0  0  0  0  0  0  0  0
  1  2  2  0  0  0  0
  2  3  1  0  0  0  0
  3  4  1  0  0  0  0
  4  5  1  0  0  0  0
  5  6  2  0  0  0  0
  6  7  1  0  0  0  0
  7  8  2  0  0  0  0
  8  9  1  0  0  0  0
  4  9  2  0  0  0  0
  9 10  1  0  0  0  0
  2 11  1  0  0  0  0
 11 12  1  0  0  0  0
 12 13  1  0  0  0  0
 13 14  2  0  0  0  0
 14 15  1  0  0  0  0
 15 16  2  0  0  0  0
 16 17  1  0  0  0  0
 12 17  2  0  0  0  0
 17 18  1  0  0  0  0
  2 19  1  0  0  0  0
 19 20  1  0  0  0  0
 20 21  1  0  0  0  0
 21 22  2  0  0  0  0
 22 23  1  0  0  0  0
 23 24  2  0  0  0  0
 24 25  1  0  0  0  0
 20 25  2  0  0  0  0
 25 26  1  0  0  0  0
  5 27  1  0  0  0  0
  6 28  1  0  0  0  0
  7 29  1  0  0  0  0
  8 30  1  0  0  0  0
 10 31  1  0  0  0  0
 10 32  1  0  0  0  0
 10 33  1  0  0  0  0
 13 34  1  0  0  0  0
 14 35  1  0  0  0  0
 15 36  1  0  0  0  0
 16 37  1  0  0  0  0
 18 38  1  0  0  0  0
 18 39  1  0  0  0  0
 18 40  1  0  0  0  0
 21 41  1  0  0  0  0
 22 42  1  0  0  0  0
 23 43  1  0  0  0  0
 24 44  1  0  0  0  0
 26 45  1  0  0  0  0
 26 46  1  0  0  0  0
 26 47  1  0  0  0  0
M  END
$$$$
