 
WItclserve11290013453D 0   0.00000     0.00000cramer
 
 11 11  0  0  0  0  0  0  0  0  1 V2000
    0.0144    2.0813   -1.4803 Cl  0  0  0  0  0  0  0  0  0  0  0  0
    0.0074    1.0519   -0.0001 C   0  0  0  0  0  0  0  0  0  0  0  0
    0.0136    2.0836    1.4786 Cl  0  0  0  0  0  0  0  0  0  0  0  0
   -1.1998    0.1410    0.0003 C   0  0  0  0  0  0  0  0  0  0  0  0
   -2.8653    0.6308    0.0001 Cl  0  0  0  0  0  0  0  0  0  0  0  0
   -0.7407   -1.1073    0.0002 C   0  0  0  0  0  0  0  0  0  0  0  0
   -1.7391   -2.5275    0.0006 Cl  0  0  0  0  0  0  0  0  0  0  0  0
    0.7247   -1.1178   -0.0001 C   0  0  0  0  0  0  0  0  0  0  0  0
    1.7028   -2.5520   -0.0004 Cl  0  0  0  0  0  0  0  0  0  0  0  0
    1.2030    0.1258    0.0009 C   0  0  0  0  0  0  0  0  0  0  0  0
    2.8755    0.5909    0.0011 Cl  0  0  0  0  0  0  0  0  0  0  0  0
  1  2  1  0  0  0  0
  2  3  1  0  0  0  0
  2  4  1  0  0  0  0
  4  5  1  0  0  0  0
  4  6  2  0  0  0  0
  6  7  1  0  0  0  0
  6  8  1  0  0  0  0
  8  9  1  0  0  0  0
  8 10  2  0  0  0  0
  2 10  1  0  0  0  0
 10 11  1  0  0  0  0
M  END
$$$$
