 
WItclserve11290013453D 0   0.00000     0.00000cramer
 
 53 55  0  0  0  0  0  0  0  0  1 V2000
   -4.8526    2.7892   -0.3190 C   0  0  0  0  0  0  0  0  0  0  0  0
   -4.1432    1.4826   -0.0727 C   0  0  0  0  0  0  0  0  0  0  0  0
   -2.8726    1.5364    0.2102 C   0  0  0  0  0  0  0  0  0  0  0  0
   -2.0903    0.2996    0.4974 C   0  0  0  0  0  0  0  0  0  0  0  0
   -0.6577    0.3370    0.0611 C   0  0  0  0  0  0  0  0  0  0  0  0
    0.0590    1.5199    0.1708 C   0  0  0  0  0  0  0  0  0  0  0  0
   -0.5473    2.6342    0.6583 O   0  0  0  0  0  0  0  0  0  0  0  0
    1.3897    1.5717   -0.2134 C   0  0  0  0  0  0  0  0  0  0  0  0
    2.0000    0.4338   -0.7059 C   0  0  0  0  0  0  0  0  0  0  0  0
    3.4487    0.4774   -1.1184 C   0  0  0  0  0  0  0  0  0  0  0  0
    4.3312    0.1233    0.0802 C   0  0  0  0  0  0  0  0  0  0  0  0
    5.8021    0.1675   -0.3387 C   0  0  0  0  0  0  0  0  0  0  0  0
    6.6846   -0.1866    0.8600 C   0  0  0  0  0  0  0  0  0  0  0  0
    8.1555   -0.1424    0.4411 C   0  0  0  0  0  0  0  0  0  0  0  0
    1.2890   -0.7395   -0.8204 C   0  0  0  0  0  0  0  0  0  0  0  0
   -0.0567   -0.8056   -0.4451 C   0  0  0  0  0  0  0  0  0  0  0  0
   -0.6790   -1.9910   -0.6334 O   0  0  0  0  0  0  0  0  0  0  0  0
   -1.8975   -2.1106    0.0882 C   0  0  0  0  0  0  0  0  0  0  0  0
   -2.6335   -3.3770   -0.3539 C   0  0  0  0  0  0  0  0  0  0  0  0
   -1.6009   -2.1865    1.5873 C   0  0  0  0  0  0  0  0  0  0  0  0
   -2.7602   -0.8902   -0.2036 C   0  0  0  0  0  0  0  0  0  0  0  0
   -4.1828   -0.9950    0.3327 C   0  0  0  0  0  0  0  0  0  0  0  0
   -4.9585    0.2293   -0.1676 C   0  0  0  0  0  0  0  0  0  0  0  0
   -4.1455    3.6120   -0.2139 H   0  0  0  0  0  0  0  0  0  0  0  0
   -5.2673    2.7930   -1.3270 H   0  0  0  0  0  0  0  0  0  0  0  0
   -5.6581    2.9075    0.4057 H   0  0  0  0  0  0  0  0  0  0  0  0
   -2.3762    2.4952    0.2370 H   0  0  0  0  0  0  0  0  0  0  0  0
   -2.1190    0.1148    1.5713 H   0  0  0  0  0  0  0  0  0  0  0  0
   -0.4148    2.6280    1.6161 H   0  0  0  0  0  0  0  0  0  0  0  0
    1.9451    2.4941   -0.1289 H   0  0  0  0  0  0  0  0  0  0  0  0
    3.6199   -0.2408   -1.9204 H   0  0  0  0  0  0  0  0  0  0  0  0
    3.6968    1.4793   -1.4689 H   0  0  0  0  0  0  0  0  0  0  0  0
    4.1601    0.8414    0.8821 H   0  0  0  0  0  0  0  0  0  0  0  0
    4.0832   -0.8786    0.4306 H   0  0  0  0  0  0  0  0  0  0  0  0
    5.9733   -0.5506   -1.1406 H   0  0  0  0  0  0  0  0  0  0  0  0
    6.0501    1.1694   -0.6891 H   0  0  0  0  0  0  0  0  0  0  0  0
    6.5134    0.5315    1.6619 H   0  0  0  0  0  0  0  0  0  0  0  0
    6.4366   -1.1885    1.2104 H   0  0  0  0  0  0  0  0  0  0  0  0
    8.3266   -0.8605   -0.3608 H   0  0  0  0  0  0  0  0  0  0  0  0
    8.4035    0.8595    0.0907 H   0  0  0  0  0  0  0  0  0  0  0  0
    8.7842   -0.3947    1.2950 H   0  0  0  0  0  0  0  0  0  0  0  0
    1.7777   -1.6221   -1.2058 H   0  0  0  0  0  0  0  0  0  0  0  0
   -2.0087   -4.2480   -0.1565 H   0  0  0  0  0  0  0  0  0  0  0  0
   -3.5676   -3.4667    0.2006 H   0  0  0  0  0  0  0  0  0  0  0  0
   -2.8486   -3.3184   -1.4209 H   0  0  0  0  0  0  0  0  0  0  0  0
   -0.9732   -3.0543    1.7900 H   0  0  0  0  0  0  0  0  0  0  0  0
   -1.0814   -1.2811    1.9011 H   0  0  0  0  0  0  0  0  0  0  0  0
   -2.5366   -2.2781    2.1386 H   0  0  0  0  0  0  0  0  0  0  0  0
   -2.7866   -0.7116   -1.2785 H   0  0  0  0  0  0  0  0  0  0  0  0
   -4.6511   -1.9076   -0.0358 H   0  0  0  0  0  0  0  0  0  0  0  0
   -4.1682   -0.9994    1.4226 H   0  0  0  0  0  0  0  0  0  0  0  0
   -5.8646    0.3433    0.4275 H   0  0  0  0  0  0  0  0  0  0  0  0
   -5.2371    0.0718   -1.2096 H   0  0  0  0  0  0  0  0  0  0  0  0
  1  2  1  0  0  0  0
  2  3  2  0  0  0  0
  3  4  1  0  0  0  0
  4  5  1  0  0  0  0
  5  6  1  0  0  0  0
  6  7  1  0  0  0  0
  6  8  2  0  0  0  0
  8  9  1  0  0  0  0
  9 10  1  0  0  0  0
 10 11  1  0  0  0  0
 11 12  1  0  0  0  0
 12 13  1  0  0  0  0
 13 14  1  0  0  0  0
  9 15  2  0  0  0  0
 15 16  1  0  0  0  0
  5 16  2  0  0  0  0
 16 17  1  0  0  0  0
 17 18  1  0  0  0  0
 18 19  1  0  0  0  0
 18 20  1  0  0  0  0
 18 21  1  0  0  0  0
  4 21  1  0  0  0  0
 21 22  1  0  0  0  0
 22 23  1  0  0  0  0
  2 23  1  0  0  0  0
  1 24  1  0  0  0  0
  1 25  1  0  0  0  0
  1 26  1  0  0  0  0
  3 27  1  0  0  0  0
  4 28  1  0  0  0  0
  7 29  1  0  0  0  0
  8 30  1  0  0  0  0
 10 31  1  0  0  0  0
 10 32  1  0  0  0  0
 11 33  1  0  0  0  0
 11 34  1  0  0  0  0
 12 35  1  0  0  0  0
 12 36  1  0  0  0  0
 13 37  1  0  0  0  0
 13 38  1  0  0  0  0
 14 39  1  0  0  0  0
 14 40  1  0  0  0  0
 14 41  1  0  0  0  0
 15 42  1  0  0  0  0
 19 43  1  0  0  0  0
 19 44  1  0  0  0  0
 19 45  1  0  0  0  0
 20 46  1  0  0  0  0
 20 47  1  0  0  0  0
 20 48  1  0  0  0  0
 21 49  1  0  0  0  0
 22 50  1  0  0  0  0
 22 51  1  0  0  0  0
 23 52  1  0  0  0  0
 23 53  1  0  0  0  0
M  END
$$$$
