 
WItclserve11290013453D 0   0.00000     0.00000cramer
 
 33 34  0  0  0  0  0  0  0  0  2 V2000
   -2.4849    0.3994   -1.4215 N   0  0  0  0  0  0  0  0  0  0  0  0
   -3.6148    0.3161   -0.6904 C   0  0  0  0  0  0  0  0  0  0  0  0
   -4.6993    0.5041   -1.2116 O   0  0  0  0  0  0  0  0  0  0  0  0
   -3.5288    0.0076    0.6886 C   0  0  0  0  0  0  0  0  0  0  0  0
   -4.7765   -0.0919    1.5281 C   0  0  0  0  0  0  0  0  0  0  0  0
   -2.3141   -0.1967    1.2416 C   0  0  0  0  0  0  0  0  0  0  0  0
   -1.1915   -0.1028    0.4649 N   0  0  0  0  0  0  0  0  0  0  0  0
   -1.2868    0.1910   -0.8446 C   0  0  0  0  0  0  0  0  0  0  0  0
   -0.2764    0.2690   -1.5164 O   0  0  0  0  0  0  0  0  0  0  0  0
    0.1266   -0.3240    1.0649 C   0  0  0  0  0  0  0  0  0  0  0  0
    0.8118   -1.4080    0.4016 O   0  0  0  0  0  0  0  0  0  0  0  0
    2.2149   -1.2417    0.6657 C   0  0  0  0  0  0  0  0  0  0  0  0
    3.0305   -1.7079   -0.5419 C   0  0  0  0  0  0  0  0  0  0  0  0
    2.7847   -3.0960   -0.7755 O   0  0  0  0  0  0  0  0  0  0  0  0
    2.4593    0.2592    0.9152 C   0  0  0  0  0  0  0  0  0  0  0  0
    3.3454    0.8122   -0.1121 N   0  0  0  0  0  0  0  0  0  0  0  0
    3.6301    1.8991   -0.0829 N   0  3  0  0  0  0  0  0  0  0  0  0
    3.9149    2.9861   -0.0537 N   0  0  0  0  0  0  0  0  0  0  0  0
    1.0512    0.8947    0.8155 C   0  0  0  0  0  0  0  0  0  0  0  0
   -2.5359    0.6063   -2.3677 H   0  0  0  0  0  0  0  0  0  0  0  0
   -5.6497    0.1039    0.9057 H   0  0  0  0  0  0  0  0  0  0  0  0
   -4.8499   -1.0932    1.9524 H   0  0  0  0  0  0  0  0  0  0  0  0
   -4.7322    0.6416    2.3331 H   0  0  0  0  0  0  0  0  0  0  0  0
   -2.2289   -0.4326    2.2921 H   0  0  0  0  0  0  0  0  0  0  0  0
    0.0323   -0.5253    2.1320 H   0  0  0  0  0  0  0  0  0  0  0  0
    2.4968   -1.8170    1.5476 H   0  0  0  0  0  0  0  0  0  0  0  0
    2.7380   -1.1341   -1.4213 H   0  0  0  0  0  0  0  0  0  0  0  0
    4.0915   -1.5549   -0.3447 H   0  0  0  0  0  0  0  0  0  0  0  0
    3.3163   -3.3488   -1.5427 H   0  0  0  0  0  0  0  0  0  0  0  0
    2.8820    0.4172    1.9075 H   0  0  0  0  0  0  0  0  0  0  0  0
    3.3705    3.6426   -0.5156 H   0  0  0  0  0  0  0  0  0  0  0  0
    0.8830    1.3140   -0.1765 H   0  0  0  0  0  0  0  0  0  0  0  0
    0.9113    1.6532    1.5857 H   0  0  0  0  0  0  0  0  0  0  0  0
  1  2  1  0  0  0  0
  2  3  2  0  0  0  0
  2  4  1  0  0  0  0
  4  5  1  0  0  0  0
  4  6  2  0  0  0  0
  6  7  1  0  0  0  0
  7  8  1  0  0  0  0
  1  8  1  0  0  0  0
  8  9  2  0  0  0  0
  7 10  1  0  0  0  0
 10 11  1  0  0  0  0
 11 12  1  0  0  0  0
 12 13  1  0  0  0  0
 13 14  1  0  0  0  0
 12 15  1  0  0  0  0
 15 16  1  0  0  0  0
 16 17  2  0  0  0  0
 17 18  2  0  0  0  0
 15 19  1  0  0  0  0
 10 19  1  0  0  0  0
  1 20  1  0  0  0  0
  5 21  1  0  0  0  0
  5 22  1  0  0  0  0
  5 23  1  0  0  0  0
  6 24  1  0  0  0  0
 10 25  1  0  0  0  0
 12 26  1  0  0  0  0
 13 27  1  0  0  0  0
 13 28  1  0  0  0  0
 14 29  1  0  0  0  0
 15 30  1  0  0  0  0
 18 31  1  0  0  0  0
 19 32  1  0  0  0  0
 19 33  1  0  0  0  0
M  CHG  1  17   1
M  END
$$$$
