 
WItclserve11290013453D 0   0.00000     0.00000cramer
 
 38 41  0  0  0  0  0  0  0  0  1 V2000
    0.0018    0.2612   -0.4454 C   0  0  0  0  0  0  0  0  0  0  0  0
    0.0124    0.7551   -1.8128 O   0  0  0  0  0  0  0  0  0  0  0  0
    0.0361    2.0982   -1.7930 C   0  0  0  0  0  0  0  0  0  0  0  0
    0.0496    2.8076   -2.7789 O   0  0  0  0  0  0  0  0  0  0  0  0
    0.0429    2.5870   -0.4021 C   0  0  0  0  0  0  0  0  0  0  0  0
    0.0221    1.4767    0.4469 C   0  0  0  0  0  0  0  0  0  0  0  0
    0.0228    1.6465    1.8114 C   0  0  0  0  0  0  0  0  0  0  0  0
    0.0443    2.9229    2.3494 C   0  0  0  0  0  0  0  0  0  0  0  0
    0.0650    4.0286    1.5181 C   0  0  0  0  0  0  0  0  0  0  0  0
    0.0644    3.8698    0.1474 C   0  0  0  0  0  0  0  0  0  0  0  0
   -1.2481   -0.5428   -0.1956 C   0  0  0  0  0  0  0  0  0  0  0  0
   -1.8259   -1.2591   -1.2279 C   0  0  0  0  0  0  0  0  0  0  0  0
   -2.9718   -1.9964   -1.0017 C   0  0  0  0  0  0  0  0  0  0  0  0
   -3.5429   -2.0183    0.2627 C   0  0  0  0  0  0  0  0  0  0  0  0
   -4.6701   -2.7433    0.4879 O   0  0  0  0  0  0  0  0  0  0  0  0
   -2.9612   -1.2994    1.2965 C   0  0  0  0  0  0  0  0  0  0  0  0
   -1.8120   -0.5676    1.0663 C   0  0  0  0  0  0  0  0  0  0  0  0
    1.2218   -0.5865   -0.1923 C   0  0  0  0  0  0  0  0  0  0  0  0
    1.7767   -1.3228   -1.2230 C   0  0  0  0  0  0  0  0  0  0  0  0
    2.8946   -2.1008   -0.9935 C   0  0  0  0  0  0  0  0  0  0  0  0
    3.4612   -2.1429    0.2724 C   0  0  0  0  0  0  0  0  0  0  0  0
    4.5614   -2.9073    0.5006 O   0  0  0  0  0  0  0  0  0  0  0  0
    2.9030   -1.4031    1.3045 C   0  0  0  0  0  0  0  0  0  0  0  0
    1.7878   -0.6223    1.0685 C   0  0  0  0  0  0  0  0  0  0  0  0
    0.0064    0.7855    2.4632 H   0  0  0  0  0  0  0  0  0  0  0  0
    0.0445    3.0553    3.4213 H   0  0  0  0  0  0  0  0  0  0  0  0
    0.0816    5.0209    1.9441 H   0  0  0  0  0  0  0  0  0  0  0  0
    0.0809    4.7355   -0.4982 H   0  0  0  0  0  0  0  0  0  0  0  0
   -1.3810   -1.2417   -2.2118 H   0  0  0  0  0  0  0  0  0  0  0  0
   -3.4230   -2.5550   -1.8083 H   0  0  0  0  0  0  0  0  0  0  0  0
   -4.3847   -3.6278    0.7550 H   0  0  0  0  0  0  0  0  0  0  0  0
   -3.4040   -1.3146    2.2814 H   0  0  0  0  0  0  0  0  0  0  0  0
   -1.3585   -0.0079    1.8710 H   0  0  0  0  0  0  0  0  0  0  0  0
    1.3353   -1.2897   -2.2081 H   0  0  0  0  0  0  0  0  0  0  0  0
    3.3271   -2.6763   -1.7986 H   0  0  0  0  0  0  0  0  0  0  0  0
    5.3311   -2.3479    0.3282 H   0  0  0  0  0  0  0  0  0  0  0  0
    3.3419   -1.4345    2.2907 H   0  0  0  0  0  0  0  0  0  0  0  0
    1.3530   -0.0458    1.8716 H   0  0  0  0  0  0  0  0  0  0  0  0
  1  2  1  0  0  0  0
  2  3  1  0  0  0  0
  3  4  2  0  0  0  0
  3  5  1  0  0  0  0
  5  6  1  0  0  0  0
  1  6  1  0  0  0  0
  6  7  2  0  0  0  0
  7  8  1  0  0  0  0
  8  9  2  0  0  0  0
  9 10  1  0  0  0  0
  5 10  2  0  0  0  0
  1 11  1  0  0  0  0
 11 12  1  0  0  0  0
 12 13  2  0  0  0  0
 13 14  1  0  0  0  0
 14 15  1  0  0  0  0
 14 16  2  0  0  0  0
 16 17  1  0  0  0  0
 11 17  2  0  0  0  0
  1 18  1  0  0  0  0
 18 19  1  0  0  0  0
 19 20  2  0  0  0  0
 20 21  1  0  0  0  0
 21 22  1  0  0  0  0
 21 23  2  0  0  0  0
 23 24  1  0  0  0  0
 18 24  2  0  0  0  0
  7 25  1  0  0  0  0
  8 26  1  0  0  0  0
  9 27  1  0  0  0  0
 10 28  1  0  0  0  0
 12 29  1  0  0  0  0
 13 30  1  0  0  0  0
 15 31  1  0  0  0  0
 16 32  1  0  0  0  0
 17 33  1  0  0  0  0
 19 34  1  0  0  0  0
 20 35  1  0  0  0  0
 22 36  1  0  0  0  0
 23 37  1  0  0  0  0
 24 38  1  0  0  0  0
M  END
$$$$
