 
WItclserve11290013453D 0   0.00000     0.00000cramer
 
 22 22  0  0  0  0  0  0  0  0  1 V2000
    1.9780   -1.3835    0.1959 C   0  0  0  0  0  0  0  0  0  0  0  0
    2.4568   -2.8008    0.3770 C   0  0  0  0  0  0  0  0  0  0  0  0
    2.8783   -0.3859   -0.1293 C   0  0  0  0  0  0  0  0  0  0  0  0
    2.4392    0.9141   -0.2953 C   0  0  0  0  0  0  0  0  0  0  0  0
    3.4206    2.0015   -0.6493 C   0  0  0  0  0  0  0  0  0  0  0  0
    1.0994    1.2167   -0.1371 C   0  0  0  0  0  0  0  0  0  0  0  0
    0.1993    0.2194    0.1875 C   0  0  0  0  0  0  0  0  0  0  0  0
    0.6379   -1.0818    0.3493 C   0  0  0  0  0  0  0  0  0  0  0  0
   -1.5080    0.6051    0.3897 S   0  0  0  0  0  0  0  0  0  0  0  0
   -2.0438   -0.4291    1.2036 O   0  0  0  0  0  0  0  0  0  0  0  0
   -1.5576    1.9940    0.6860 O   0  0  0  0  0  0  0  0  0  0  0  0
   -2.1740    0.4484   -0.9698 O   0  0  0  0  0  0  0  0  0  0  0  0
   -2.7926   -1.4391   -1.0931 Na  0  0  0  0  0  0  0  0  0  0  0  0
    2.7318   -2.9610    1.4195 H   0  0  0  0  0  0  0  0  0  0  0  0
    1.6599   -3.4916    0.1013 H   0  0  0  0  0  0  0  0  0  0  0  0
    3.3249   -2.9751   -0.2587 H   0  0  0  0  0  0  0  0  0  0  0  0
    3.9248   -0.6224   -0.2532 H   0  0  0  0  0  0  0  0  0  0  0  0
    3.4979    2.0823   -1.7336 H   0  0  0  0  0  0  0  0  0  0  0  0
    3.0757    2.9502   -0.2380 H   0  0  0  0  0  0  0  0  0  0  0  0
    4.3980    1.7586   -0.2324 H   0  0  0  0  0  0  0  0  0  0  0  0
    0.7563    2.2325   -0.2669 H   0  0  0  0  0  0  0  0  0  0  0  0
   -0.0654   -1.8611    0.6030 H   0  0  0  0  0  0  0  0  0  0  0  0
  1  2  1  0  0  0  0
  1  3  1  0  0  0  0
  3  4  2  0  0  0  0
  4  5  1  0  0  0  0
  4  6  1  0  0  0  0
  6  7  2  0  0  0  0
  7  8  1  0  0  0  0
  1  8  2  0  0  0  0
  7  9  1  0  0  0  0
  9 10  2  0  0  0  0
  9 11  2  0  0  0  0
  9 12  1  0  0  0  0
 12 13  1  0  0  0  0
  2 14  1  0  0  0  0
  2 15  1  0  0  0  0
  2 16  1  0  0  0  0
  3 17  1  0  0  0  0
  5 18  1  0  0  0  0
  5 19  1  0  0  0  0
  5 20  1  0  0  0  0
  6 21  1  0  0  0  0
  8 22  1  0  0  0  0
M  END
$$$$
