 
WItclserve11290013453D 0   0.00000     0.00000cramer
 
 13 12  0  0  0  0  0  0  0  0  1 V2000
    0.4107    0.0000    0.3294 C   0  0  0  0  0  0  0  0  0  0  0  0
    1.2117   -1.2492   -0.0433 C   0  0  0  0  0  0  0  0  0  0  0  0
    1.2117    1.2492   -0.0430 C   0  0  0  0  0  0  0  0  0  0  0  0
   -0.8971    0.0000   -0.4194 C   0  0  0  0  0  0  0  0  0  0  0  0
   -1.9407    0.0000    0.1882 O   0  0  0  0  0  0  0  0  0  0  0  0
    0.2155   -0.0001    1.4017 H   0  0  0  0  0  0  0  0  0  0  0  0
    1.4070   -1.2491   -1.1156 H   0  0  0  0  0  0  0  0  0  0  0  0
    2.1576   -1.2493    0.4983 H   0  0  0  0  0  0  0  0  0  0  0  0
    0.6411   -2.1392    0.2221 H   0  0  0  0  0  0  0  0  0  0  0  0
    2.1576    1.2492    0.4985 H   0  0  0  0  0  0  0  0  0  0  0  0
    1.4070    1.2493   -1.1154 H   0  0  0  0  0  0  0  0  0  0  0  0
    0.6411    2.1392    0.2224 H   0  0  0  0  0  0  0  0  0  0  0  0
   -0.9010    0.0001   -1.4994 H   0  0  0  0  0  0  0  0  0  0  0  0
  1  2  1  0  0  0  0
  1  3  1  0  0  0  0
  1  4  1  0  0  0  0
  4  5  2  0  0  0  0
  1  6  1  0  0  0  0
  2  7  1  0  0  0  0
  2  8  1  0  0  0  0
  2  9  1  0  0  0  0
  3 10  1  0  0  0  0
  3 11  1  0  0  0  0
  3 12  1  0  0  0  0
  4 13  1  0  0  0  0
M  END
$$$$
