 
WItclserve11290013453D 0   0.00000     0.00000cramer
 
 10  9  0  0  0  0  0  0  0  0  1 V2000
    1.0803    0.0040    0.8655 C   0  0  0  0  0  0  0  0  0  0  0  0
    1.8236   -1.1859    0.5942 O   0  0  0  0  0  0  0  0  0  0  0  0
    1.8692    1.1462    0.5265 O   0  0  0  0  0  0  0  0  0  0  0  0
   -0.2029    0.0049    0.0323 C   0  0  0  0  0  0  0  0  0  0  0  0
   -1.1983   -1.4363    0.4601 Cl  0  0  0  0  0  0  0  0  0  0  0  0
   -1.1408    1.5062    0.3746 Cl  0  0  0  0  0  0  0  0  0  0  0  0
    0.2182   -0.0542   -1.7199 Cl  0  0  0  0  0  0  0  0  0  0  0  0
    0.8257    0.0397    1.9248 H   0  0  0  0  0  0  0  0  0  0  0  0
    2.0281   -1.1783   -0.3509 H   0  0  0  0  0  0  0  0  0  0  0  0
    2.6663    1.1074    1.0726 H   0  0  0  0  0  0  0  0  0  0  0  0
  1  2  1  0  0  0  0
  1  3  1  0  0  0  0
  1  4  1  0  0  0  0
  4  5  1  0  0  0  0
  4  6  1  0  0  0  0
  4  7  1  0  0  0  0
  1  8  1  0  0  0  0
  2  9  1  0  0  0  0
  3 10  1  0  0  0  0
M  END
$$$$
