 
WItclserve11290013443D 0   0.00000     0.00000cramer
 
  9  8  0  0  0  0  0  0  0  0  1 V2000
   -0.1920   -0.1951   -0.0001 C   0  0  0  0  0  0  0  0  0  0  0  0
   -1.2889    0.5859    0.0001 O   0  0  0  0  0  0  0  0  0  0  0  0
   -3.0991   -0.2407   -0.0001 Na  0  0  0  0  0  0  0  0  0  0  0  0
    1.0362    0.3658    0.0001 C   0  0  0  0  0  0  0  0  0  0  0  0
    2.1815   -0.4498   -0.0002 C   0  0  0  0  0  0  0  0  0  0  0  0
    3.2866    0.0548    0.0000 O   0  0  0  0  0  0  0  0  0  0  0  0
   -0.2947   -1.2702    0.0040 H   0  0  0  0  0  0  0  0  0  0  0  0
    1.1389    1.4409    0.0004 H   0  0  0  0  0  0  0  0  0  0  0  0
    2.0789   -1.5249   -0.0005 H   0  0  0  0  0  0  0  0  0  0  0  0
  1  2  1  0  0  0  0
  2  3  1  0  0  0  0
  1  4  2  0  0  0  0
  4  5  1  0  0  0  0
  5  6  2  0  0  0  0
  1  7  1  0  0  0  0
  4  8  1  0  0  0  0
  5  9  1  0  0  0  0
M  END
$$$$
