 
WItclserve11290013443D 0   0.00000     0.00000cramer
 
 37 36  0  0  0  0  0  0  0  0  1 V2000
    3.5300    0.8815    1.8665 C   0  0  0  0  0  0  0  0  0  0  0  0
    2.9949   -0.4968    1.4730 C   0  0  0  0  0  0  0  0  0  0  0  0
    2.9901   -0.6203    0.0132 N   0  0  0  0  0  0  0  0  0  0  0  0
    4.1665   -1.1499   -0.6809 C   0  0  0  0  0  0  0  0  0  0  0  0
    5.1300   -0.0045   -0.9983 C   0  0  0  0  0  0  0  0  0  0  0  0
    1.9035   -0.2467   -0.6911 C   0  0  0  0  0  0  0  0  0  0  0  0
    1.8750   -0.4080   -1.8974 O   0  0  0  0  0  0  0  0  0  0  0  0
    0.7595    0.3521   -0.0068 C   0  0  0  0  0  0  0  0  0  0  0  0
    0.6423    2.0778    0.1410 Cl  0  0  0  0  0  0  0  0  0  0  0  0
   -0.2021   -0.4335    0.5083 C   0  0  0  0  0  0  0  0  0  0  0  0
   -0.0404   -1.9317    0.4917 C   0  0  0  0  0  0  0  0  0  0  0  0
   -1.3119    0.1194    1.0401 O   0  0  0  0  0  0  0  0  0  0  0  0
   -2.4495    0.0658   -0.0979 P   0  0  0  0  0  0  0  0  0  0  0  0
   -1.9435    0.7072   -1.3320 O   0  0  0  0  0  0  0  0  0  0  0  0
   -2.8278   -1.4683   -0.4068 O   0  0  0  0  0  0  0  0  0  0  0  0
   -3.3074   -2.0299    0.8166 C   0  0  0  0  0  0  0  0  0  0  0  0
   -3.7594    0.8486    0.4154 O   0  0  0  0  0  0  0  0  0  0  0  0
   -4.7272    0.7660   -0.6327 C   0  0  0  0  0  0  0  0  0  0  0  0
    3.5335    0.9734    2.9526 H   0  0  0  0  0  0  0  0  0  0  0  0
    4.5457    0.9984    1.4886 H   0  0  0  0  0  0  0  0  0  0  0  0
    2.8920    1.6547    1.4385 H   0  0  0  0  0  0  0  0  0  0  0  0
    3.6329   -1.2700    1.9010 H   0  0  0  0  0  0  0  0  0  0  0  0
    1.9792   -0.6136    1.8509 H   0  0  0  0  0  0  0  0  0  0  0  0
    4.6665   -1.8794   -0.0438 H   0  0  0  0  0  0  0  0  0  0  0  0
    3.8553   -1.6305   -1.6084 H   0  0  0  0  0  0  0  0  0  0  0  0
    5.4962    0.4304   -0.0683 H   0  0  0  0  0  0  0  0  0  0  0  0
    5.9711   -0.3870   -1.5765 H   0  0  0  0  0  0  0  0  0  0  0  0
    4.6091    0.7589   -1.5761 H   0  0  0  0  0  0  0  0  0  0  0  0
    0.9473   -2.1863    0.1075 H   0  0  0  0  0  0  0  0  0  0  0  0
   -0.1474   -2.3199    1.5046 H   0  0  0  0  0  0  0  0  0  0  0  0
   -0.8042   -2.3725   -0.1489 H   0  0  0  0  0  0  0  0  0  0  0  0
   -3.5774   -3.0736    0.6561 H   0  0  0  0  0  0  0  0  0  0  0  0
   -2.5268   -1.9690    1.5749 H   0  0  0  0  0  0  0  0  0  0  0  0
   -4.1838   -1.4753    1.1520 H   0  0  0  0  0  0  0  0  0  0  0  0
   -5.6365    1.2849   -0.3294 H   0  0  0  0  0  0  0  0  0  0  0  0
   -4.3272    1.2306   -1.5340 H   0  0  0  0  0  0  0  0  0  0  0  0
   -4.9561   -0.2804   -0.8343 H   0  0  0  0  0  0  0  0  0  0  0  0
  1  2  1  0  0  0  0
  2  3  1  0  0  0  0
  3  4  1  0  0  0  0
  4  5  1  0  0  0  0
  3  6  1  0  0  0  0
  6  7  2  0  0  0  0
  6  8  1  0  0  0  0
  8  9  1  0  0  0  0
  8 10  2  0  0  0  0
 10 11  1  0  0  0  0
 10 12  1  0  0  0  0
 12 13  1  0  0  0  0
 13 14  2  0  0  0  0
 13 15  1  0  0  0  0
 15 16  1  0  0  0  0
 13 17  1  0  0  0  0
 17 18  1  0  0  0  0
  1 19  1  0  0  0  0
  1 20  1  0  0  0  0
  1 21  1  0  0  0  0
  2 22  1  0  0  0  0
  2 23  1  0  0  0  0
  4 24  1  0  0  0  0
  4 25  1  0  0  0  0
  5 26  1  0  0  0  0
  5 27  1  0  0  0  0
  5 28  1  0  0  0  0
 11 29  1  0  0  0  0
 11 30  1  0  0  0  0
 11 31  1  0  0  0  0
 16 32  1  0  0  0  0
 16 33  1  0  0  0  0
 16 34  1  0  0  0  0
 18 35  1  0  0  0  0
 18 36  1  0  0  0  0
 18 37  1  0  0  0  0
M  END
$$$$
