 
WItclserve11290013443D 0   0.00000     0.00000cramer
 
 50 51  0  0  0  0  0  0  0  0  1 V2000
    2.6987   -2.3965    0.0991 C   0  0  0  0  0  0  0  0  0  0  0  0
    1.3042   -2.2742   -0.5185 C   0  0  0  0  0  0  0  0  0  0  0  0
    0.6933   -3.6678   -0.6784 C   0  0  0  0  0  0  0  0  0  0  0  0
    0.2490   -1.2720    0.5645 S   0  0  0  0  0  0  0  0  0  0  0  0
    0.7519    0.0559    0.6190 O   0  0  0  0  0  0  0  0  0  0  0  0
   -1.2938   -1.2955   -0.3894 C   0  0  0  0  0  0  0  0  0  0  0  0
   -2.3633   -0.4896    0.3506 C   0  0  0  0  0  0  0  0  0  0  0  0
   -3.6645   -0.5095   -0.4539 C   0  0  0  0  0  0  0  0  0  0  0  0
   -4.7340    0.2964    0.2862 C   0  0  0  0  0  0  0  0  0  0  0  0
   -6.0352    0.2766   -0.5184 C   0  0  0  0  0  0  0  0  0  0  0  0
   -7.1047    1.0825    0.2217 C   0  0  0  0  0  0  0  0  0  0  0  0
   -8.4059    1.0627   -0.5828 C   0  0  0  0  0  0  0  0  0  0  0  0
   -9.4754    1.8686    0.1572 C   0  0  0  0  0  0  0  0  0  0  0  0
    3.3004   -1.0238    0.2566 C   0  0  0  0  0  0  0  0  0  0  0  0
    3.0980   -0.3118    1.4242 C   0  0  0  0  0  0  0  0  0  0  0  0
    3.6483    0.9475    1.5737 C   0  0  0  0  0  0  0  0  0  0  0  0
    4.4046    1.4993    0.5524 C   0  0  0  0  0  0  0  0  0  0  0  0
    5.0461    2.6996    0.4482 O   0  0  0  0  0  0  0  0  0  0  0  0
    5.3014    2.8783   -0.9575 C   0  0  0  0  0  0  0  0  0  0  0  0
    5.3778    1.5330   -1.4650 O   0  0  0  0  0  0  0  0  0  0  0  0
    4.6086    0.7820   -0.6238 C   0  0  0  0  0  0  0  0  0  0  0  0
    4.0584   -0.4817   -0.7645 C   0  0  0  0  0  0  0  0  0  0  0  0
    2.6228   -2.8742    1.0759 H   0  0  0  0  0  0  0  0  0  0  0  0
    3.3327   -2.9986   -0.5517 H   0  0  0  0  0  0  0  0  0  0  0  0
    1.3801   -1.7964   -1.4953 H   0  0  0  0  0  0  0  0  0  0  0  0
    1.3273   -4.2700   -1.3292 H   0  0  0  0  0  0  0  0  0  0  0  0
    0.6174   -4.1455    0.2983 H   0  0  0  0  0  0  0  0  0  0  0  0
   -0.3002   -3.5807   -1.1184 H   0  0  0  0  0  0  0  0  0  0  0  0
   -1.1208   -0.8544   -1.3710 H   0  0  0  0  0  0  0  0  0  0  0  0
   -1.6319   -2.3249   -0.5082 H   0  0  0  0  0  0  0  0  0  0  0  0
   -2.5362   -0.9308    1.3323 H   0  0  0  0  0  0  0  0  0  0  0  0
   -2.0252    0.5398    0.4694 H   0  0  0  0  0  0  0  0  0  0  0  0
   -3.4915   -0.0683   -1.4355 H   0  0  0  0  0  0  0  0  0  0  0  0
   -4.0026   -1.5389   -0.5726 H   0  0  0  0  0  0  0  0  0  0  0  0
   -4.9069   -0.1447    1.2678 H   0  0  0  0  0  0  0  0  0  0  0  0
   -4.3959    1.3259    0.4049 H   0  0  0  0  0  0  0  0  0  0  0  0
   -5.8622    0.7178   -1.5000 H   0  0  0  0  0  0  0  0  0  0  0  0
   -6.3733   -0.7528   -0.6371 H   0  0  0  0  0  0  0  0  0  0  0  0
   -7.2777    0.6414    1.2033 H   0  0  0  0  0  0  0  0  0  0  0  0
   -6.7666    2.1119    0.3404 H   0  0  0  0  0  0  0  0  0  0  0  0
   -8.2330    1.5039   -1.5645 H   0  0  0  0  0  0  0  0  0  0  0  0
   -8.7440    0.0333   -0.7016 H   0  0  0  0  0  0  0  0  0  0  0  0
  -10.4024    1.8545   -0.4160 H   0  0  0  0  0  0  0  0  0  0  0  0
   -9.6484    1.4275    1.1388 H   0  0  0  0  0  0  0  0  0  0  0  0
   -9.1373    2.8980    0.2760 H   0  0  0  0  0  0  0  0  0  0  0  0
    2.5084   -0.7402    2.2213 H   0  0  0  0  0  0  0  0  0  0  0  0
    3.4882    1.5016    2.4867 H   0  0  0  0  0  0  0  0  0  0  0  0
    4.4817    3.4198   -1.4298 H   0  0  0  0  0  0  0  0  0  0  0  0
    6.2458    3.4002   -1.1120 H   0  0  0  0  0  0  0  0  0  0  0  0
    4.2192   -1.0423   -1.6735 H   0  0  0  0  0  0  0  0  0  0  0  0
  1  2  1  0  0  0  0
  2  3  1  0  0  0  0
  2  4  1  0  0  0  0
  4  5  2  0  0  0  0
  4  6  1  0  0  0  0
  6  7  1  0  0  0  0
  7  8  1  0  0  0  0
  8  9  1  0  0  0  0
  9 10  1  0  0  0  0
 10 11  1  0  0  0  0
 11 12  1  0  0  0  0
 12 13  1  0  0  0  0
  1 14  1  0  0  0  0
 14 15  1  0  0  0  0
 15 16  2  0  0  0  0
 16 17  1  0  0  0  0
 17 18  1  0  0  0  0
 18 19  1  0  0  0  0
 19 20  1  0  0  0  0
 20 21  1  0  0  0  0
 17 21  2  0  0  0  0
 21 22  1  0  0  0  0
 14 22  2  0  0  0  0
  1 23  1  0  0  0  0
  1 24  1  0  0  0  0
  2 25  1  0  0  0  0
  3 26  1  0  0  0  0
  3 27  1  0  0  0  0
  3 28  1  0  0  0  0
  6 29  1  0  0  0  0
  6 30  1  0  0  0  0
  7 31  1  0  0  0  0
  7 32  1  0  0  0  0
  8 33  1  0  0  0  0
  8 34  1  0  0  0  0
  9 35  1  0  0  0  0
  9 36  1  0  0  0  0
 10 37  1  0  0  0  0
 10 38  1  0  0  0  0
 11 39  1  0  0  0  0
 11 40  1  0  0  0  0
 12 41  1  0  0  0  0
 12 42  1  0  0  0  0
 13 43  1  0  0  0  0
 13 44  1  0  0  0  0
 13 45  1  0  0  0  0
 15 46  1  0  0  0  0
 16 47  1  0  0  0  0
 19 48  1  0  0  0  0
 19 49  1  0  0  0  0
 22 50  1  0  0  0  0
M  END
$$$$
