 
WItclserve11290013443D 0   0.00000     0.00000cramer
 
 28 29  0  0  0  0  0  0  0  0  1 V2000
   -0.0138   -0.7589   -0.8701 C   0  0  0  0  0  0  0  0  0  0  0  0
   -1.2398    0.0590   -0.5554 C   0  0  0  0  0  0  0  0  0  0  0  0
   -2.2691    0.1431   -1.4747 C   0  0  0  0  0  0  0  0  0  0  0  0
   -3.3936    0.8930   -1.1867 C   0  0  0  0  0  0  0  0  0  0  0  0
   -3.4896    1.5593    0.0222 C   0  0  0  0  0  0  0  0  0  0  0  0
   -4.9021    2.5010    0.3850 Cl  0  0  0  0  0  0  0  0  0  0  0  0
   -2.4597    1.4744    0.9418 C   0  0  0  0  0  0  0  0  0  0  0  0
   -1.3374    0.7201    0.6546 C   0  0  0  0  0  0  0  0  0  0  0  0
    1.2208    0.0607   -0.5958 C   0  0  0  0  0  0  0  0  0  0  0  0
    2.0222   -0.2393    0.4901 C   0  0  0  0  0  0  0  0  0  0  0  0
    3.1545    0.5119    0.7421 C   0  0  0  0  0  0  0  0  0  0  0  0
    3.4862    1.5642   -0.0929 C   0  0  0  0  0  0  0  0  0  0  0  0
    4.9087    2.5079    0.2226 Cl  0  0  0  0  0  0  0  0  0  0  0  0
    2.6842    1.8636   -1.1795 C   0  0  0  0  0  0  0  0  0  0  0  0
    1.5545    1.1084   -1.4333 C   0  0  0  0  0  0  0  0  0  0  0  0
    0.0015   -2.0129    0.0063 C   0  0  0  0  0  0  0  0  0  0  0  0
   -0.1954   -1.5404    1.7351 Cl  0  0  0  0  0  0  0  0  0  0  0  0
   -1.3526   -3.1007   -0.4774 Cl  0  0  0  0  0  0  0  0  0  0  0  0
    1.5705   -2.8754   -0.2060 Cl  0  0  0  0  0  0  0  0  0  0  0  0
   -0.0309   -1.0498   -1.9204 H   0  0  0  0  0  0  0  0  0  0  0  0
   -2.1941   -0.3770   -2.4183 H   0  0  0  0  0  0  0  0  0  0  0  0
   -4.1972    0.9592   -1.9052 H   0  0  0  0  0  0  0  0  0  0  0  0
   -2.5339    1.9945    1.8854 H   0  0  0  0  0  0  0  0  0  0  0  0
   -0.5334    0.6534    1.3726 H   0  0  0  0  0  0  0  0  0  0  0  0
    1.7632   -1.0607    1.1418 H   0  0  0  0  0  0  0  0  0  0  0  0
    3.7801    0.2778    1.5908 H   0  0  0  0  0  0  0  0  0  0  0  0
    2.9425    2.6850   -1.8314 H   0  0  0  0  0  0  0  0  0  0  0  0
    0.9284    1.3419   -2.2818 H   0  0  0  0  0  0  0  0  0  0  0  0
  1  2  1  0  0  0  0
  2  3  1  0  0  0  0
  3  4  2  0  0  0  0
  4  5  1  0  0  0  0
  5  6  1  0  0  0  0
  5  7  2  0  0  0  0
  7  8  1  0  0  0  0
  2  8  2  0  0  0  0
  1  9  1  0  0  0  0
  9 10  1  0  0  0  0
 10 11  2  0  0  0  0
 11 12  1  0  0  0  0
 12 13  1  0  0  0  0
 12 14  2  0  0  0  0
 14 15  1  0  0  0  0
  9 15  2  0  0  0  0
  1 16  1  0  0  0  0
 16 17  1  0  0  0  0
 16 18  1  0  0  0  0
 16 19  1  0  0  0  0
  1 20  1  0  0  0  0
  3 21  1  0  0  0  0
  4 22  1  0  0  0  0
  7 23  1  0  0  0  0
  8 24  1  0  0  0  0
 10 25  1  0  0  0  0
 11 26  1  0  0  0  0
 14 27  1  0  0  0  0
 15 28  1  0  0  0  0
M  END
$$$$
