 
WItclserve11290013443D 0   0.00000     0.00000cramer
 
 27 27  0  0  0  0  0  0  0  0  1 V2000
   -2.8345   -1.3040    0.3484 O   0  0  0  0  0  0  0  0  0  0  0  0
   -2.8268   -0.1360    0.0108 C   0  0  0  0  0  0  0  0  0  0  0  0
   -1.6881    0.4282   -0.4382 N   0  0  0  0  0  0  0  0  0  0  0  0
   -0.4739   -0.2577   -0.3211 C   0  0  0  0  0  0  0  0  0  0  0  0
   -0.4514   -1.6456   -0.3670 C   0  0  0  0  0  0  0  0  0  0  0  0
    0.7485   -2.3194   -0.2515 C   0  0  0  0  0  0  0  0  0  0  0  0
    1.9268   -1.6136   -0.0899 C   0  0  0  0  0  0  0  0  0  0  0  0
    1.9077   -0.2319   -0.0434 C   0  0  0  0  0  0  0  0  0  0  0  0
    0.7115    0.4482   -0.1645 C   0  0  0  0  0  0  0  0  0  0  0  0
    3.1940    0.5331    0.1333 C   0  0  0  0  0  0  0  0  0  0  0  0
    4.2621   -0.3656    0.2259 F   0  0  0  0  0  0  0  0  0  0  0  0
    3.3889    1.3776   -0.9649 F   0  0  0  0  0  0  0  0  0  0  0  0
    3.1249    1.2976    1.3030 F   0  0  0  0  0  0  0  0  0  0  0  0
   -3.9582    0.5931    0.0805 N   0  0  0  0  0  0  0  0  0  0  0  0
   -5.1636    0.0190    0.6836 C   0  0  0  0  0  0  0  0  0  0  0  0
   -3.9827    1.9596   -0.4470 C   0  0  0  0  0  0  0  0  0  0  0  0
   -1.7103    1.3096   -0.8426 H   0  0  0  0  0  0  0  0  0  0  0  0
   -1.3713   -2.1973   -0.4924 H   0  0  0  0  0  0  0  0  0  0  0  0
    0.7667   -3.3986   -0.2872 H   0  0  0  0  0  0  0  0  0  0  0  0
    2.8639   -2.1429    0.0005 H   0  0  0  0  0  0  0  0  0  0  0  0
    0.6972    1.5275   -0.1284 H   0  0  0  0  0  0  0  0  0  0  0  0
   -4.9588   -0.2490    1.7201 H   0  0  0  0  0  0  0  0  0  0  0  0
   -5.9705    0.7511    0.6503 H   0  0  0  0  0  0  0  0  0  0  0  0
   -5.4582   -0.8720    0.1293 H   0  0  0  0  0  0  0  0  0  0  0  0
   -2.9771    2.2495   -0.7518 H   0  0  0  0  0  0  0  0  0  0  0  0
   -4.6504    2.0051   -1.3073 H   0  0  0  0  0  0  0  0  0  0  0  0
   -4.3387    2.6410    0.3257 H   0  0  0  0  0  0  0  0  0  0  0  0
  1  2  2  0  0  0  0
  2  3  1  0  0  0  0
  3  4  1  0  0  0  0
  4  5  1  0  0  0  0
  5  6  2  0  0  0  0
  6  7  1  0  0  0  0
  7  8  2  0  0  0  0
  8  9  1  0  0  0  0
  4  9  2  0  0  0  0
  8 10  1  0  0  0  0
 10 11  1  0  0  0  0
 10 12  1  0  0  0  0
 10 13  1  0  0  0  0
  2 14  1  0  0  0  0
 14 15  1  0  0  0  0
 14 16  1  0  0  0  0
  3 17  1  0  0  0  0
  5 18  1  0  0  0  0
  6 19  1  0  0  0  0
  7 20  1  0  0  0  0
  9 21  1  0  0  0  0
 15 22  1  0  0  0  0
 15 23  1  0  0  0  0
 15 24  1  0  0  0  0
 16 25  1  0  0  0  0
 16 26  1  0  0  0  0
 16 27  1  0  0  0  0
M  END
$$$$
