 
WItclserve11290013443D 0   0.00000     0.00000cramer
 
 28 28  0  0  0  0  0  0  0  0  1 V2000
   -3.3467   -0.1623    0.1258 C   0  0  0  0  0  0  0  0  0  0  0  0
   -4.3084    0.4145   -0.6119 O   0  0  0  0  0  0  0  0  0  0  0  0
   -3.6423   -0.8310    1.0877 O   0  0  0  0  0  0  0  0  0  0  0  0
   -1.8985    0.0191   -0.2495 C   0  0  0  0  0  0  0  0  0  0  0  0
   -1.4764   -1.0963   -1.2079 C   0  0  0  0  0  0  0  0  0  0  0  0
   -1.7221    1.3214   -0.9057 N   0  0  0  0  0  0  0  0  0  0  0  0
   -1.0339   -0.0378    1.0116 C   0  0  0  0  0  0  0  0  0  0  0  0
    0.4143    0.1436    0.6364 C   0  0  0  0  0  0  0  0  0  0  0  0
    0.9628    1.4120    0.5965 C   0  0  0  0  0  0  0  0  0  0  0  0
    2.2908    1.5836    0.2528 C   0  0  0  0  0  0  0  0  0  0  0  0
    3.0754    0.4830   -0.0521 C   0  0  0  0  0  0  0  0  0  0  0  0
    4.3821    0.6500   -0.3899 O   0  0  0  0  0  0  0  0  0  0  0  0
    2.5234   -0.7938   -0.0115 C   0  0  0  0  0  0  0  0  0  0  0  0
    3.2893   -1.8772   -0.3100 O   0  0  0  0  0  0  0  0  0  0  0  0
    1.1929   -0.9592    0.3384 C   0  0  0  0  0  0  0  0  0  0  0  0
   -5.2379    0.2948   -0.3734 H   0  0  0  0  0  0  0  0  0  0  0  0
   -1.6073   -2.0627   -0.7209 H   0  0  0  0  0  0  0  0  0  0  0  0
   -2.0923   -1.0558   -2.1063 H   0  0  0  0  0  0  0  0  0  0  0  0
   -0.4289   -0.9651   -1.4793 H   0  0  0  0  0  0  0  0  0  0  0  0
   -2.3832    1.3543   -1.6673 H   0  0  0  0  0  0  0  0  0  0  0  0
   -2.0111    2.0229   -0.2405 H   0  0  0  0  0  0  0  0  0  0  0  0
   -1.3346    0.7568    1.6944 H   0  0  0  0  0  0  0  0  0  0  0  0
   -1.1648   -1.0042    1.4986 H   0  0  0  0  0  0  0  0  0  0  0  0
    0.3524    2.2707    0.8339 H   0  0  0  0  0  0  0  0  0  0  0  0
    2.7167    2.5756    0.2217 H   0  0  0  0  0  0  0  0  0  0  0  0
    4.8906    0.6086    0.4315 H   0  0  0  0  0  0  0  0  0  0  0  0
    3.6870   -2.1754    0.5195 H   0  0  0  0  0  0  0  0  0  0  0  0
    0.7621   -1.9490    0.3707 H   0  0  0  0  0  0  0  0  0  0  0  0
  1  2  1  0  0  0  0
  1  3  2  0  0  0  0
  1  4  1  0  0  0  0
  4  5  1  0  0  0  0
  4  6  1  0  0  0  0
  4  7  1  0  0  0  0
  7  8  1  0  0  0  0
  8  9  1  0  0  0  0
  9 10  2  0  0  0  0
 10 11  1  0  0  0  0
 11 12  1  0  0  0  0
 11 13  2  0  0  0  0
 13 14  1  0  0  0  0
 13 15  1  0  0  0  0
  8 15  2  0  0  0  0
  2 16  1  0  0  0  0
  5 17  1  0  0  0  0
  5 18  1  0  0  0  0
  5 19  1  0  0  0  0
  6 20  1  0  0  0  0
  6 21  1  0  0  0  0
  7 22  1  0  0  0  0
  7 23  1  0  0  0  0
  9 24  1  0  0  0  0
 10 25  1  0  0  0  0
 12 26  1  0  0  0  0
 14 27  1  0  0  0  0
 15 28  1  0  0  0  0
M  END
$$$$
