 
WItclserve11290013453D 0   0.00000     0.00000cramer
 
  8  7  0  0  0  0  0  0  0  0  1 V2000
   -0.1905   -0.9127    0.0000 C   0  0  0  0  0  0  0  0  0  0  0  0
   -1.7204    0.0413    0.0000 Cl  0  0  0  0  0  0  0  0  0  0  0  0
    0.9875    0.0271    0.0000 C   0  0  0  0  0  0  0  0  0  0  0  0
    2.2371   -0.4631    0.0000 O   0  0  0  0  0  0  0  0  0  0  0  0
    0.8072    1.2218    0.0000 O   0  0  0  0  0  0  0  0  0  0  0  0
   -0.1541   -1.5410    0.8900 H   0  0  0  0  0  0  0  0  0  0  0  0
   -0.1541   -1.5410   -0.8900 H   0  0  0  0  0  0  0  0  0  0  0  0
    2.9931    0.1400    0.0000 H   0  0  0  0  0  0  0  0  0  0  0  0
  1  2  1  0  0  0  0
  1  3  1  0  0  0  0
  3  4  1  0  0  0  0
  3  5  2  0  0  0  0
  1  6  1  0  0  0  0
  1  7  1  0  0  0  0
  4  8  1  0  0  0  0
M  END
$$$$
