 
WItclserve11290013453D 0   0.00000     0.00000cramer
 
 36 38  0  0  0  0  0  0  0  0  2 V2000
    0.4508   -0.4191   -0.0031 N   0  0  0  0  0  0  0  0  0  0  0  0
   -0.6515    0.2511   -0.0053 N   0  0  0  0  0  0  0  0  0  0  0  0
   -1.8502   -0.4051   -0.0033 C   0  0  0  0  0  0  0  0  0  0  0  0
   -1.8859   -1.8026    0.0012 C   0  0  0  0  0  0  0  0  0  0  0  0
   -3.0992   -2.4577    0.0031 C   0  0  0  0  0  0  0  0  0  0  0  0
   -4.2798   -1.7352    0.0007 C   0  0  0  0  0  0  0  0  0  0  0  0
   -5.6017   -2.4588    0.0033 C   0  0  0  0  0  0  0  0  0  0  0  0
   -4.2524   -0.3517   -0.0037 C   0  0  0  0  0  0  0  0  0  0  0  0
   -3.0463    0.3176    0.0001 C   0  0  0  0  0  0  0  0  0  0  0  0
   -3.0191    1.7976   -0.0046 N   0  3  0  0  0  0  0  0  0  0  0  0
   -4.0625    2.4259   -0.0119 O   0  0  0  0  0  0  0  0  0  0  0  0
   -1.9532    2.3871   -0.0012 O   0  5  0  0  0  0  0  0  0  0  0  0
    1.6426    0.2334   -0.0051 C   0  0  0  0  0  0  0  0  0  0  0  0
    1.6924    1.6301   -0.0095 C   0  0  0  0  0  0  0  0  0  0  0  0
    0.5400    2.3460   -0.0123 O   0  0  0  0  0  0  0  0  0  0  0  0
    2.9193    2.2920   -0.0106 C   0  0  0  0  0  0  0  0  0  0  0  0
    4.0981    1.6152   -0.0083 C   0  0  0  0  0  0  0  0  0  0  0  0
    4.1218    0.2090   -0.0043 C   0  0  0  0  0  0  0  0  0  0  0  0
    5.3353   -0.4993   -0.0021 C   0  0  0  0  0  0  0  0  0  0  0  0
    5.3206   -1.8612    0.0019 C   0  0  0  0  0  0  0  0  0  0  0  0
    4.1193   -2.5653    0.0037 C   0  0  0  0  0  0  0  0  0  0  0  0
    2.9236   -1.9095    0.0016 C   0  0  0  0  0  0  0  0  0  0  0  0
    2.9020   -0.5103    0.0036 C   0  0  0  0  0  0  0  0  0  0  0  0
   -0.9655   -2.3676    0.0027 H   0  0  0  0  0  0  0  0  0  0  0  0
   -3.1284   -3.5373    0.0062 H   0  0  0  0  0  0  0  0  0  0  0  0
   -5.9203   -2.6297    1.0316 H   0  0  0  0  0  0  0  0  0  0  0  0
   -6.3478   -1.8544   -0.5125 H   0  0  0  0  0  0  0  0  0  0  0  0
   -5.4930   -3.4157   -0.5071 H   0  0  0  0  0  0  0  0  0  0  0  0
   -5.1776    0.2054   -0.0056 H   0  0  0  0  0  0  0  0  0  0  0  0
    0.3022    2.4964    0.9128 H   0  0  0  0  0  0  0  0  0  0  0  0
    2.9336    3.3719   -0.0136 H   0  0  0  0  0  0  0  0  0  0  0  0
    5.0281    2.1642   -0.0100 H   0  0  0  0  0  0  0  0  0  0  0  0
    6.2748    0.0334   -0.0038 H   0  0  0  0  0  0  0  0  0  0  0  0
    6.2548   -2.4032    0.0032 H   0  0  0  0  0  0  0  0  0  0  0  0
    4.1347   -3.6451    0.0065 H   0  0  0  0  0  0  0  0  0  0  0  0
    1.9986   -2.4669    0.0030 H   0  0  0  0  0  0  0  0  0  0  0  0
  1  2  2  0  0  0  0
  2  3  1  0  0  0  0
  3  4  1  0  0  0  0
  4  5  2  0  0  0  0
  5  6  1  0  0  0  0
  6  7  1  0  0  0  0
  6  8  2  0  0  0  0
  8  9  1  0  0  0  0
  3  9  2  0  0  0  0
  9 10  1  0  0  0  0
 10 11  2  0  0  0  0
 10 12  1  0  0  0  0
  1 13  1  0  0  0  0
 13 14  1  0  0  0  0
 14 15  1  0  0  0  0
 14 16  2  0  0  0  0
 16 17  1  0  0  0  0
 17 18  2  0  0  0  0
 18 19  1  0  0  0  0
 19 20  2  0  0  0  0
 20 21  1  0  0  0  0
 21 22  2  0  0  0  0
 22 23  1  0  0  0  0
 13 23  2  0  0  0  0
 18 23  1  0  0  0  0
  4 24  1  0  0  0  0
  5 25  1  0  0  0  0
  7 26  1  0  0  0  0
  7 27  1  0  0  0  0
  7 28  1  0  0  0  0
  8 29  1  0  0  0  0
 15 30  1  0  0  0  0
 16 31  1  0  0  0  0
 17 32  1  0  0  0  0
 19 33  1  0  0  0  0
 20 34  1  0  0  0  0
 21 35  1  0  0  0  0
 22 36  1  0  0  0  0
M  CHG  2  10   1  12  -1
M  END
$$$$
