 
WItclserve11290013453D 0   0.00000     0.00000cramer
 
 26 26  0  0  0  0  0  0  0  0  1 V2000
   -1.6532   -0.6284    0.0038 C   0  0  0  0  0  0  0  0  0  0  0  0
   -1.6188   -2.1580   -0.0031 C   0  0  0  0  0  0  0  0  0  0  0  0
   -2.3814   -0.1291   -1.2458 C   0  0  0  0  0  0  0  0  0  0  0  0
   -2.3902   -0.1405    1.2526 C   0  0  0  0  0  0  0  0  0  0  0  0
   -0.2441   -0.0942    0.0112 C   0  0  0  0  0  0  0  0  0  0  0  0
    0.8259   -0.9681    0.0110 C   0  0  0  0  0  0  0  0  0  0  0  0
    2.1226   -0.4765    0.0174 C   0  0  0  0  0  0  0  0  0  0  0  0
    3.1758   -1.3367    0.0167 O   0  0  0  0  0  0  0  0  0  0  0  0
    2.3453    0.8926    0.0239 C   0  0  0  0  0  0  0  0  0  0  0  0
    1.2756    1.7662    0.0245 C   0  0  0  0  0  0  0  0  0  0  0  0
   -0.0215    1.2745    0.0124 C   0  0  0  0  0  0  0  0  0  0  0  0
   -1.0747    2.1347    0.0126 O   0  0  0  0  0  0  0  0  0  0  0  0
   -1.1000   -2.5137    0.8871 H   0  0  0  0  0  0  0  0  0  0  0  0
   -2.6380   -2.5444   -0.0085 H   0  0  0  0  0  0  0  0  0  0  0  0
   -1.0937   -2.5056   -0.8928 H   0  0  0  0  0  0  0  0  0  0  0  0
   -1.8563   -0.4767   -2.1355 H   0  0  0  0  0  0  0  0  0  0  0  0
   -3.4006   -0.5155   -1.2512 H   0  0  0  0  0  0  0  0  0  0  0  0
   -2.4059    0.9606   -1.2409 H   0  0  0  0  0  0  0  0  0  0  0  0
   -1.8715   -0.4962    2.1428 H   0  0  0  0  0  0  0  0  0  0  0  0
   -2.4148    0.9492    1.2575 H   0  0  0  0  0  0  0  0  0  0  0  0
   -3.4094   -0.5268    1.2473 H   0  0  0  0  0  0  0  0  0  0  0  0
    0.6525   -2.0341    0.0063 H   0  0  0  0  0  0  0  0  0  0  0  0
    3.3952   -1.5092   -0.9091 H   0  0  0  0  0  0  0  0  0  0  0  0
    3.3552    1.2755    0.0288 H   0  0  0  0  0  0  0  0  0  0  0  0
    1.4490    2.8322    0.0300 H   0  0  0  0  0  0  0  0  0  0  0  0
   -1.2853    2.3189   -0.9130 H   0  0  0  0  0  0  0  0  0  0  0  0
  1  2  1  0  0  0  0
  1  3  1  0  0  0  0
  1  4  1  0  0  0  0
  1  5  1  0  0  0  0
  5  6  1  0  0  0  0
  6  7  2  0  0  0  0
  7  8  1  0  0  0  0
  7  9  1  0  0  0  0
  9 10  2  0  0  0  0
 10 11  1  0  0  0  0
  5 11  2  0  0  0  0
 11 12  1  0  0  0  0
  2 13  1  0  0  0  0
  2 14  1  0  0  0  0
  2 15  1  0  0  0  0
  3 16  1  0  0  0  0
  3 17  1  0  0  0  0
  3 18  1  0  0  0  0
  4 19  1  0  0  0  0
  4 20  1  0  0  0  0
  4 21  1  0  0  0  0
  6 22  1  0  0  0  0
  8 23  1  0  0  0  0
  9 24  1  0  0  0  0
 10 25  1  0  0  0  0
 12 26  1  0  0  0  0
M  END
$$$$
