 
WItclserve11290013443D 0   0.00000     0.00000cramer
 
 12 12  0  0  0  0  0  0  0  0  1 V2000
   -0.8657    1.0777    0.0002 C   0  0  0  0  0  0  0  0  0  0  0  0
   -1.3661   -0.2111   -0.0001 C   0  0  0  0  0  0  0  0  0  0  0  0
   -0.5004   -1.2886    0.0001 C   0  0  0  0  0  0  0  0  0  0  0  0
    0.8659   -1.0775    0.0000 C   0  0  0  0  0  0  0  0  0  0  0  0
    1.3662    0.2109   -0.0006 C   0  0  0  0  0  0  0  0  0  0  0  0
    0.5002    1.2887    0.0007 C   0  0  0  0  0  0  0  0  0  0  0  0
   -1.5422    1.9196   -0.0044 H   0  0  0  0  0  0  0  0  0  0  0  0
   -2.4335   -0.3760    0.0000 H   0  0  0  0  0  0  0  0  0  0  0  0
   -0.8913   -2.2954    0.0006 H   0  0  0  0  0  0  0  0  0  0  0  0
    1.5424   -1.9194    0.0008 H   0  0  0  0  0  0  0  0  0  0  0  0
    2.4335    0.3758    0.0000 H   0  0  0  0  0  0  0  0  0  0  0  0
    0.8911    2.2955    0.0002 H   0  0  0  0  0  0  0  0  0  0  0  0
  1  2  1  0  0  0  0
  2  3  2  0  0  0  0
  3  4  1  0  0  0  0
  4  5  2  0  0  0  0
  5  6  1  0  0  0  0
  1  6  2  0  0  0  0
  1  7  1  0  0  0  0
  2  8  1  0  0  0  0
  3  9  1  0  0  0  0
  4 10  1  0  0  0  0
  5 11  1  0  0  0  0
  6 12  1  0  0  0  0
M  END
$$$$
