 
WItclserve11290013443D 0   0.00000     0.00000cramer
 
 36 38  0  0  0  0  0  0  0  0  1 V2000
    0.0034    0.0013   -0.6556 Sn  0  0  0  0  0  0  0  0  0  0  0  0
    0.0090    0.0105   -2.6556 O   0  0  0  0  0  0  0  0  0  0  0  0
    0.6066    1.9325    0.0716 C   0  0  0  0  0  0  0  0  0  0  0  0
   -0.3486    2.8630    0.4367 C   0  0  0  0  0  0  0  0  0  0  0  0
    0.0392    4.1045    0.9041 C   0  0  0  0  0  0  0  0  0  0  0  0
    1.3823    4.4158    1.0071 C   0  0  0  0  0  0  0  0  0  0  0  0
    2.3373    3.4853    0.6431 C   0  0  0  0  0  0  0  0  0  0  0  0
    1.9494    2.2418    0.1796 C   0  0  0  0  0  0  0  0  0  0  0  0
   -1.9766   -0.4452    0.0535 C   0  0  0  0  0  0  0  0  0  0  0  0
   -2.3111   -1.7413    0.3994 C   0  0  0  0  0  0  0  0  0  0  0  0
   -3.5839   -2.0283    0.8552 C   0  0  0  0  0  0  0  0  0  0  0  0
   -4.5225   -1.0191    0.9656 C   0  0  0  0  0  0  0  0  0  0  0  0
   -4.1879    0.2767    0.6207 C   0  0  0  0  0  0  0  0  0  0  0  0
   -2.9133    0.5646    0.1688 C   0  0  0  0  0  0  0  0  0  0  0  0
    1.3742   -1.4934    0.0580 C   0  0  0  0  0  0  0  0  0  0  0  0
    0.9434   -2.7939    0.2443 C   0  0  0  0  0  0  0  0  0  0  0  0
    1.8246   -3.7548    0.7031 C   0  0  0  0  0  0  0  0  0  0  0  0
    3.1370   -3.4156    0.9753 C   0  0  0  0  0  0  0  0  0  0  0  0
    3.5679   -2.1157    0.7882 C   0  0  0  0  0  0  0  0  0  0  0  0
    2.6875   -1.1555    0.3251 C   0  0  0  0  0  0  0  0  0  0  0  0
   -0.6171    0.6929   -2.9337 H   0  0  0  0  0  0  0  0  0  0  0  0
   -1.3978    2.6198    0.3562 H   0  0  0  0  0  0  0  0  0  0  0  0
   -0.7070    4.8316    1.1886 H   0  0  0  0  0  0  0  0  0  0  0  0
    1.6853    5.3862    1.3718 H   0  0  0  0  0  0  0  0  0  0  0  0
    3.3864    3.7286    0.7233 H   0  0  0  0  0  0  0  0  0  0  0  0
    2.6956    1.5147   -0.1049 H   0  0  0  0  0  0  0  0  0  0  0  0
   -1.5779   -2.5295    0.3131 H   0  0  0  0  0  0  0  0  0  0  0  0
   -3.8454   -3.0409    1.1247 H   0  0  0  0  0  0  0  0  0  0  0  0
   -5.5174   -1.2435    1.3211 H   0  0  0  0  0  0  0  0  0  0  0  0
   -4.9212    1.0649    0.7066 H   0  0  0  0  0  0  0  0  0  0  0  0
   -2.6518    1.5772   -0.1007 H   0  0  0  0  0  0  0  0  0  0  0  0
   -0.0817   -3.0588    0.0317 H   0  0  0  0  0  0  0  0  0  0  0  0
    1.4880   -4.7705    0.8493 H   0  0  0  0  0  0  0  0  0  0  0  0
    3.8254   -4.1662    1.3345 H   0  0  0  0  0  0  0  0  0  0  0  0
    4.5930   -1.8507    1.0011 H   0  0  0  0  0  0  0  0  0  0  0  0
    3.0242   -0.1398    0.1789 H   0  0  0  0  0  0  0  0  0  0  0  0
  1  2  1  0  0  0  0
  1  3  1  0  0  0  0
  3  4  1  0  0  0  0
  4  5  2  0  0  0  0
  5  6  1  0  0  0  0
  6  7  2  0  0  0  0
  7  8  1  0  0  0  0
  3  8  2  0  0  0  0
  1  9  1  0  0  0  0
  9 10  1  0  0  0  0
 10 11  2  0  0  0  0
 11 12  1  0  0  0  0
 12 13  2  0  0  0  0
 13 14  1  0  0  0  0
  9 14  2  0  0  0  0
  1 15  1  0  0  0  0
 15 16  1  0  0  0  0
 16 17  2  0  0  0  0
 17 18  1  0  0  0  0
 18 19  2  0  0  0  0
 19 20  1  0  0  0  0
 15 20  2  0  0  0  0
  2 21  1  0  0  0  0
  4 22  1  0  0  0  0
  5 23  1  0  0  0  0
  6 24  1  0  0  0  0
  7 25  1  0  0  0  0
  8 26  1  0  0  0  0
 10 27  1  0  0  0  0
 11 28  1  0  0  0  0
 12 29  1  0  0  0  0
 13 30  1  0  0  0  0
 14 31  1  0  0  0  0
 16 32  1  0  0  0  0
 17 33  1  0  0  0  0
 18 34  1  0  0  0  0
 19 35  1  0  0  0  0
 20 36  1  0  0  0  0
M  END
$$$$
