 
WItclserve11290013443D 0   0.00000     0.00000cramer
 
 15 15  0  0  0  0  0  0  0  0  1 V2000
    1.1203   -1.0632    0.0449 O   0  0  0  0  0  0  0  0  0  0  0  0
   -0.1086   -1.1665    0.8225 C   0  0  0  0  0  0  0  0  0  0  0  0
   -0.6518    0.0199    0.0145 C   0  0  0  0  0  0  0  0  0  0  0  0
   -1.3645   -0.3589   -1.2853 C   0  0  0  0  0  0  0  0  0  0  0  0
   -1.3929    1.0746    0.8388 C   0  0  0  0  0  0  0  0  0  0  0  0
    0.8376    0.2460   -0.1191 C   0  0  0  0  0  0  0  0  0  0  0  0
    1.5174    1.2279   -0.3025 O   0  0  0  0  0  0  0  0  0  0  0  0
   -0.6540   -2.0946    0.6516 H   0  0  0  0  0  0  0  0  0  0  0  0
    0.0273   -0.9454    1.8811 H   0  0  0  0  0  0  0  0  0  0  0  0
   -1.7127    0.5448   -1.7854 H   0  0  0  0  0  0  0  0  0  0  0  0
   -0.6721   -0.8913   -1.9374 H   0  0  0  0  0  0  0  0  0  0  0  0
   -2.2164   -1.0002   -1.0590 H   0  0  0  0  0  0  0  0  0  0  0  0
   -1.7390    1.8722    0.1815 H   0  0  0  0  0  0  0  0  0  0  0  0
   -2.2483    0.6142    1.3332 H   0  0  0  0  0  0  0  0  0  0  0  0
   -0.7192    1.4886    1.5890 H   0  0  0  0  0  0  0  0  0  0  0  0
  1  2  1  0  0  0  0
  2  3  1  0  0  0  0
  3  4  1  0  0  0  0
  3  5  1  0  0  0  0
  3  6  1  0  0  0  0
  1  6  1  0  0  0  0
  6  7  2  0  0  0  0
  2  8  1  0  0  0  0
  2  9  1  0  0  0  0
  4 10  1  0  0  0  0
  4 11  1  0  0  0  0
  4 12  1  0  0  0  0
  5 13  1  0  0  0  0
  5 14  1  0  0  0  0
  5 15  1  0  0  0  0
M  END
$$$$
