 
WItclserve11290013443D 0   0.00000     0.00000cramer
 
 23 24  0  0  0  0  0  0  0  0  1 V2000
    0.6200   -2.2873    0.4862 O   0  0  0  0  0  0  0  0  0  0  0  0
    1.1252   -1.2094    0.2535 C   0  0  0  0  0  0  0  0  0  0  0  0
    2.6038   -0.8807    0.1729 C   0  0  0  0  0  0  0  0  0  0  0  0
    2.6212    0.6005   -0.1419 C   0  0  0  0  0  0  0  0  0  0  0  0
    3.8442    1.4599   -0.3339 C   0  0  0  0  0  0  0  0  0  0  0  0
    1.4068    0.9843   -0.2147 N   0  0  0  0  0  0  0  0  0  0  0  0
    0.4940   -0.0429    0.0042 N   0  0  0  0  0  0  0  0  0  0  0  0
   -0.8967    0.1151   -0.0206 C   0  0  0  0  0  0  0  0  0  0  0  0
   -1.4787    1.2465    0.5369 C   0  0  0  0  0  0  0  0  0  0  0  0
   -2.8508    1.3996    0.5104 C   0  0  0  0  0  0  0  0  0  0  0  0
   -3.6455    0.4278   -0.0700 C   0  0  0  0  0  0  0  0  0  0  0  0
   -3.0694   -0.6998   -0.6253 C   0  0  0  0  0  0  0  0  0  0  0  0
   -1.6971   -0.8561   -0.6076 C   0  0  0  0  0  0  0  0  0  0  0  0
    3.0927   -1.0758    1.1273 H   0  0  0  0  0  0  0  0  0  0  0  0
    3.0800   -1.4485   -0.6264 H   0  0  0  0  0  0  0  0  0  0  0  0
    3.5385    2.4838   -0.5491 H   0  0  0  0  0  0  0  0  0  0  0  0
    4.4459    1.4438    0.5748 H   0  0  0  0  0  0  0  0  0  0  0  0
    4.4326    1.0738   -1.1662 H   0  0  0  0  0  0  0  0  0  0  0  0
   -0.8587    2.0055    0.9908 H   0  0  0  0  0  0  0  0  0  0  0  0
   -3.3039    2.2791    0.9436 H   0  0  0  0  0  0  0  0  0  0  0  0
   -4.7184    0.5497   -0.0891 H   0  0  0  0  0  0  0  0  0  0  0  0
   -3.6927   -1.4571   -1.0774 H   0  0  0  0  0  0  0  0  0  0  0  0
   -1.2477   -1.7371   -1.0415 H   0  0  0  0  0  0  0  0  0  0  0  0
  1  2  2  0  0  0  0
  2  3  1  0  0  0  0
  3  4  1  0  0  0  0
  4  5  1  0  0  0  0
  4  6  2  0  0  0  0
  6  7  1  0  0  0  0
  2  7  1  0  0  0  0
  7  8  1  0  0  0  0
  8  9  1  0  0  0  0
  9 10  2  0  0  0  0
 10 11  1  0  0  0  0
 11 12  2  0  0  0  0
 12 13  1  0  0  0  0
  8 13  2  0  0  0  0
  3 14  1  0  0  0  0
  3 15  1  0  0  0  0
  5 16  1  0  0  0  0
  5 17  1  0  0  0  0
  5 18  1  0  0  0  0
  9 19  1  0  0  0  0
 10 20  1  0  0  0  0
 11 21  1  0  0  0  0
 12 22  1  0  0  0  0
 13 23  1  0  0  0  0
M  END
$$$$
