 
WItclserve11290013443D 0   0.00000     0.00000cramer
 
 67 70  0  0  0  0  0  0  0  0  1 V2000
    5.2574   -1.8132   -0.4079 C   0  0  0  0  0  0  0  0  0  0  0  0
    3.8501   -1.6605    0.1629 C   0  0  0  0  0  0  0  0  0  0  0  0
    3.0878   -0.5497   -0.5690 C   0  0  0  0  0  0  0  0  0  0  0  0
    2.9017   -0.9363   -2.0309 C   0  0  0  0  0  0  0  0  0  0  0  0
    3.8802    0.7579   -0.4202 C   0  0  0  0  0  0  0  0  0  0  0  0
    5.2692    0.6126   -1.0323 C   0  0  0  0  0  0  0  0  0  0  0  0
    6.0288   -0.4988   -0.3043 C   0  0  0  0  0  0  0  0  0  0  0  0
    6.1910   -0.1444    1.0709 O   0  0  0  0  0  0  0  0  0  0  0  0
    3.1416    1.9513   -1.0122 C   0  0  0  0  0  0  0  0  0  0  0  0
    1.7620    2.1185   -0.3464 C   0  0  0  0  0  0  0  0  0  0  0  0
    1.0000    0.8240   -0.5859 C   0  0  0  0  0  0  0  0  0  0  0  0
    1.7484   -0.3164    0.1164 C   0  0  0  0  0  0  0  0  0  0  0  0
    0.8329   -1.5196    0.2440 C   0  0  0  0  0  0  0  0  0  0  0  0
   -0.2231   -1.2108    1.3259 C   0  0  0  0  0  0  0  0  0  0  0  0
   -0.6927    0.2144    1.2033 C   0  0  0  0  0  0  0  0  0  0  0  0
   -0.0010    1.0700    2.2801 C   0  0  0  0  0  0  0  0  0  0  0  0
   -2.2024    0.4582    1.3684 C   0  0  0  0  0  0  0  0  0  0  0  0
   -2.4043    1.8718    0.7597 C   0  0  0  0  0  0  0  0  0  0  0  0
   -1.1592    2.1549   -0.1220 C   0  0  0  0  0  0  0  0  0  0  0  0
   -0.4456    0.7967   -0.2004 C   0  0  0  0  0  0  0  0  0  0  0  0
   -3.0353   -0.5599    0.5973 C   0  0  0  0  0  0  0  0  0  0  0  0
   -3.2970   -1.7801    1.4824 C   0  0  0  0  0  0  0  0  0  0  0  0
   -4.3686    0.0728    0.1937 C   0  0  0  0  0  0  0  0  0  0  0  0
   -5.2303   -0.9678   -0.5243 C   0  0  0  0  0  0  0  0  0  0  0  0
   -6.5436   -0.3446   -0.9218 C   0  0  0  0  0  0  0  0  0  0  0  0
   -7.4647   -1.0756   -1.5690 O   0  0  0  0  0  0  0  0  0  0  0  0
   -6.7673    0.8131   -0.6579 O   0  0  0  0  0  0  0  0  0  0  0  0
    5.7908   -2.5805    0.1664 H   0  0  0  0  0  0  0  0  0  0  0  0
    5.2169   -2.1363   -1.4465 H   0  0  0  0  0  0  0  0  0  0  0  0
    3.3088   -2.6016    0.0451 H   0  0  0  0  0  0  0  0  0  0  0  0
    3.9086   -1.4145    1.2242 H   0  0  0  0  0  0  0  0  0  0  0  0
    2.3351   -1.8655   -2.0917 H   0  0  0  0  0  0  0  0  0  0  0  0
    2.3597   -0.1456   -2.5497 H   0  0  0  0  0  0  0  0  0  0  0  0
    3.8772   -1.0744   -2.4972 H   0  0  0  0  0  0  0  0  0  0  0  0
    4.0048    0.9475    0.6602 H   0  0  0  0  0  0  0  0  0  0  0  0
    5.2079    0.3875   -2.0927 H   0  0  0  0  0  0  0  0  0  0  0  0
    5.8161    1.5533   -0.9060 H   0  0  0  0  0  0  0  0  0  0  0  0
    7.0133   -0.6192   -0.7607 H   0  0  0  0  0  0  0  0  0  0  0  0
    6.6730   -0.8697    1.4914 H   0  0  0  0  0  0  0  0  0  0  0  0
    3.7239    2.8584   -0.8360 H   0  0  0  0  0  0  0  0  0  0  0  0
    3.0084    1.8211   -2.0832 H   0  0  0  0  0  0  0  0  0  0  0  0
    1.8943    2.2968    0.7161 H   0  0  0  0  0  0  0  0  0  0  0  0
    1.2367    2.9515   -0.8103 H   0  0  0  0  0  0  0  0  0  0  0  0
    1.0233    0.6468   -1.6748 H   0  0  0  0  0  0  0  0  0  0  0  0
    1.9970    0.0178    1.1384 H   0  0  0  0  0  0  0  0  0  0  0  0
    0.3332   -1.7152   -0.7063 H   0  0  0  0  0  0  0  0  0  0  0  0
    1.4064   -2.4000    0.5383 H   0  0  0  0  0  0  0  0  0  0  0  0
   -1.0369   -1.9273    1.2503 H   0  0  0  0  0  0  0  0  0  0  0  0
    0.2454   -1.3489    2.3136 H   0  0  0  0  0  0  0  0  0  0  0  0
    1.0796    1.0174    2.1472 H   0  0  0  0  0  0  0  0  0  0  0  0
   -0.3286    2.1054    2.1873 H   0  0  0  0  0  0  0  0  0  0  0  0
   -0.2643    0.6929    3.2683 H   0  0  0  0  0  0  0  0  0  0  0  0
   -2.4661    0.4603    2.4225 H   0  0  0  0  0  0  0  0  0  0  0  0
   -3.3062    1.8853    0.1489 H   0  0  0  0  0  0  0  0  0  0  0  0
   -2.4778    2.6118    1.5552 H   0  0  0  0  0  0  0  0  0  0  0  0
   -1.4693    2.4762   -1.1202 H   0  0  0  0  0  0  0  0  0  0  0  0
   -0.5241    2.9127    0.3310 H   0  0  0  0  0  0  0  0  0  0  0  0
   -0.9790    0.1784   -0.9473 H   0  0  0  0  0  0  0  0  0  0  0  0
   -2.4944   -0.8691   -0.2971 H   0  0  0  0  0  0  0  0  0  0  0  0
   -3.9906   -1.5094    2.2785 H   0  0  0  0  0  0  0  0  0  0  0  0
   -3.7289   -2.5796    0.8806 H   0  0  0  0  0  0  0  0  0  0  0  0
   -2.3579   -2.1205    1.9189 H   0  0  0  0  0  0  0  0  0  0  0  0
   -4.8891    0.4231    1.0850 H   0  0  0  0  0  0  0  0  0  0  0  0
   -4.1840    0.9146   -0.4737 H   0  0  0  0  0  0  0  0  0  0  0  0
   -4.7098   -1.3181   -1.4156 H   0  0  0  0  0  0  0  0  0  0  0  0
   -5.4148   -1.8096    0.1431 H   0  0  0  0  0  0  0  0  0  0  0  0
   -8.3074   -0.6757   -1.8241 H   0  0  0  0  0  0  0  0  0  0  0  0
  1  2  1  0  0  0  0
  2  3  1  0  0  0  0
  3  4  1  0  0  0  0
  3  5  1  0  0  0  0
  5  6  1  0  0  0  0
  6  7  1  0  0  0  0
  1  7  1  0  0  0  0
  7  8  1  0  0  0  0
  5  9  1  0  0  0  0
  9 10  1  0  0  0  0
 10 11  1  0  0  0  0
 11 12  1  0  0  0  0
  3 12  1  0  0  0  0
 12 13  1  0  0  0  0
 13 14  1  0  0  0  0
 14 15  1  0  0  0  0
 15 16  1  0  0  0  0
 15 17  1  0  0  0  0
 17 18  1  0  0  0  0
 18 19  1  0  0  0  0
 19 20  1  0  0  0  0
 11 20  1  0  0  0  0
 15 20  1  0  0  0  0
 17 21  1  0  0  0  0
 21 22  1  0  0  0  0
 21 23  1  0  0  0  0
 23 24  1  0  0  0  0
 24 25  1  0  0  0  0
 25 26  1  0  0  0  0
 25 27  2  0  0  0  0
  1 28  1  0  0  0  0
  1 29  1  0  0  0  0
  2 30  1  0  0  0  0
  2 31  1  0  0  0  0
  4 32  1  0  0  0  0
  4 33  1  0  0  0  0
  4 34  1  0  0  0  0
  5 35  1  0  0  0  0
  6 36  1  0  0  0  0
  6 37  1  0  0  0  0
  7 38  1  0  0  0  0
  8 39  1  0  0  0  0
  9 40  1  0  0  0  0
  9 41  1  0  0  0  0
 10 42  1  0  0  0  0
 10 43  1  0  0  0  0
 11 44  1  0  0  0  0
 12 45  1  0  0  0  0
 13 46  1  0  0  0  0
 13 47  1  0  0  0  0
 14 48  1  0  0  0  0
 14 49  1  0  0  0  0
 16 50  1  0  0  0  0
 16 51  1  0  0  0  0
 16 52  1  0  0  0  0
 17 53  1  0  0  0  0
 18 54  1  0  0  0  0
 18 55  1  0  0  0  0
 19 56  1  0  0  0  0
 19 57  1  0  0  0  0
 20 58  1  0  0  0  0
 21 59  1  0  0  0  0
 22 60  1  0  0  0  0
 22 61  1  0  0  0  0
 22 62  1  0  0  0  0
 23 63  1  0  0  0  0
 23 64  1  0  0  0  0
 24 65  1  0  0  0  0
 24 66  1  0  0  0  0
 26 67  1  0  0  0  0
M  END
$$$$
