 
WItclserve11290013443D 0   0.00000     0.00000cramer
 
 35 36  0  0  0  0  0  0  0  0  1 V2000
    2.9301   -0.9594   -0.3358 C   0  0  0  0  0  0  0  0  0  0  0  0
    1.5800   -1.2263   -0.2862 C   0  0  0  0  0  0  0  0  0  0  0  0
    0.6646   -0.1741   -0.1830 C   0  0  0  0  0  0  0  0  0  0  0  0
    1.1249    1.1458   -0.1306 C   0  0  0  0  0  0  0  0  0  0  0  0
    2.4762    1.4040   -0.1807 C   0  0  0  0  0  0  0  0  0  0  0  0
    3.3836    0.3544   -0.2835 C   0  0  0  0  0  0  0  0  0  0  0  0
    4.7533    0.6206   -0.3340 N   0  0  0  0  0  0  0  0  0  0  0  0
    5.6272   -0.2327    0.2358 C   0  0  0  0  0  0  0  0  0  0  0  0
    7.1093   -0.0150    0.0712 C   0  0  0  0  0  0  0  0  0  0  0  0
    5.2208   -1.1758    0.8811 O   0  0  0  0  0  0  0  0  0  0  0  0
   -0.6749   -0.4345   -0.1340 N   0  0  0  0  0  0  0  0  0  0  0  0
   -1.5178    0.5374   -0.0388 N   0  0  0  0  0  0  0  0  0  0  0  0
   -2.8568    0.2771    0.0102 C   0  0  0  0  0  0  0  0  0  0  0  0
   -3.3193   -1.0409   -0.0425 C   0  0  0  0  0  0  0  0  0  0  0  0
   -4.6727   -1.2964    0.0075 C   0  0  0  0  0  0  0  0  0  0  0  0
   -5.1704   -2.7178   -0.0489 C   0  0  0  0  0  0  0  0  0  0  0  0
   -5.5776   -0.2527    0.1096 C   0  0  0  0  0  0  0  0  0  0  0  0
   -5.1340    1.0549    0.1622 C   0  0  0  0  0  0  0  0  0  0  0  0
   -3.7767    1.3305    0.1195 C   0  0  0  0  0  0  0  0  0  0  0  0
   -3.3398    2.6147    0.1715 O   0  0  0  0  0  0  0  0  0  0  0  0
    3.6379   -1.7717   -0.4110 H   0  0  0  0  0  0  0  0  0  0  0  0
    1.2286   -2.2467   -0.3273 H   0  0  0  0  0  0  0  0  0  0  0  0
    0.4211    1.9611   -0.0512 H   0  0  0  0  0  0  0  0  0  0  0  0
    2.8324    2.4228   -0.1407 H   0  0  0  0  0  0  0  0  0  0  0  0
    5.0760    1.4197   -0.7793 H   0  0  0  0  0  0  0  0  0  0  0  0
    7.3654   -0.0441   -0.9879 H   0  0  0  0  0  0  0  0  0  0  0  0
    7.3819    0.9561    0.4844 H   0  0  0  0  0  0  0  0  0  0  0  0
    7.6525   -0.7995    0.5981 H   0  0  0  0  0  0  0  0  0  0  0  0
   -2.6173   -1.8577   -0.1225 H   0  0  0  0  0  0  0  0  0  0  0  0
   -5.2417   -3.1181    0.9624 H   0  0  0  0  0  0  0  0  0  0  0  0
   -6.1537   -2.7401   -0.5187 H   0  0  0  0  0  0  0  0  0  0  0  0
   -4.4757   -3.3231   -0.6312 H   0  0  0  0  0  0  0  0  0  0  0  0
   -6.6364   -0.4621    0.1481 H   0  0  0  0  0  0  0  0  0  0  0  0
   -5.8461    1.8630    0.2411 H   0  0  0  0  0  0  0  0  0  0  0  0
   -3.2105    2.8284    1.1057 H   0  0  0  0  0  0  0  0  0  0  0  0
  1  2  1  0  0  0  0
  2  3  2  0  0  0  0
  3  4  1  0  0  0  0
  4  5  2  0  0  0  0
  5  6  1  0  0  0  0
  1  6  2  0  0  0  0
  6  7  1  0  0  0  0
  7  8  1  0  0  0  0
  8  9  1  0  0  0  0
  8 10  2  0  0  0  0
  3 11  1  0  0  0  0
 11 12  2  0  0  0  0
 12 13  1  0  0  0  0
 13 14  1  0  0  0  0
 14 15  2  0  0  0  0
 15 16  1  0  0  0  0
 15 17  1  0  0  0  0
 17 18  2  0  0  0  0
 18 19  1  0  0  0  0
 13 19  2  0  0  0  0
 19 20  1  0  0  0  0
  1 21  1  0  0  0  0
  2 22  1  0  0  0  0
  4 23  1  0  0  0  0
  5 24  1  0  0  0  0
  7 25  1  0  0  0  0
  9 26  1  0  0  0  0
  9 27  1  0  0  0  0
  9 28  1  0  0  0  0
 14 29  1  0  0  0  0
 16 30  1  0  0  0  0
 16 31  1  0  0  0  0
 16 32  1  0  0  0  0
 17 33  1  0  0  0  0
 18 34  1  0  0  0  0
 20 35  1  0  0  0  0
M  END
$$$$
