 
WItclserve11290013443D 0   0.00000     0.00000cramer
 
 26 26  0  0  0  0  0  0  0  0  1 V2000
    1.0277   -0.0555   -0.1624 P   0  0  0  0  0  0  0  0  0  0  0  0
    1.6125   -0.3281   -1.4944 O   0  0  0  0  0  0  0  0  0  0  0  0
    1.1130   -1.3839    0.7432 O   0  0  0  0  0  0  0  0  0  0  0  0
    2.4977   -1.7186    0.8561 C   0  0  0  0  0  0  0  0  0  0  0  0
    1.8468    1.1334    0.5502 O   0  0  0  0  0  0  0  0  0  0  0  0
    1.7919    2.2580   -0.3298 C   0  0  0  0  0  0  0  0  0  0  0  0
   -0.5827    0.4004   -0.3394 N   0  0  0  0  0  0  0  0  0  0  0  0
   -1.1305    0.5493    1.0153 C   0  0  0  0  0  0  0  0  0  0  0  0
   -2.6377    0.7945    0.9331 C   0  0  0  0  0  0  0  0  0  0  0  0
   -3.2789   -0.3383    0.3472 O   0  0  0  0  0  0  0  0  0  0  0  0
   -2.7823   -0.4612   -0.9854 C   0  0  0  0  0  0  0  0  0  0  0  0
   -1.2788   -0.7385   -0.9525 C   0  0  0  0  0  0  0  0  0  0  0  0
    2.6060   -2.6167    1.4641 H   0  0  0  0  0  0  0  0  0  0  0  0
    2.9097   -1.9000   -0.1366 H   0  0  0  0  0  0  0  0  0  0  0  0
    3.0336   -0.8943    1.3268 H   0  0  0  0  0  0  0  0  0  0  0  0
    0.7535    2.5560   -0.4742 H   0  0  0  0  0  0  0  0  0  0  0  0
    2.3508    3.0869    0.1046 H   0  0  0  0  0  0  0  0  0  0  0  0
    2.2297    1.9888   -1.2911 H   0  0  0  0  0  0  0  0  0  0  0  0
   -0.9410   -0.3600    1.5857 H   0  0  0  0  0  0  0  0  0  0  0  0
   -0.6516    1.3944    1.5098 H   0  0  0  0  0  0  0  0  0  0  0  0
   -3.0338    0.9570    1.9355 H   0  0  0  0  0  0  0  0  0  0  0  0
   -2.8289    1.6760    0.3213 H   0  0  0  0  0  0  0  0  0  0  0  0
   -3.2918   -1.2835   -1.4878 H   0  0  0  0  0  0  0  0  0  0  0  0
   -2.9683    0.4654   -1.5285 H   0  0  0  0  0  0  0  0  0  0  0  0
   -0.9138   -0.8826   -1.9694 H   0  0  0  0  0  0  0  0  0  0  0  0
   -1.0882   -1.6383   -0.3675 H   0  0  0  0  0  0  0  0  0  0  0  0
  1  2  2  0  0  0  0
  1  3  1  0  0  0  0
  3  4  1  0  0  0  0
  1  5  1  0  0  0  0
  5  6  1  0  0  0  0
  1  7  1  0  0  0  0
  7  8  1  0  0  0  0
  8  9  1  0  0  0  0
  9 10  1  0  0  0  0
 10 11  1  0  0  0  0
 11 12  1  0  0  0  0
  7 12  1  0  0  0  0
  4 13  1  0  0  0  0
  4 14  1  0  0  0  0
  4 15  1  0  0  0  0
  6 16  1  0  0  0  0
  6 17  1  0  0  0  0
  6 18  1  0  0  0  0
  8 19  1  0  0  0  0
  8 20  1  0  0  0  0
  9 21  1  0  0  0  0
  9 22  1  0  0  0  0
 11 23  1  0  0  0  0
 11 24  1  0  0  0  0
 12 25  1  0  0  0  0
 12 26  1  0  0  0  0
M  END
$$$$
