 
WItclserve11290013443D 0   0.00000     0.00000cramer
 
 15 14  0  0  0  0  0  0  0  0  1 V2000
   -2.1299    0.8900    0.0002 C   0  0  0  0  0  0  0  0  0  0  0  0
   -1.2044   -0.0663    0.0001 C   0  0  0  0  0  0  0  0  0  0  0  0
   -1.6183   -1.5154    0.0001 C   0  0  0  0  0  0  0  0  0  0  0  0
    0.2211    0.2907    0.0000 C   0  0  0  0  0  0  0  0  0  0  0  0
    0.5548    1.4593    0.0001 O   0  0  0  0  0  0  0  0  0  0  0  0
    1.1585   -0.6780    0.0000 O   0  0  0  0  0  0  0  0  0  0  0  0
    2.5670   -0.3253   -0.0001 C   0  0  0  0  0  0  0  0  0  0  0  0
   -1.8333    1.9285    0.0002 H   0  0  0  0  0  0  0  0  0  0  0  0
   -3.1775    0.6277   -0.0043 H   0  0  0  0  0  0  0  0  0  0  0  0
   -1.2240   -2.0058   -0.8899 H   0  0  0  0  0  0  0  0  0  0  0  0
   -1.2239   -2.0059    0.8900 H   0  0  0  0  0  0  0  0  0  0  0  0
   -2.7062   -1.5825    0.0001 H   0  0  0  0  0  0  0  0  0  0  0  0
    2.7946    0.2615   -0.8901 H   0  0  0  0  0  0  0  0  0  0  0  0
    2.7946    0.2614    0.8899 H   0  0  0  0  0  0  0  0  0  0  0  0
    3.1691   -1.2339   -0.0001 H   0  0  0  0  0  0  0  0  0  0  0  0
  1  2  2  0  0  0  0
  2  3  1  0  0  0  0
  2  4  1  0  0  0  0
  4  5  2  0  0  0  0
  4  6  1  0  0  0  0
  6  7  1  0  0  0  0
  1  8  1  0  0  0  0
  1  9  1  0  0  0  0
  3 10  1  0  0  0  0
  3 11  1  0  0  0  0
  3 12  1  0  0  0  0
  7 13  1  0  0  0  0
  7 14  1  0  0  0  0
  7 15  1  0  0  0  0
M  END
$$$$
