 
WItclserve11290013443D 0   0.00000     0.00000cramer
 
 14 13  0  0  0  0  0  0  0  0  1 V2000
   -2.1170    0.2094    0.0000 Cl  0  0  0  0  0  0  0  0  0  0  0  0
   -0.5691   -0.7151    0.0000 C   0  0  0  0  0  0  0  0  0  0  0  0
    0.6084    0.2618    0.0000 C   0  0  0  0  0  0  0  0  0  0  0  0
    1.9220   -0.5227    0.0000 C   0  0  0  0  0  0  0  0  0  0  0  0
    3.0995    0.4542    0.0000 C   0  0  0  0  0  0  0  0  0  0  0  0
   -0.5206   -1.3425    0.8900 H   0  0  0  0  0  0  0  0  0  0  0  0
   -0.5206   -1.3426   -0.8900 H   0  0  0  0  0  0  0  0  0  0  0  0
    0.5599    0.8893   -0.8900 H   0  0  0  0  0  0  0  0  0  0  0  0
    0.5599    0.8893    0.8900 H   0  0  0  0  0  0  0  0  0  0  0  0
    1.9704   -1.1501    0.8900 H   0  0  0  0  0  0  0  0  0  0  0  0
    1.9704   -1.1502   -0.8900 H   0  0  0  0  0  0  0  0  0  0  0  0
    3.0510    1.0817    0.8900 H   0  0  0  0  0  0  0  0  0  0  0  0
    4.0353   -0.1047    0.0000 H   0  0  0  0  0  0  0  0  0  0  0  0
    3.0510    1.0817   -0.8900 H   0  0  0  0  0  0  0  0  0  0  0  0
  1  2  1  0  0  0  0
  2  3  1  0  0  0  0
  3  4  1  0  0  0  0
  4  5  1  0  0  0  0
  2  6  1  0  0  0  0
  2  7  1  0  0  0  0
  3  8  1  0  0  0  0
  3  9  1  0  0  0  0
  4 10  1  0  0  0  0
  4 11  1  0  0  0  0
  5 12  1  0  0  0  0
  5 13  1  0  0  0  0
  5 14  1  0  0  0  0
M  END
$$$$
