 
WItclserve11290013453D 0   0.00000     0.00000cramer
 
 20 20  0  0  0  0  0  0  0  0  1 V2000
   -0.6955   -1.4712    0.1345 C   0  0  0  0  0  0  0  0  0  0  0  0
   -2.0395   -1.1630    0.2142 C   0  0  0  0  0  0  0  0  0  0  0  0
   -2.4673    0.1377   -0.0070 C   0  0  0  0  0  0  0  0  0  0  0  0
   -3.7905    0.4405    0.0716 O   0  0  0  0  0  0  0  0  0  0  0  0
   -1.5456    1.1301   -0.3079 C   0  0  0  0  0  0  0  0  0  0  0  0
   -0.2018    0.8234   -0.3879 C   0  0  0  0  0  0  0  0  0  0  0  0
    0.2272   -0.4788   -0.1670 C   0  0  0  0  0  0  0  0  0  0  0  0
    1.5908   -0.7907   -0.2476 N   0  0  0  0  0  0  0  0  0  0  0  0
    2.5139    0.1293    0.0959 C   0  0  0  0  0  0  0  0  0  0  0  0
    2.1658    1.1904    0.5691 O   0  0  0  0  0  0  0  0  0  0  0  0
    3.9787   -0.1605   -0.1082 C   0  0  0  0  0  0  0  0  0  0  0  0
   -0.3621   -2.4831    0.3111 H   0  0  0  0  0  0  0  0  0  0  0  0
   -2.7574   -1.9350    0.4484 H   0  0  0  0  0  0  0  0  0  0  0  0
   -3.9666    0.6877    0.9898 H   0  0  0  0  0  0  0  0  0  0  0  0
   -1.8793    2.1427   -0.4800 H   0  0  0  0  0  0  0  0  0  0  0  0
    0.5156    1.5959   -0.6221 H   0  0  0  0  0  0  0  0  0  0  0  0
    1.8704   -1.6687   -0.5505 H   0  0  0  0  0  0  0  0  0  0  0  0
    4.5679    0.6937    0.2253 H   0  0  0  0  0  0  0  0  0  0  0  0
    4.2584   -1.0422    0.4684 H   0  0  0  0  0  0  0  0  0  0  0  0
    4.1691   -0.3426   -1.1658 H   0  0  0  0  0  0  0  0  0  0  0  0
  1  2  1  0  0  0  0
  2  3  2  0  0  0  0
  3  4  1  0  0  0  0
  3  5  1  0  0  0  0
  5  6  2  0  0  0  0
  6  7  1  0  0  0  0
  1  7  2  0  0  0  0
  7  8  1  0  0  0  0
  8  9  1  0  0  0  0
  9 10  2  0  0  0  0
  9 11  1  0  0  0  0
  1 12  1  0  0  0  0
  2 13  1  0  0  0  0
  4 14  1  0  0  0  0
  5 15  1  0  0  0  0
  6 16  1  0  0  0  0
  8 17  1  0  0  0  0
 11 18  1  0  0  0  0
 11 19  1  0  0  0  0
 11 20  1  0  0  0  0
M  END
$$$$
