 
WItclserve11290013453D 0   0.00000     0.00000cramer
 
 13 13  0  0  0  0  0  0  0  0  1 V2000
   -1.0551    0.7725    0.0642 C   0  0  0  0  0  0  0  0  0  0  0  0
   -1.0551   -0.7726    0.0642 C   0  0  0  0  0  0  0  0  0  0  0  0
    0.4219   -1.1479   -0.1886 C   0  0  0  0  0  0  0  0  0  0  0  0
    1.1760    0.0000    0.2580 O   0  0  0  0  0  0  0  0  0  0  0  0
    0.4219    1.1479   -0.1886 C   0  0  0  0  0  0  0  0  0  0  0  0
   -1.6887    1.1544   -0.7363 H   0  0  0  0  0  0  0  0  0  0  0  0
   -1.3864    1.1544    1.0299 H   0  0  0  0  0  0  0  0  0  0  0  0
   -1.3863   -1.1545    1.0299 H   0  0  0  0  0  0  0  0  0  0  0  0
   -1.6886   -1.1545   -0.7364 H   0  0  0  0  0  0  0  0  0  0  0  0
    0.6940   -2.0297    0.3915 H   0  0  0  0  0  0  0  0  0  0  0  0
    0.5923   -1.3239   -1.2507 H   0  0  0  0  0  0  0  0  0  0  0  0
    0.5922    1.3240   -1.2507 H   0  0  0  0  0  0  0  0  0  0  0  0
    0.6939    2.0297    0.3915 H   0  0  0  0  0  0  0  0  0  0  0  0
  1  2  1  0  0  0  0
  2  3  1  0  0  0  0
  3  4  1  0  0  0  0
  4  5  1  0  0  0  0
  1  5  1  0  0  0  0
  1  6  1  0  0  0  0
  1  7  1  0  0  0  0
  2  8  1  0  0  0  0
  2  9  1  0  0  0  0
  3 10  1  0  0  0  0
  3 11  1  0  0  0  0
  5 12  1  0  0  0  0
  5 13  1  0  0  0  0
M  END
$$$$
