 
WItclserve11290013443D 0   0.00000     0.00000cramer
 
 27 28  0  0  0  0  0  0  0  0  1 V2000
   -0.1566    0.3228    0.0010 N   0  0  0  0  0  0  0  0  0  0  0  0
   -1.0137   -0.6412    0.0000 N   0  0  0  0  0  0  0  0  0  0  0  0
   -2.3531   -0.3654   -0.0002 C   0  0  0  0  0  0  0  0  0  0  0  0
   -3.2845   -1.4072   -0.0013 C   0  0  0  0  0  0  0  0  0  0  0  0
   -4.6335   -1.1214   -0.0016 C   0  0  0  0  0  0  0  0  0  0  0  0
   -5.0658    0.1934   -0.0012 C   0  0  0  0  0  0  0  0  0  0  0  0
   -4.1494    1.2301   -0.0002 C   0  0  0  0  0  0  0  0  0  0  0  0
   -2.7968    0.9594    0.0064 C   0  0  0  0  0  0  0  0  0  0  0  0
    1.1765    0.0482    0.0012 C   0  0  0  0  0  0  0  0  0  0  0  0
    1.6311   -1.2794    0.0003 C   0  0  0  0  0  0  0  0  0  0  0  0
    2.9808   -1.5090    0.0001 C   0  0  0  0  0  0  0  0  0  0  0  0
    3.8627   -0.4297    0.0007 C   0  0  0  0  0  0  0  0  0  0  0  0
    5.2284   -0.6654    0.0000 N   0  0  0  0  0  0  0  0  0  0  0  0
    3.4166    0.8183    0.0015 N   0  0  0  0  0  0  0  0  0  0  0  0
    2.1214    1.0910   -0.0037 C   0  0  0  0  0  0  0  0  0  0  0  0
    1.6944    2.4077   -0.0026 N   0  0  0  0  0  0  0  0  0  0  0  0
   -2.9486   -2.4337   -0.0023 H   0  0  0  0  0  0  0  0  0  0  0  0
   -5.3545   -1.9255   -0.0024 H   0  0  0  0  0  0  0  0  0  0  0  0
   -6.1236    0.4113   -0.0021 H   0  0  0  0  0  0  0  0  0  0  0  0
   -4.4939    2.2536    0.0001 H   0  0  0  0  0  0  0  0  0  0  0  0
   -2.0826    1.7695    0.0076 H   0  0  0  0  0  0  0  0  0  0  0  0
    0.9314   -2.1021    0.0002 H   0  0  0  0  0  0  0  0  0  0  0  0
    3.3599   -2.5203   -0.0002 H   0  0  0  0  0  0  0  0  0  0  0  0
    5.8492    0.0800    0.0004 H   0  0  0  0  0  0  0  0  0  0  0  0
    5.5635   -1.5756   -0.0009 H   0  0  0  0  0  0  0  0  0  0  0  0
    2.3438    3.1282    0.0019 H   0  0  0  0  0  0  0  0  0  0  0  0
    0.7457    2.6099   -0.0064 H   0  0  0  0  0  0  0  0  0  0  0  0
  1  2  2  0  0  0  0
  2  3  1  0  0  0  0
  3  4  1  0  0  0  0
  4  5  2  0  0  0  0
  5  6  1  0  0  0  0
  6  7  2  0  0  0  0
  7  8  1  0  0  0  0
  3  8  2  0  0  0  0
  1  9  1  0  0  0  0
  9 10  1  0  0  0  0
 10 11  2  0  0  0  0
 11 12  1  0  0  0  0
 12 13  1  0  0  0  0
 12 14  2  0  0  0  0
 14 15  1  0  0  0  0
  9 15  2  0  0  0  0
 15 16  1  0  0  0  0
  4 17  1  0  0  0  0
  5 18  1  0  0  0  0
  6 19  1  0  0  0  0
  7 20  1  0  0  0  0
  8 21  1  0  0  0  0
 10 22  1  0  0  0  0
 11 23  1  0  0  0  0
 13 24  1  0  0  0  0
 13 25  1  0  0  0  0
 16 26  1  0  0  0  0
 16 27  1  0  0  0  0
M  END
$$$$
