 
WItclserve11290013443D 0   0.00000     0.00000cramer
 
 16 15  0  0  0  0  0  0  0  0  1 V2000
    0.0043   -0.2929   -0.0349 P   0  0  0  0  0  0  0  0  0  0  0  0
    0.8578   -1.8536    0.3639 C   0  0  0  0  0  0  0  0  0  0  0  0
    0.0205   -0.0821   -1.4997 O   0  0  0  0  0  0  0  0  0  0  0  0
   -1.5195   -0.3679    0.4796 O   0  0  0  0  0  0  0  0  0  0  0  0
   -2.1554    0.8429    0.0652 C   0  0  0  0  0  0  0  0  0  0  0  0
    0.7565    0.9310    0.6918 O   0  0  0  0  0  0  0  0  0  0  0  0
    2.0130    1.0945    0.0311 C   0  0  0  0  0  0  0  0  0  0  0  0
    0.8458   -2.0089    1.4427 H   0  0  0  0  0  0  0  0  0  0  0  0
    0.3485   -2.6823   -0.1281 H   0  0  0  0  0  0  0  0  0  0  0  0
    1.8894   -1.8029    0.0156 H   0  0  0  0  0  0  0  0  0  0  0  0
   -2.1617    0.8958   -1.0234 H   0  0  0  0  0  0  0  0  0  0  0  0
   -3.1803    0.8602    0.4358 H   0  0  0  0  0  0  0  0  0  0  0  0
   -1.6092    1.6962    0.4673 H   0  0  0  0  0  0  0  0  0  0  0  0
    1.8431    1.3776   -1.0077 H   0  0  0  0  0  0  0  0  0  0  0  0
    2.5876    1.8743    0.5308 H   0  0  0  0  0  0  0  0  0  0  0  0
    2.5666    0.1562    0.0661 H   0  0  0  0  0  0  0  0  0  0  0  0
  1  2  1  0  0  0  0
  1  3  2  0  0  0  0
  1  4  1  0  0  0  0
  4  5  1  0  0  0  0
  1  6  1  0  0  0  0
  6  7  1  0  0  0  0
  2  8  1  0  0  0  0
  2  9  1  0  0  0  0
  2 10  1  0  0  0  0
  5 11  1  0  0  0  0
  5 12  1  0  0  0  0
  5 13  1  0  0  0  0
  7 14  1  0  0  0  0
  7 15  1  0  0  0  0
  7 16  1  0  0  0  0
M  END
$$$$
