 
WItclserve11290013443D 0   0.00000     0.00000cramer
 
 26 26  0  0  0  0  0  0  0  0  1 V2000
   -2.0918    0.0351    0.0301 C   0  0  0  0  0  0  0  0  0  0  0  0
   -3.5981    0.0783    0.0398 C   0  0  0  0  0  0  0  0  0  0  0  0
   -1.4522    1.1603    0.0518 C   0  0  0  0  0  0  0  0  0  0  0  0
    0.0438    1.2775    0.0361 C   0  0  0  0  0  0  0  0  0  0  0  0
    0.6813   -0.0607    0.4160 C   0  0  0  0  0  0  0  0  0  0  0  0
    0.0353   -1.1639   -0.4318 C   0  0  0  0  0  0  0  0  0  0  0  0
   -1.4265   -1.3098    0.0019 C   0  0  0  0  0  0  0  0  0  0  0  0
    2.1623   -0.0125    0.1413 C   0  0  0  0  0  0  0  0  0  0  0  0
    3.0160   -0.1910    1.1188 C   0  0  0  0  0  0  0  0  0  0  0  0
    2.6612    0.2412   -1.2579 C   0  0  0  0  0  0  0  0  0  0  0  0
   -3.9317    1.1157    0.0652 H   0  0  0  0  0  0  0  0  0  0  0  0
   -3.9813   -0.4046   -0.8592 H   0  0  0  0  0  0  0  0  0  0  0  0
   -3.9709   -0.4449    0.9203 H   0  0  0  0  0  0  0  0  0  0  0  0
   -2.0312    2.0714    0.0829 H   0  0  0  0  0  0  0  0  0  0  0  0
    0.3733    1.5641   -0.9626 H   0  0  0  0  0  0  0  0  0  0  0  0
    0.3539    2.0409    0.7497 H   0  0  0  0  0  0  0  0  0  0  0  0
    0.5081   -0.2622    1.4731 H   0  0  0  0  0  0  0  0  0  0  0  0
    0.0830   -0.8911   -1.4860 H   0  0  0  0  0  0  0  0  0  0  0  0
    0.5602   -2.1053   -0.2696 H   0  0  0  0  0  0  0  0  0  0  0  0
   -1.4660   -1.7596    0.9939 H   0  0  0  0  0  0  0  0  0  0  0  0
   -1.9507   -1.9527   -0.7052 H   0  0  0  0  0  0  0  0  0  0  0  0
    2.6584   -0.3727    2.1215 H   0  0  0  0  0  0  0  0  0  0  0  0
    4.0773   -0.1564    0.9219 H   0  0  0  0  0  0  0  0  0  0  0  0
    3.7512    0.2405   -1.2607 H   0  0  0  0  0  0  0  0  0  0  0  0
    2.2957   -0.5424   -1.9216 H   0  0  0  0  0  0  0  0  0  0  0  0
    2.2976    1.2089   -1.6035 H   0  0  0  0  0  0  0  0  0  0  0  0
  1  2  1  0  0  0  0
  1  3  2  0  0  0  0
  3  4  1  0  0  0  0
  4  5  1  0  0  0  0
  5  6  1  0  0  0  0
  6  7  1  0  0  0  0
  1  7  1  0  0  0  0
  5  8  1  0  0  0  0
  8  9  2  0  0  0  0
  8 10  1  0  0  0  0
  2 11  1  0  0  0  0
  2 12  1  0  0  0  0
  2 13  1  0  0  0  0
  3 14  1  0  0  0  0
  4 15  1  0  0  0  0
  4 16  1  0  0  0  0
  5 17  1  0  0  0  0
  6 18  1  0  0  0  0
  6 19  1  0  0  0  0
  7 20  1  0  0  0  0
  7 21  1  0  0  0  0
  9 22  1  0  0  0  0
  9 23  1  0  0  0  0
 10 24  1  0  0  0  0
 10 25  1  0  0  0  0
 10 26  1  0  0  0  0
M  END
$$$$
