 
WItclserve11290013453D 0   0.00000     0.00000cramer
 
 84 89  0  0  0  0  0  0  0  0  1 V2000
   10.5272    4.1978   -3.2831 C   0  0  0  0  0  0  0  0  0  0  0  0
   10.8949    3.0793   -2.3425 C   0  0  0  0  0  0  0  0  0  0  0  0
   12.0171    3.1895   -1.5425 C   0  0  0  0  0  0  0  0  0  0  0  0
   12.3543    2.1637   -0.6799 C   0  0  0  0  0  0  0  0  0  0  0  0
   11.5692    1.0274   -0.6166 C   0  0  0  0  0  0  0  0  0  0  0  0
   10.4469    0.9175   -1.4157 C   0  0  0  0  0  0  0  0  0  0  0  0
   10.1071    1.9456   -2.2755 C   0  0  0  0  0  0  0  0  0  0  0  0
   11.9998   -0.2809    0.4823 S   0  0  0  0  0  0  0  0  0  0  0  0
   11.3786   -1.4462   -0.0426 O   0  0  0  0  0  0  0  0  0  0  0  0
   13.3905   -0.1324    0.7332 O   0  0  0  0  0  0  0  0  0  0  0  0
   11.3083   -0.0061    1.8100 O   0  0  0  0  0  0  0  0  0  0  0  0
    9.9955   -0.3074    1.6385 C   0  0  0  0  0  0  0  0  0  0  0  0
    9.5343   -1.5858    1.9305 C   0  0  0  0  0  0  0  0  0  0  0  0
    8.2039   -1.8962    1.7582 C   0  0  0  0  0  0  0  0  0  0  0  0
    7.3158   -0.9222    1.2890 C   0  0  0  0  0  0  0  0  0  0  0  0
    7.7847    0.3628    0.9971 C   0  0  0  0  0  0  0  0  0  0  0  0
    9.1163    0.6649    1.1773 C   0  0  0  0  0  0  0  0  0  0  0  0
    5.9964   -1.2252    1.1163 N   0  0  0  0  0  0  0  0  0  0  0  0
    5.1794   -0.3256    0.6835 N   0  0  0  0  0  0  0  0  0  0  0  0
    3.8595   -0.6286    0.5107 C   0  0  0  0  0  0  0  0  0  0  0  0
    3.3923   -1.9147    0.8028 C   0  0  0  0  0  0  0  0  0  0  0  0
    2.0723   -2.2191    0.6304 C   0  0  0  0  0  0  0  0  0  0  0  0
    1.1837   -1.2488    0.1627 C   0  0  0  0  0  0  0  0  0  0  0  0
    1.6428    0.0370   -0.1304 C   0  0  0  0  0  0  0  0  0  0  0  0
    2.9717    0.3482    0.0469 C   0  0  0  0  0  0  0  0  0  0  0  0
    3.4714    1.7346   -0.2681 C   0  0  0  0  0  0  0  0  0  0  0  0
   -0.2467   -1.5837   -0.0232 C   0  0  0  0  0  0  0  0  0  0  0  0
   -1.2311   -0.6562    0.3244 C   0  0  0  0  0  0  0  0  0  0  0  0
   -2.5514   -0.9609    0.1547 C   0  0  0  0  0  0  0  0  0  0  0  0
   -2.9228   -2.2043   -0.3689 C   0  0  0  0  0  0  0  0  0  0  0  0
   -4.2425   -2.5074   -0.5384 N   0  0  0  0  0  0  0  0  0  0  0  0
   -5.1447   -1.6169   -0.2992 N   0  0  0  0  0  0  0  0  0  0  0  0
   -6.4449   -1.8694   -0.6006 C   0  0  0  0  0  0  0  0  0  0  0  0
   -6.8324   -3.1133   -1.1072 C   0  0  0  0  0  0  0  0  0  0  0  0
   -5.9025   -4.0816   -1.3018 O   0  0  0  0  0  0  0  0  0  0  0  0
   -8.1689   -3.3646   -1.4131 C   0  0  0  0  0  0  0  0  0  0  0  0
   -9.1337   -2.4239   -1.2340 C   0  0  0  0  0  0  0  0  0  0  0  0
   -8.8143   -1.1507   -0.7290 C   0  0  0  0  0  0  0  0  0  0  0  0
   -9.8048   -0.1721   -0.5406 C   0  0  0  0  0  0  0  0  0  0  0  0
   -9.4594    1.0503   -0.0490 C   0  0  0  0  0  0  0  0  0  0  0  0
   -8.1372    1.3469    0.2709 C   0  0  0  0  0  0  0  0  0  0  0  0
   -7.1510    0.4205    0.1004 C   0  0  0  0  0  0  0  0  0  0  0  0
   -7.4716   -0.8477   -0.3966 C   0  0  0  0  0  0  0  0  0  0  0  0
   -5.4837    0.8155    0.5112 S   0  0  0  0  0  0  0  0  0  0  0  0
   -5.4688    2.2141    0.7617 O   0  0  0  0  0  0  0  0  0  0  0  0
   -5.0630   -0.1883    1.4248 O   0  0  0  0  0  0  0  0  0  0  0  0
   -4.6455    0.6110   -0.7426 O   0  0  0  0  0  0  0  0  0  0  0  0
   -4.6348    2.3462   -1.7168 Na  0  0  0  0  0  0  0  0  0  0  0  0
  -10.7046    2.2748    0.1852 S   0  0  0  0  0  0  0  0  0  0  0  0
  -10.0253    3.5229    0.1759 O   0  0  0  0  0  0  0  0  0  0  0  0
  -11.7706    1.9121   -0.6815 O   0  0  0  0  0  0  0  0  0  0  0  0
  -11.2457    2.1091    1.5981 O   0  0  0  0  0  0  0  0  0  0  0  0
  -10.1333    3.2617    2.7789 Na  0  0  0  0  0  0  0  0  0  0  0  0
   -1.9395   -3.1364   -0.7189 C   0  0  0  0  0  0  0  0  0  0  0  0
   -2.3357   -4.4763   -1.2835 C   0  0  0  0  0  0  0  0  0  0  0  0
   -0.6097   -2.8244   -0.5512 C   0  0  0  0  0  0  0  0  0  0  0  0
   11.0073    4.0338   -4.2479 H   0  0  0  0  0  0  0  0  0  0  0  0
    9.4454    4.2209   -3.4148 H   0  0  0  0  0  0  0  0  0  0  0  0
   10.8630    5.1476   -2.8670 H   0  0  0  0  0  0  0  0  0  0  0  0
   12.6304    4.0771   -1.5919 H   0  0  0  0  0  0  0  0  0  0  0  0
   13.2313    2.2495   -0.0554 H   0  0  0  0  0  0  0  0  0  0  0  0
    9.8338    0.0298   -1.3666 H   0  0  0  0  0  0  0  0  0  0  0  0
    9.2301    1.8598   -2.8999 H   0  0  0  0  0  0  0  0  0  0  0  0
   10.2206   -2.3369    2.2926 H   0  0  0  0  0  0  0  0  0  0  0  0
    7.8466   -2.8899    1.9846 H   0  0  0  0  0  0  0  0  0  0  0  0
    7.1030    1.1180    0.6346 H   0  0  0  0  0  0  0  0  0  0  0  0
    9.4793    1.6570    0.9525 H   0  0  0  0  0  0  0  0  0  0  0  0
    4.0766   -2.6677    1.1647 H   0  0  0  0  0  0  0  0  0  0  0  0
    1.7147   -3.2130    0.8560 H   0  0  0  0  0  0  0  0  0  0  0  0
    0.9554    0.7872   -0.4925 H   0  0  0  0  0  0  0  0  0  0  0  0
    3.3949    2.3593    0.6218 H   0  0  0  0  0  0  0  0  0  0  0  0
    4.5124    1.6819   -0.5867 H   0  0  0  0  0  0  0  0  0  0  0  0
    2.8682    2.1653   -1.0673 H   0  0  0  0  0  0  0  0  0  0  0  0
   -0.9475    0.3042    0.7287 H   0  0  0  0  0  0  0  0  0  0  0  0
   -3.3099   -0.2413    0.4253 H   0  0  0  0  0  0  0  0  0  0  0  0
   -5.8507   -4.5886   -0.4800 H   0  0  0  0  0  0  0  0  0  0  0  0
   -8.4453   -4.3329   -1.8034 H   0  0  0  0  0  0  0  0  0  0  0  0
  -10.1585   -2.6571   -1.4830 H   0  0  0  0  0  0  0  0  0  0  0  0
  -10.8345   -0.3879   -0.7847 H   0  0  0  0  0  0  0  0  0  0  0  0
   -7.8892    2.3238    0.6589 H   0  0  0  0  0  0  0  0  0  0  0  0
   -2.3989   -4.4085   -2.3696 H   0  0  0  0  0  0  0  0  0  0  0  0
   -1.5891   -5.2214   -1.0088 H   0  0  0  0  0  0  0  0  0  0  0  0
   -3.3056   -4.7679   -0.8806 H   0  0  0  0  0  0  0  0  0  0  0  0
    0.1520   -3.5413   -0.8202 H   0  0  0  0  0  0  0  0  0  0  0  0
  1  2  1  0  0  0  0
  2  3  1  0  0  0  0
  3  4  2  0  0  0  0
  4  5  1  0  0  0  0
  5  6  2  0  0  0  0
  6  7  1  0  0  0  0
  2  7  2  0  0  0  0
  5  8  1  0  0  0  0
  8  9  2  0  0  0  0
  8 10  2  0  0  0  0
  8 11  1  0  0  0  0
 11 12  1  0  0  0  0
 12 13  1  0  0  0  0
 13 14  2  0  0  0  0
 14 15  1  0  0  0  0
 15 16  2  0  0  0  0
 16 17  1  0  0  0  0
 12 17  2  0  0  0  0
 15 18  1  0  0  0  0
 18 19  2  0  0  0  0
 19 20  1  0  0  0  0
 20 21  1  0  0  0  0
 21 22  2  0  0  0  0
 22 23  1  0  0  0  0
 23 24  2  0  0  0  0
 24 25  1  0  0  0  0
 20 25  2  0  0  0  0
 25 26  1  0  0  0  0
 23 27  1  0  0  0  0
 27 28  1  0  0  0  0
 28 29  2  0  0  0  0
 29 30  1  0  0  0  0
 30 31  1  0  0  0  0
 31 32  2  0  0  0  0
 32 33  1  0  0  0  0
 33 34  1  0  0  0  0
 34 35  1  0  0  0  0
 34 36  2  0  0  0  0
 36 37  1  0  0  0  0
 37 38  2  0  0  0  0
 38 39  1  0  0  0  0
 39 40  2  0  0  0  0
 40 41  1  0  0  0  0
 41 42  2  0  0  0  0
 42 43  1  0  0  0  0
 33 43  2  0  0  0  0
 38 43  1  0  0  0  0
 42 44  1  0  0  0  0
 44 45  2  0  0  0  0
 44 46  2  0  0  0  0
 44 47  1  0  0  0  0
 47 48  1  0  0  0  0
 40 49  1  0  0  0  0
 49 50  2  0  0  0  0
 49 51  2  0  0  0  0
 49 52  1  0  0  0  0
 52 53  1  0  0  0  0
 30 54  2  0  0  0  0
 54 55  1  0  0  0  0
 54 56  1  0  0  0  0
 27 56  2  0  0  0  0
  1 57  1  0  0  0  0
  1 58  1  0  0  0  0
  1 59  1  0  0  0  0
  3 60  1  0  0  0  0
  4 61  1  0  0  0  0
  6 62  1  0  0  0  0
  7 63  1  0  0  0  0
 13 64  1  0  0  0  0
 14 65  1  0  0  0  0
 16 66  1  0  0  0  0
 17 67  1  0  0  0  0
 21 68  1  0  0  0  0
 22 69  1  0  0  0  0
 24 70  1  0  0  0  0
 26 71  1  0  0  0  0
 26 72  1  0  0  0  0
 26 73  1  0  0  0  0
 28 74  1  0  0  0  0
 29 75  1  0  0  0  0
 35 76  1  0  0  0  0
 36 77  1  0  0  0  0
 37 78  1  0  0  0  0
 39 79  1  0  0  0  0
 41 80  1  0  0  0  0
 55 81  1  0  0  0  0
 55 82  1  0  0  0  0
 55 83  1  0  0  0  0
 56 84  1  0  0  0  0
M  END
$$$$
