 
WItclserve11290013453D 0   0.00000     0.00000cramer
 
 15 14  0  0  0  0  0  0  0  0  1 V2000
    0.5979    0.0000   -1.2908 O   0  0  0  0  0  0  0  0  0  0  0  0
   -0.0142    0.0000    0.0005 C   0  0  0  0  0  0  0  0  0  0  0  0
   -1.5361    0.0000   -0.1565 C   0  0  0  0  0  0  0  0  0  0  0  0
    0.4191   -1.2493    0.7703 C   0  0  0  0  0  0  0  0  0  0  0  0
    0.4191    1.2492    0.7703 C   0  0  0  0  0  0  0  0  0  0  0  0
    1.5541    0.0000   -1.1468 H   0  0  0  0  0  0  0  0  0  0  0  0
   -1.8448    0.8900   -0.7048 H   0  0  0  0  0  0  0  0  0  0  0  0
   -1.8448   -0.8900   -0.7049 H   0  0  0  0  0  0  0  0  0  0  0  0
   -2.0030    0.0000    0.8285 H   0  0  0  0  0  0  0  0  0  0  0  0
   -0.0477   -1.2493    1.7552 H   0  0  0  0  0  0  0  0  0  0  0  0
    0.1104   -2.1392    0.2219 H   0  0  0  0  0  0  0  0  0  0  0  0
    1.5034   -1.2493    0.8821 H   0  0  0  0  0  0  0  0  0  0  0  0
    0.1105    2.1392    0.2219 H   0  0  0  0  0  0  0  0  0  0  0  0
   -0.0477    1.2492    1.7553 H   0  0  0  0  0  0  0  0  0  0  0  0
    1.5034    1.2492    0.8821 H   0  0  0  0  0  0  0  0  0  0  0  0
  1  2  1  0  0  0  0
  2  3  1  0  0  0  0
  2  4  1  0  0  0  0
  2  5  1  0  0  0  0
  1  6  1  0  0  0  0
  3  7  1  0  0  0  0
  3  8  1  0  0  0  0
  3  9  1  0  0  0  0
  4 10  1  0  0  0  0
  4 11  1  0  0  0  0
  4 12  1  0  0  0  0
  5 13  1  0  0  0  0
  5 14  1  0  0  0  0
  5 15  1  0  0  0  0
M  END
$$$$
