 
WItclserve11290013453D 0   0.00000     0.00000cramer
 
 19 18  0  0  0  0  0  0  0  0  1 V2000
    0.0000    0.0000    0.1657 C   0  0  0  0  0  0  0  0  0  0  0  0
   -1.2492    0.0000    1.0491 C   0  0  0  0  0  0  0  0  0  0  0  0
   -2.8545    0.0000   -0.0860 Br  0  0  0  0  0  0  0  0  0  0  0  0
    1.2492    0.0000    1.0491 C   0  0  0  0  0  0  0  0  0  0  0  0
    2.8545    0.0000   -0.0860 Br  0  0  0  0  0  0  0  0  0  0  0  0
    0.0000   -1.2493   -0.7176 C   0  0  0  0  0  0  0  0  0  0  0  0
    0.0000   -2.4160    0.1075 O   0  0  0  0  0  0  0  0  0  0  0  0
    0.0000    1.2492   -0.7176 C   0  0  0  0  0  0  0  0  0  0  0  0
    0.0000    2.4160    0.1074 O   0  0  0  0  0  0  0  0  0  0  0  0
   -1.2492   -0.8900    1.6784 H   0  0  0  0  0  0  0  0  0  0  0  0
   -1.2492    0.8900    1.6784 H   0  0  0  0  0  0  0  0  0  0  0  0
    1.2492    0.8900    1.6784 H   0  0  0  0  0  0  0  0  0  0  0  0
    1.2492   -0.8900    1.6784 H   0  0  0  0  0  0  0  0  0  0  0  0
   -0.8900   -1.2493   -1.3469 H   0  0  0  0  0  0  0  0  0  0  0  0
    0.8900   -1.2493   -1.3469 H   0  0  0  0  0  0  0  0  0  0  0  0
    0.0000   -3.1787   -0.4870 H   0  0  0  0  0  0  0  0  0  0  0  0
    0.8900    1.2492   -1.3470 H   0  0  0  0  0  0  0  0  0  0  0  0
   -0.8900    1.2492   -1.3470 H   0  0  0  0  0  0  0  0  0  0  0  0
    0.0000    3.1787   -0.4871 H   0  0  0  0  0  0  0  0  0  0  0  0
  1  2  1  0  0  0  0
  2  3  1  0  0  0  0
  1  4  1  0  0  0  0
  4  5  1  0  0  0  0
  1  6  1  0  0  0  0
  6  7  1  0  0  0  0
  1  8  1  0  0  0  0
  8  9  1  0  0  0  0
  2 10  1  0  0  0  0
  2 11  1  0  0  0  0
  4 12  1  0  0  0  0
  4 13  1  0  0  0  0
  6 14  1  0  0  0  0
  6 15  1  0  0  0  0
  7 16  1  0  0  0  0
  8 17  1  0  0  0  0
  8 18  1  0  0  0  0
  9 19  1  0  0  0  0
M  END
$$$$
