 
WItclserve11290013443D 0   0.00000     0.00000cramer
 
 70 73  0  0  0  0  0  0  0  0  1 V2000
   -3.4970   -3.8981   -1.4794 Cl  0  0  0  0  0  0  0  0  0  0  0  0
   -2.7187   -2.4839   -0.8406 C   0  0  0  0  0  0  0  0  0  0  0  0
   -1.3571   -2.4830   -0.6272 C   0  0  0  0  0  0  0  0  0  0  0  0
   -0.7321   -1.3462   -0.1144 C   0  0  0  0  0  0  0  0  0  0  0  0
   -1.4846   -0.2086    0.1837 C   0  0  0  0  0  0  0  0  0  0  0  0
   -2.8442   -0.2067   -0.0279 C   0  0  0  0  0  0  0  0  0  0  0  0
   -3.4720   -1.3425   -0.5476 C   0  0  0  0  0  0  0  0  0  0  0  0
   -4.8240   -1.3414   -0.7588 N   0  0  0  0  0  0  0  0  0  0  0  0
   -5.4928   -0.3326   -0.4892 N   0  0  0  0  0  0  0  0  0  0  0  0
   -6.9403   -0.3315   -0.7153 C   0  0  0  0  0  0  0  0  0  0  0  0
   -7.5780   -1.4216    0.1069 C   0  0  0  0  0  0  0  0  0  0  0  0
   -9.0693   -1.6317    0.0526 C   0  0  0  0  0  0  0  0  0  0  0  0
   -6.8940   -2.1267    0.8093 O   0  0  0  0  0  0  0  0  0  0  0  0
   -7.5110    1.0029   -0.3095 C   0  0  0  0  0  0  0  0  0  0  0  0
   -6.7806    1.8679    0.1257 O   0  0  0  0  0  0  0  0  0  0  0  0
   -8.8331    1.2352   -0.4302 N   0  0  0  0  0  0  0  0  0  0  0  0
   -9.3795    2.4322    0.0457 C   0  0  0  0  0  0  0  0  0  0  0  0
  -10.4339    3.0331   -0.6298 C   0  0  0  0  0  0  0  0  0  0  0  0
  -10.9708    4.2144   -0.1575 C   0  0  0  0  0  0  0  0  0  0  0  0
  -10.4598    4.7993    0.9869 C   0  0  0  0  0  0  0  0  0  0  0  0
   -9.4100    4.2039    1.6613 C   0  0  0  0  0  0  0  0  0  0  0  0
   -8.8725    3.0189    1.1975 C   0  0  0  0  0  0  0  0  0  0  0  0
    0.7318   -1.3462    0.1147 C   0  0  0  0  0  0  0  0  0  0  0  0
    1.4845   -0.2089   -0.1840 C   0  0  0  0  0  0  0  0  0  0  0  0
    2.8440   -0.2069    0.0280 C   0  0  0  0  0  0  0  0  0  0  0  0
    3.4725   -1.3444    0.5430 C   0  0  0  0  0  0  0  0  0  0  0  0
    4.8245   -1.3431    0.7546 N   0  0  0  0  0  0  0  0  0  0  0  0
    5.4926   -0.3327    0.4895 N   0  0  0  0  0  0  0  0  0  0  0  0
    6.9400   -0.3314    0.7161 C   0  0  0  0  0  0  0  0  0  0  0  0
    7.5788   -1.4175   -0.1106 C   0  0  0  0  0  0  0  0  0  0  0  0
    9.0702   -1.6267   -0.0567 C   0  0  0  0  0  0  0  0  0  0  0  0
    6.8956   -2.1201   -0.8162 O   0  0  0  0  0  0  0  0  0  0  0  0
    7.5098    1.0052    0.3162 C   0  0  0  0  0  0  0  0  0  0  0  0
    6.7788    1.8714   -0.1156 O   0  0  0  0  0  0  0  0  0  0  0  0
    8.8317    1.2380    0.4383 N   0  0  0  0  0  0  0  0  0  0  0  0
    9.3792    2.4321   -0.0434 C   0  0  0  0  0  0  0  0  0  0  0  0
   10.4537    3.0193    0.6121 C   0  0  0  0  0  0  0  0  0  0  0  0
   10.9918    4.1979    0.1342 C   0  0  0  0  0  0  0  0  0  0  0  0
   10.4618    4.7936   -0.9959 C   0  0  0  0  0  0  0  0  0  0  0  0
    9.3919    4.2118   -1.6504 C   0  0  0  0  0  0  0  0  0  0  0  0
    8.8531    3.0297   -1.1810 C   0  0  0  0  0  0  0  0  0  0  0  0
    2.7182   -2.4835    0.8422 C   0  0  0  0  0  0  0  0  0  0  0  0
    3.4963   -3.8972    1.4824 Cl  0  0  0  0  0  0  0  0  0  0  0  0
    1.3558   -2.4806    0.6341 C   0  0  0  0  0  0  0  0  0  0  0  0
   -0.7741   -3.3626   -0.8567 H   0  0  0  0  0  0  0  0  0  0  0  0
   -0.9992    0.6706    0.5810 H   0  0  0  0  0  0  0  0  0  0  0  0
   -3.4256    0.6735    0.2035 H   0  0  0  0  0  0  0  0  0  0  0  0
   -7.1431   -0.5073   -1.7717 H   0  0  0  0  0  0  0  0  0  0  0  0
   -9.3439   -2.4580    0.7084 H   0  0  0  0  0  0  0  0  0  0  0  0
   -9.5763   -0.7241    0.3801 H   0  0  0  0  0  0  0  0  0  0  0  0
   -9.3663   -1.8651   -0.9698 H   0  0  0  0  0  0  0  0  0  0  0  0
   -9.4059    0.5726   -0.8471 H   0  0  0  0  0  0  0  0  0  0  0  0
  -10.8332    2.5771   -1.5237 H   0  0  0  0  0  0  0  0  0  0  0  0
  -11.7905    4.6823   -0.6825 H   0  0  0  0  0  0  0  0  0  0  0  0
  -10.8815    5.7232    1.3542 H   0  0  0  0  0  0  0  0  0  0  0  0
   -9.0129    4.6633    2.5545 H   0  0  0  0  0  0  0  0  0  0  0  0
   -8.0526    2.5542    1.7250 H   0  0  0  0  0  0  0  0  0  0  0  0
    0.9992    0.6699   -0.5822 H   0  0  0  0  0  0  0  0  0  0  0  0
    3.4254    0.6732   -0.2037 H   0  0  0  0  0  0  0  0  0  0  0  0
    7.1426   -0.5116    1.7718 H   0  0  0  0  0  0  0  0  0  0  0  0
    9.3456   -2.4500   -0.7159 H   0  0  0  0  0  0  0  0  0  0  0  0
    9.5766   -0.7173   -0.3802 H   0  0  0  0  0  0  0  0  0  0  0  0
    9.3671   -1.8642    0.9648 H   0  0  0  0  0  0  0  0  0  0  0  0
    9.4035    0.5777    0.8601 H   0  0  0  0  0  0  0  0  0  0  0  0
   10.8678    2.5549    1.4949 H   0  0  0  0  0  0  0  0  0  0  0  0
   11.8271    4.6552    0.6437 H   0  0  0  0  0  0  0  0  0  0  0  0
   10.8844    5.7153   -1.3676 H   0  0  0  0  0  0  0  0  0  0  0  0
    8.9801    4.6796   -2.5325 H   0  0  0  0  0  0  0  0  0  0  0  0
    8.0176    2.5755   -1.6929 H   0  0  0  0  0  0  0  0  0  0  0  0
    0.7725   -3.3598    0.8648 H   0  0  0  0  0  0  0  0  0  0  0  0
  1  2  1  0  0  0  0
  2  3  1  0  0  0  0
  3  4  2  0  0  0  0
  4  5  1  0  0  0  0
  5  6  2  0  0  0  0
  6  7  1  0  0  0  0
  2  7  2  0  0  0  0
  7  8  1  0  0  0  0
  8  9  2  0  0  0  0
  9 10  1  0  0  0  0
 10 11  1  0  0  0  0
 11 12  1  0  0  0  0
 11 13  2  0  0  0  0
 10 14  1  0  0  0  0
 14 15  2  0  0  0  0
 14 16  1  0  0  0  0
 16 17  1  0  0  0  0
 17 18  1  0  0  0  0
 18 19  2  0  0  0  0
 19 20  1  0  0  0  0
 20 21  2  0  0  0  0
 21 22  1  0  0  0  0
 17 22  2  0  0  0  0
  4 23  1  0  0  0  0
 23 24  1  0  0  0  0
 24 25  2  0  0  0  0
 25 26  1  0  0  0  0
 26 27  1  0  0  0  0
 27 28  2  0  0  0  0
 28 29  1  0  0  0  0
 29 30  1  0  0  0  0
 30 31  1  0  0  0  0
 30 32  2  0  0  0  0
 29 33  1  0  0  0  0
 33 34  2  0  0  0  0
 33 35  1  0  0  0  0
 35 36  1  0  0  0  0
 36 37  1  0  0  0  0
 37 38  2  0  0  0  0
 38 39  1  0  0  0  0
 39 40  2  0  0  0  0
 40 41  1  0  0  0  0
 36 41  2  0  0  0  0
 26 42  2  0  0  0  0
 42 43  1  0  0  0  0
 42 44  1  0  0  0  0
 23 44  2  0  0  0  0
  3 45  1  0  0  0  0
  5 46  1  0  0  0  0
  6 47  1  0  0  0  0
 10 48  1  0  0  0  0
 12 49  1  0  0  0  0
 12 50  1  0  0  0  0
 12 51  1  0  0  0  0
 16 52  1  0  0  0  0
 18 53  1  0  0  0  0
 19 54  1  0  0  0  0
 20 55  1  0  0  0  0
 21 56  1  0  0  0  0
 22 57  1  0  0  0  0
 24 58  1  0  0  0  0
 25 59  1  0  0  0  0
 29 60  1  0  0  0  0
 31 61  1  0  0  0  0
 31 62  1  0  0  0  0
 31 63  1  0  0  0  0
 35 64  1  0  0  0  0
 37 65  1  0  0  0  0
 38 66  1  0  0  0  0
 39 67  1  0  0  0  0
 40 68  1  0  0  0  0
 41 69  1  0  0  0  0
 44 70  1  0  0  0  0
M  END
$$$$
