 
WItclserve11290013443D 0   0.00000     0.00000cramer
 
 38 39  0  0  0  0  0  0  0  0  1 V2000
    3.3331   -0.9847    0.0373 C   0  0  0  0  0  0  0  0  0  0  0  0
    3.8029   -2.3955    0.2822 C   0  0  0  0  0  0  0  0  0  0  0  0
    4.1800    0.0680    0.1824 C   0  0  0  0  0  0  0  0  0  0  0  0
    5.8288   -0.1998    0.6552 Cl  0  0  0  0  0  0  0  0  0  0  0  0
    3.7153    1.3799   -0.0528 C   0  0  0  0  0  0  0  0  0  0  0  0
    4.4844    2.3148    0.0807 O   0  0  0  0  0  0  0  0  0  0  0  0
    2.4476    1.6231   -0.4203 O   0  0  0  0  0  0  0  0  0  0  0  0
    1.5559    0.6221   -0.5820 C   0  0  0  0  0  0  0  0  0  0  0  0
    1.9529   -0.7114   -0.3694 C   0  0  0  0  0  0  0  0  0  0  0  0
    1.0322   -1.7515   -0.5368 C   0  0  0  0  0  0  0  0  0  0  0  0
   -0.2511   -1.4685   -0.9066 C   0  0  0  0  0  0  0  0  0  0  0  0
   -0.6500   -0.1506   -1.1184 C   0  0  0  0  0  0  0  0  0  0  0  0
    0.2501    0.8912   -0.9626 C   0  0  0  0  0  0  0  0  0  0  0  0
   -1.9295    0.1146   -1.4863 O   0  0  0  0  0  0  0  0  0  0  0  0
   -2.7704    0.3222   -0.1291 P   0  0  0  0  0  0  0  0  0  0  0  0
   -2.0511    1.7450    0.8358 S   0  0  0  0  0  0  0  0  0  0  0  0
   -4.3058    0.6421   -0.4926 O   0  0  0  0  0  0  0  0  0  0  0  0
   -4.9963    0.8151    0.7465 C   0  0  0  0  0  0  0  0  0  0  0  0
   -6.4693    1.1235    0.4708 C   0  0  0  0  0  0  0  0  0  0  0  0
   -2.6972   -1.0193    0.7581 O   0  0  0  0  0  0  0  0  0  0  0  0
   -3.2605   -2.0683   -0.0321 C   0  0  0  0  0  0  0  0  0  0  0  0
   -3.2213   -3.3785    0.7570 C   0  0  0  0  0  0  0  0  0  0  0  0
    4.8544   -2.3837    0.5691 H   0  0  0  0  0  0  0  0  0  0  0  0
    3.2128   -2.8411    1.0830 H   0  0  0  0  0  0  0  0  0  0  0  0
    3.6813   -2.9821   -0.6284 H   0  0  0  0  0  0  0  0  0  0  0  0
    1.3358   -2.7751   -0.3743 H   0  0  0  0  0  0  0  0  0  0  0  0
   -0.9616   -2.2715   -1.0361 H   0  0  0  0  0  0  0  0  0  0  0  0
   -0.0668    1.9102   -1.1282 H   0  0  0  0  0  0  0  0  0  0  0  0
   -4.9205   -0.0990    1.3354 H   0  0  0  0  0  0  0  0  0  0  0  0
   -4.5493    1.6415    1.2992 H   0  0  0  0  0  0  0  0  0  0  0  0
   -6.9163    0.2971   -0.0818 H   0  0  0  0  0  0  0  0  0  0  0  0
   -6.9959    1.2555    1.4160 H   0  0  0  0  0  0  0  0  0  0  0  0
   -6.5451    2.0376   -0.1181 H   0  0  0  0  0  0  0  0  0  0  0  0
   -4.2936   -1.8231   -0.2782 H   0  0  0  0  0  0  0  0  0  0  0  0
   -2.6848   -2.1802   -0.9509 H   0  0  0  0  0  0  0  0  0  0  0  0
   -3.6510   -4.1787    0.1542 H   0  0  0  0  0  0  0  0  0  0  0  0
   -2.1882   -3.6237    1.0031 H   0  0  0  0  0  0  0  0  0  0  0  0
   -3.7970   -3.2666    1.6758 H   0  0  0  0  0  0  0  0  0  0  0  0
  1  2  1  0  0  0  0
  1  3  2  0  0  0  0
  3  4  1  0  0  0  0
  3  5  1  0  0  0  0
  5  6  2  0  0  0  0
  5  7  1  0  0  0  0
  7  8  1  0  0  0  0
  8  9  1  0  0  0  0
  1  9  1  0  0  0  0
  9 10  2  0  0  0  0
 10 11  1  0  0  0  0
 11 12  2  0  0  0  0
 12 13  1  0  0  0  0
  8 13  2  0  0  0  0
 12 14  1  0  0  0  0
 14 15  1  0  0  0  0
 15 16  2  0  0  0  0
 15 17  1  0  0  0  0
 17 18  1  0  0  0  0
 18 19  1  0  0  0  0
 15 20  1  0  0  0  0
 20 21  1  0  0  0  0
 21 22  1  0  0  0  0
  2 23  1  0  0  0  0
  2 24  1  0  0  0  0
  2 25  1  0  0  0  0
 10 26  1  0  0  0  0
 11 27  1  0  0  0  0
 13 28  1  0  0  0  0
 18 29  1  0  0  0  0
 18 30  1  0  0  0  0
 19 31  1  0  0  0  0
 19 32  1  0  0  0  0
 19 33  1  0  0  0  0
 21 34  1  0  0  0  0
 21 35  1  0  0  0  0
 22 36  1  0  0  0  0
 22 37  1  0  0  0  0
 22 38  1  0  0  0  0
M  END
$$$$
