 
WItclserve11290013443D 0   0.00000     0.00000cramer
 
 24 24  0  0  0  0  0  0  0  0  1 V2000
    0.8254   -1.1202   -0.0004 C   0  0  0  0  0  0  0  0  0  0  0  0
   -0.5435   -1.2810    0.0000 C   0  0  0  0  0  0  0  0  0  0  0  0
   -1.3776   -0.1618    0.0002 C   0  0  0  0  0  0  0  0  0  0  0  0
   -0.8252    1.1205   -0.0001 C   0  0  0  0  0  0  0  0  0  0  0  0
    0.5432    1.2812   -0.0005 C   0  0  0  0  0  0  0  0  0  0  0  0
    1.3776    0.1617   -0.0007 C   0  0  0  0  0  0  0  0  0  0  0  0
    2.8469    0.3342   -0.0001 C   0  0  0  0  0  0  0  0  0  0  0  0
    3.3273    1.4496    0.0005 O   0  0  0  0  0  0  0  0  0  0  0  0
    3.6518   -0.7457   -0.0002 O   0  0  0  0  0  0  0  0  0  0  0  0
    5.0939   -0.5763    0.0003 C   0  0  0  0  0  0  0  0  0  0  0  0
   -2.8469   -0.3343    0.0001 C   0  0  0  0  0  0  0  0  0  0  0  0
   -3.3273   -1.4497    0.0000 O   0  0  0  0  0  0  0  0  0  0  0  0
   -3.6517    0.7456    0.0002 O   0  0  0  0  0  0  0  0  0  0  0  0
   -5.0938    0.5763    0.0002 C   0  0  0  0  0  0  0  0  0  0  0  0
    1.4708   -1.9862    0.0040 H   0  0  0  0  0  0  0  0  0  0  0  0
   -0.9707   -2.2729   -0.0001 H   0  0  0  0  0  0  0  0  0  0  0  0
   -1.4706    1.9864   -0.0004 H   0  0  0  0  0  0  0  0  0  0  0  0
    0.9705    2.2731   -0.0007 H   0  0  0  0  0  0  0  0  0  0  0  0
    5.5746   -1.5546    0.0001 H   0  0  0  0  0  0  0  0  0  0  0  0
    5.3951   -0.0233   -0.8894 H   0  0  0  0  0  0  0  0  0  0  0  0
    5.3945   -0.0240    0.8906 H   0  0  0  0  0  0  0  0  0  0  0  0
   -5.3948    0.0235    0.8901 H   0  0  0  0  0  0  0  0  0  0  0  0
   -5.5745    1.5545    0.0003 H   0  0  0  0  0  0  0  0  0  0  0  0
   -5.3948    0.0237   -0.8899 H   0  0  0  0  0  0  0  0  0  0  0  0
  1  2  1  0  0  0  0
  2  3  2  0  0  0  0
  3  4  1  0  0  0  0
  4  5  2  0  0  0  0
  5  6  1  0  0  0  0
  1  6  2  0  0  0  0
  6  7  1  0  0  0  0
  7  8  2  0  0  0  0
  7  9  1  0  0  0  0
  9 10  1  0  0  0  0
  3 11  1  0  0  0  0
 11 12  2  0  0  0  0
 11 13  1  0  0  0  0
 13 14  1  0  0  0  0
  1 15  1  0  0  0  0
  2 16  1  0  0  0  0
  4 17  1  0  0  0  0
  5 18  1  0  0  0  0
 10 19  1  0  0  0  0
 10 20  1  0  0  0  0
 10 21  1  0  0  0  0
 14 22  1  0  0  0  0
 14 23  1  0  0  0  0
 14 24  1  0  0  0  0
M  END
$$$$
