 
WItclserve11290013453D 0   0.00000     0.00000cramer
 
 17 17  0  0  0  0  0  0  0  0  1 V2000
   -2.6309    1.3907    0.0006 C   0  0  0  0  0  0  0  0  0  0  0  0
   -3.4996    0.3130    0.0003 C   0  0  0  0  0  0  0  0  0  0  0  0
   -3.0086   -0.9808   -0.0001 C   0  0  0  0  0  0  0  0  0  0  0  0
   -1.6480   -1.2058   -0.0003 C   0  0  0  0  0  0  0  0  0  0  0  0
   -0.7640   -0.1224   -0.0005 C   0  0  0  0  0  0  0  0  0  0  0  0
   -1.2681    1.1823    0.0000 C   0  0  0  0  0  0  0  0  0  0  0  0
    0.6894   -0.3537   -0.0001 C   0  0  0  0  0  0  0  0  0  0  0  0
    1.1231   -1.4861    0.0003 O   0  0  0  0  0  0  0  0  0  0  0  0
    1.6387    0.8167   -0.0003 C   0  0  0  0  0  0  0  0  0  0  0  0
    3.3375    0.2127    0.0001 Cl  0  0  0  0  0  0  0  0  0  0  0  0
   -3.0218    2.3975   -0.0032 H   0  0  0  0  0  0  0  0  0  0  0  0
   -4.5662    0.4827    0.0008 H   0  0  0  0  0  0  0  0  0  0  0  0
   -3.6927   -1.8165    0.0000 H   0  0  0  0  0  0  0  0  0  0  0  0
   -1.2663   -2.2161    0.0000 H   0  0  0  0  0  0  0  0  0  0  0  0
   -0.5916    2.0242   -0.0005 H   0  0  0  0  0  0  0  0  0  0  0  0
    1.4686    1.4223   -0.8905 H   0  0  0  0  0  0  0  0  0  0  0  0
    1.4683    1.4228    0.8895 H   0  0  0  0  0  0  0  0  0  0  0  0
  1  2  1  0  0  0  0
  2  3  2  0  0  0  0
  3  4  1  0  0  0  0
  4  5  2  0  0  0  0
  5  6  1  0  0  0  0
  1  6  2  0  0  0  0
  5  7  1  0  0  0  0
  7  8  2  0  0  0  0
  7  9  1  0  0  0  0
  9 10  1  0  0  0  0
  1 11  1  0  0  0  0
  2 12  1  0  0  0  0
  3 13  1  0  0  0  0
  4 14  1  0  0  0  0
  6 15  1  0  0  0  0
  9 16  1  0  0  0  0
  9 17  1  0  0  0  0
M  END
$$$$
