 
WItclserve11290013453D 0   0.00000     0.00000cramer
 
 22 21  0  0  0  0  0  0  0  0  1 V2000
    4.1828    0.5498    0.0974 C   0  0  0  0  0  0  0  0  0  0  0  0
    2.9991   -0.3505   -0.2622 C   0  0  0  0  0  0  0  0  0  0  0  0
    1.6974    0.3125    0.1927 C   0  0  0  0  0  0  0  0  0  0  0  0
    0.5138   -0.5879   -0.1668 C   0  0  0  0  0  0  0  0  0  0  0  0
   -0.7020    0.0314    0.2580 O   0  0  0  0  0  0  0  0  0  0  0  0
   -1.7644   -0.8531   -0.1040 C   0  0  0  0  0  0  0  0  0  0  0  0
   -3.1018   -0.2462    0.3251 C   0  0  0  0  0  0  0  0  0  0  0  0
   -3.2856    1.0115   -0.3279 O   0  0  0  0  0  0  0  0  0  0  0  0
    4.0717    1.5125   -0.4015 H   0  0  0  0  0  0  0  0  0  0  0  0
    4.2098    0.7008    1.1766 H   0  0  0  0  0  0  0  0  0  0  0  0
    5.1102    0.0775   -0.2266 H   0  0  0  0  0  0  0  0  0  0  0  0
    2.9722   -0.5015   -1.3413 H   0  0  0  0  0  0  0  0  0  0  0  0
    3.1102   -1.3132    0.2368 H   0  0  0  0  0  0  0  0  0  0  0  0
    1.7244    0.4635    1.2719 H   0  0  0  0  0  0  0  0  0  0  0  0
    1.5864    1.2752   -0.3062 H   0  0  0  0  0  0  0  0  0  0  0  0
    0.4868   -0.7389   -1.2460 H   0  0  0  0  0  0  0  0  0  0  0  0
    0.6249   -1.5506    0.3321 H   0  0  0  0  0  0  0  0  0  0  0  0
   -1.7622   -1.0007   -1.1839 H   0  0  0  0  0  0  0  0  0  0  0  0
   -1.6242   -1.8124    0.3941 H   0  0  0  0  0  0  0  0  0  0  0  0
   -3.9122   -0.9209    0.0490 H   0  0  0  0  0  0  0  0  0  0  0  0
   -3.1039   -0.0986    1.4051 H   0  0  0  0  0  0  0  0  0  0  0  0
   -4.1377    1.3588   -0.0307 H   0  0  0  0  0  0  0  0  0  0  0  0
  1  2  1  0  0  0  0
  2  3  1  0  0  0  0
  3  4  1  0  0  0  0
  4  5  1  0  0  0  0
  5  6  1  0  0  0  0
  6  7  1  0  0  0  0
  7  8  1  0  0  0  0
  1  9  1  0  0  0  0
  1 10  1  0  0  0  0
  1 11  1  0  0  0  0
  2 12  1  0  0  0  0
  2 13  1  0  0  0  0
  3 14  1  0  0  0  0
  3 15  1  0  0  0  0
  4 16  1  0  0  0  0
  4 17  1  0  0  0  0
  6 18  1  0  0  0  0
  6 19  1  0  0  0  0
  7 20  1  0  0  0  0
  7 21  1  0  0  0  0
  8 22  1  0  0  0  0
M  END
$$$$
