 
WItclserve11290013453D 0   0.00000     0.00000cramer
 
 54 53  0  0  0  0  0  0  0  0  1 V2000
   10.2129   -0.6436    0.2342 C   0  0  0  0  0  0  0  0  0  0  0  0
    9.0266    0.2917   -0.0083 C   0  0  0  0  0  0  0  0  0  0  0  0
    7.7202   -0.4806    0.1861 C   0  0  0  0  0  0  0  0  0  0  0  0
    6.5339    0.4547   -0.0563 C   0  0  0  0  0  0  0  0  0  0  0  0
    5.2275   -0.3176    0.1381 C   0  0  0  0  0  0  0  0  0  0  0  0
    4.0412    0.6178   -0.1043 C   0  0  0  0  0  0  0  0  0  0  0  0
    2.7348   -0.1545    0.0901 C   0  0  0  0  0  0  0  0  0  0  0  0
    1.5485    0.7808   -0.1523 C   0  0  0  0  0  0  0  0  0  0  0  0
    0.2421    0.0085    0.0421 C   0  0  0  0  0  0  0  0  0  0  0  0
   -0.9442    0.9438   -0.2003 C   0  0  0  0  0  0  0  0  0  0  0  0
   -2.2506    0.1716   -0.0059 C   0  0  0  0  0  0  0  0  0  0  0  0
   -3.4369    1.1069   -0.2483 C   0  0  0  0  0  0  0  0  0  0  0  0
   -4.6912    0.3654   -0.0617 N   0  0  0  0  0  0  0  0  0  0  0  0
   -5.7840    1.3158   -0.3077 C   0  0  0  0  0  0  0  0  0  0  0  0
   -7.1175    0.6692    0.0726 C   0  0  0  0  0  0  0  0  0  0  0  0
   -7.1493    0.4368    1.4823 O   0  0  0  0  0  0  0  0  0  0  0  0
   -4.7532   -0.6361   -1.1346 C   0  0  0  0  0  0  0  0  0  0  0  0
   -4.2237   -1.9741   -0.6145 C   0  0  0  0  0  0  0  0  0  0  0  0
   -5.0956   -2.4677    0.4044 O   0  0  0  0  0  0  0  0  0  0  0  0
   11.1436   -0.0934    0.0957 H   0  0  0  0  0  0  0  0  0  0  0  0
   10.1679   -1.0312    1.2519 H   0  0  0  0  0  0  0  0  0  0  0  0
   10.1722   -1.4726   -0.4724 H   0  0  0  0  0  0  0  0  0  0  0  0
    9.0672    1.1207    0.6983 H   0  0  0  0  0  0  0  0  0  0  0  0
    9.0715    0.6793   -1.0260 H   0  0  0  0  0  0  0  0  0  0  0  0
    7.6796   -1.3096   -0.5204 H   0  0  0  0  0  0  0  0  0  0  0  0
    7.6752   -0.8682    1.2039 H   0  0  0  0  0  0  0  0  0  0  0  0
    6.5745    1.2837    0.6503 H   0  0  0  0  0  0  0  0  0  0  0  0
    6.5788    0.8423   -1.0741 H   0  0  0  0  0  0  0  0  0  0  0  0
    5.1869   -1.1465   -0.5685 H   0  0  0  0  0  0  0  0  0  0  0  0
    5.1825   -0.7051    1.1559 H   0  0  0  0  0  0  0  0  0  0  0  0
    4.0818    1.4467    0.6023 H   0  0  0  0  0  0  0  0  0  0  0  0
    4.0861    1.0053   -1.1221 H   0  0  0  0  0  0  0  0  0  0  0  0
    2.6942   -0.9835   -0.6165 H   0  0  0  0  0  0  0  0  0  0  0  0
    2.6898   -0.5421    1.1079 H   0  0  0  0  0  0  0  0  0  0  0  0
    1.5891    1.6098    0.5543 H   0  0  0  0  0  0  0  0  0  0  0  0
    1.5934    1.1684   -1.1701 H   0  0  0  0  0  0  0  0  0  0  0  0
    0.2015   -0.8205   -0.6645 H   0  0  0  0  0  0  0  0  0  0  0  0
    0.1971   -0.3790    1.0599 H   0  0  0  0  0  0  0  0  0  0  0  0
   -0.9036    1.7728    0.5063 H   0  0  0  0  0  0  0  0  0  0  0  0
   -0.8993    1.3314   -1.2181 H   0  0  0  0  0  0  0  0  0  0  0  0
   -2.2912   -0.6574   -0.7125 H   0  0  0  0  0  0  0  0  0  0  0  0
   -2.2956   -0.2160    1.0119 H   0  0  0  0  0  0  0  0  0  0  0  0
   -3.3963    1.9359    0.4582 H   0  0  0  0  0  0  0  0  0  0  0  0
   -3.3919    1.4945   -1.2661 H   0  0  0  0  0  0  0  0  0  0  0  0
   -5.6295    2.2110    0.2946 H   0  0  0  0  0  0  0  0  0  0  0  0
   -5.7995    1.5863   -1.3635 H   0  0  0  0  0  0  0  0  0  0  0  0
   -7.9357    1.3338   -0.2046 H   0  0  0  0  0  0  0  0  0  0  0  0
   -7.2250   -0.2789   -0.4544 H   0  0  0  0  0  0  0  0  0  0  0  0
   -8.0040    0.0297    1.6792 H   0  0  0  0  0  0  0  0  0  0  0  0
   -5.7864   -0.7561   -1.4603 H   0  0  0  0  0  0  0  0  0  0  0  0
   -4.1431   -0.3061   -1.9754 H   0  0  0  0  0  0  0  0  0  0  0  0
   -4.1804   -2.6911   -1.4343 H   0  0  0  0  0  0  0  0  0  0  0  0
   -3.2249   -1.8337   -0.2014 H   0  0  0  0  0  0  0  0  0  0  0  0
   -4.6862   -3.2691    0.7584 H   0  0  0  0  0  0  0  0  0  0  0  0
  1  2  1  0  0  0  0
  2  3  1  0  0  0  0
  3  4  1  0  0  0  0
  4  5  1  0  0  0  0
  5  6  1  0  0  0  0
  6  7  1  0  0  0  0
  7  8  1  0  0  0  0
  8  9  1  0  0  0  0
  9 10  1  0  0  0  0
 10 11  1  0  0  0  0
 11 12  1  0  0  0  0
 12 13  1  0  0  0  0
 13 14  1  0  0  0  0
 14 15  1  0  0  0  0
 15 16  1  0  0  0  0
 13 17  1  0  0  0  0
 17 18  1  0  0  0  0
 18 19  1  0  0  0  0
  1 20  1  0  0  0  0
  1 21  1  0  0  0  0
  1 22  1  0  0  0  0
  2 23  1  0  0  0  0
  2 24  1  0  0  0  0
  3 25  1  0  0  0  0
  3 26  1  0  0  0  0
  4 27  1  0  0  0  0
  4 28  1  0  0  0  0
  5 29  1  0  0  0  0
  5 30  1  0  0  0  0
  6 31  1  0  0  0  0
  6 32  1  0  0  0  0
  7 33  1  0  0  0  0
  7 34  1  0  0  0  0
  8 35  1  0  0  0  0
  8 36  1  0  0  0  0
  9 37  1  0  0  0  0
  9 38  1  0  0  0  0
 10 39  1  0  0  0  0
 10 40  1  0  0  0  0
 11 41  1  0  0  0  0
 11 42  1  0  0  0  0
 12 43  1  0  0  0  0
 12 44  1  0  0  0  0
 14 45  1  0  0  0  0
 14 46  1  0  0  0  0
 15 47  1  0  0  0  0
 15 48  1  0  0  0  0
 16 49  1  0  0  0  0
 17 50  1  0  0  0  0
 17 51  1  0  0  0  0
 18 52  1  0  0  0  0
 18 53  1  0  0  0  0
 19 54  1  0  0  0  0
M  END
$$$$
