 
WItclserve11290013443D 0   0.00000     0.00000cramer
 
 22 21  0  0  0  0  0  0  0  0  1 V2000
   -0.0608    1.0215   -0.0551 N   0  0  0  0  0  0  0  0  0  0  0  0
    0.0312   -0.0869   -1.0149 C   0  0  0  0  0  0  0  0  0  0  0  0
    0.0683   -1.3957   -0.2688 C   0  0  0  0  0  0  0  0  0  0  0  0
   -0.0485   -1.4091    0.9337 O   0  0  0  0  0  0  0  0  0  0  0  0
    0.2311   -2.5466   -0.9401 O   0  0  0  0  0  0  0  0  0  0  0  0
    0.2802   -4.2748    0.0451 Na  0  0  0  0  0  0  0  0  0  0  0  0
    1.0942    1.8939   -0.3058 C   0  0  0  0  0  0  0  0  0  0  0  0
    2.3632    1.1602    0.0440 C   0  0  0  0  0  0  0  0  0  0  0  0
    2.3108    0.0269    0.4596 O   0  0  0  0  0  0  0  0  0  0  0  0
    3.5517    1.7659   -0.1060 O   0  0  0  0  0  0  0  0  0  0  0  0
    5.2274    0.7971    0.3560 Na  0  0  0  0  0  0  0  0  0  0  0  0
   -1.2583    1.7927   -0.4145 C   0  0  0  0  0  0  0  0  0  0  0  0
   -2.4883    1.0564    0.0504 C   0  0  0  0  0  0  0  0  0  0  0  0
   -2.3770    0.0568    0.7199 O   0  0  0  0  0  0  0  0  0  0  0  0
   -3.7074    1.5111   -0.2793 O   0  0  0  0  0  0  0  0  0  0  0  0
   -5.3316    0.5388    0.3345 Na  0  0  0  0  0  0  0  0  0  0  0  0
   -0.8364   -0.0692   -1.6746 H   0  0  0  0  0  0  0  0  0  0  0  0
    0.9401    0.0197   -1.6070 H   0  0  0  0  0  0  0  0  0  0  0  0
    1.1155    2.1749   -1.3588 H   0  0  0  0  0  0  0  0  0  0  0  0
    1.0120    2.7908    0.3080 H   0  0  0  0  0  0  0  0  0  0  0  0
   -1.2177    2.7710    0.0646 H   0  0  0  0  0  0  0  0  0  0  0  0
   -1.2978    1.9193   -1.4964 H   0  0  0  0  0  0  0  0  0  0  0  0
  1  2  1  0  0  0  0
  2  3  1  0  0  0  0
  3  4  2  0  0  0  0
  3  5  1  0  0  0  0
  5  6  1  0  0  0  0
  1  7  1  0  0  0  0
  7  8  1  0  0  0  0
  8  9  2  0  0  0  0
  8 10  1  0  0  0  0
 10 11  1  0  0  0  0
  1 12  1  0  0  0  0
 12 13  1  0  0  0  0
 13 14  2  0  0  0  0
 13 15  1  0  0  0  0
 15 16  1  0  0  0  0
  2 17  1  0  0  0  0
  2 18  1  0  0  0  0
  7 19  1  0  0  0  0
  7 20  1  0  0  0  0
 12 21  1  0  0  0  0
 12 22  1  0  0  0  0
M  END
$$$$
