 
WItclserve11290013443D 0   0.00000     0.00000cramer
 
 25 26  0  0  0  0  0  0  0  0  2 V2000
    0.7143    0.6231   -0.1367 C   0  0  0  0  0  0  0  0  0  0  0  0
    1.6445    1.6447   -0.1115 C   0  0  0  0  0  0  0  0  0  0  0  0
    2.9936    1.3515   -0.0227 C   0  0  0  0  0  0  0  0  0  0  0  0
    4.1596    2.6372    0.0087 Cl  0  0  0  0  0  0  0  0  0  0  0  0
    3.4149    0.0349    0.0417 C   0  0  0  0  0  0  0  0  0  0  0  0
    2.4881   -0.9900    0.0169 C   0  0  0  0  0  0  0  0  0  0  0  0
    3.0166   -2.6416    0.0965 Cl  0  0  0  0  0  0  0  0  0  0  0  0
    1.1335   -0.6973   -0.0723 C   0  0  0  0  0  0  0  0  0  0  0  0
    0.2199   -1.7034   -0.0969 O   0  0  0  0  0  0  0  0  0  0  0  0
   -1.0071   -1.1208   -0.0597 C   0  0  0  0  0  0  0  0  0  0  0  0
   -1.6939   -0.8704   -1.2394 C   0  0  0  0  0  0  0  0  0  0  0  0
   -2.9409   -0.2780   -1.1987 C   0  0  0  0  0  0  0  0  0  0  0  0
   -3.5052    0.0656    0.0162 C   0  0  0  0  0  0  0  0  0  0  0  0
   -2.8230   -0.1823    1.1929 C   0  0  0  0  0  0  0  0  0  0  0  0
   -1.5780   -0.7803    1.1581 C   0  0  0  0  0  0  0  0  0  0  0  0
   -4.8418    0.7003    0.0568 N   0  3  0  0  0  0  0  0  0  0  0  0
   -5.3399    1.0034    1.1263 O   0  0  0  0  0  0  0  0  0  0  0  0
   -5.4436    0.9196   -0.9792 O   0  5  0  0  0  0  0  0  0  0  0  0
   -0.3390    0.8530   -0.2019 H   0  0  0  0  0  0  0  0  0  0  0  0
    1.3180    2.6729   -0.1617 H   0  0  0  0  0  0  0  0  0  0  0  0
    4.4686   -0.1919    0.1111 H   0  0  0  0  0  0  0  0  0  0  0  0
   -1.2535   -1.1382   -2.1884 H   0  0  0  0  0  0  0  0  0  0  0  0
   -3.4756   -0.0827   -2.1164 H   0  0  0  0  0  0  0  0  0  0  0  0
   -3.2657    0.0876    2.1403 H   0  0  0  0  0  0  0  0  0  0  0  0
   -1.0455   -0.9737    2.0776 H   0  0  0  0  0  0  0  0  0  0  0  0
  1  2  1  0  0  0  0
  2  3  2  0  0  0  0
  3  4  1  0  0  0  0
  3  5  1  0  0  0  0
  5  6  2  0  0  0  0
  6  7  1  0  0  0  0
  6  8  1  0  0  0  0
  1  8  2  0  0  0  0
  8  9  1  0  0  0  0
  9 10  1  0  0  0  0
 10 11  1  0  0  0  0
 11 12  2  0  0  0  0
 12 13  1  0  0  0  0
 13 14  2  0  0  0  0
 14 15  1  0  0  0  0
 10 15  2  0  0  0  0
 13 16  1  0  0  0  0
 16 17  2  0  0  0  0
 16 18  1  0  0  0  0
  1 19  1  0  0  0  0
  2 20  1  0  0  0  0
  5 21  1  0  0  0  0
 11 22  1  0  0  0  0
 12 23  1  0  0  0  0
 14 24  1  0  0  0  0
 15 25  1  0  0  0  0
M  CHG  2  16   1  18  -1
M  END
$$$$
