 
WItclserve11290013443D 0   0.00000     0.00000cramer
 
 26 29  0  0  0  0  0  0  0  0  1 V2000
   -0.0215   -1.1430    0.1066 C   0  0  0  0  0  0  0  0  0  0  0  0
   -0.1300   -2.8394   -0.4876 Cl  0  0  0  0  0  0  0  0  0  0  0  0
    1.4138   -0.6635    0.4875 C   0  0  0  0  0  0  0  0  0  0  0  0
    2.7494   -1.7048    0.8415 Cl  0  0  0  0  0  0  0  0  0  0  0  0
    1.4145    0.6620    0.4881 C   0  0  0  0  0  0  0  0  0  0  0  0
    2.7513    1.7013    0.8434 Cl  0  0  0  0  0  0  0  0  0  0  0  0
   -0.0200    1.1436    0.1068 C   0  0  0  0  0  0  0  0  0  0  0  0
   -0.1256    2.8402   -0.4874 Cl  0  0  0  0  0  0  0  0  0  0  0  0
   -0.2364    0.0005   -0.9369 C   0  0  0  0  0  0  0  0  0  0  0  0
    1.1644   -0.0003   -2.1170 Cl  0  0  0  0  0  0  0  0  0  0  0  0
   -1.7706    0.0015   -1.8517 Cl  0  0  0  0  0  0  0  0  0  0  0  0
   -0.7744    0.7813    1.3935 C   0  0  0  0  0  0  0  0  0  0  0  0
   -0.7744   -0.7798    1.3940 C   0  0  0  0  0  0  0  0  0  0  0  0
   -2.2696   -1.1468    1.4312 C   0  0  0  0  0  0  0  0  0  0  0  0
   -2.9097   -0.6610    0.1365 C   0  0  0  0  0  0  0  0  0  0  0  0
   -2.9098    0.6606    0.1357 C   0  0  0  0  0  0  0  0  0  0  0  0
   -2.2696    1.1483    1.4295 C   0  0  0  0  0  0  0  0  0  0  0  0
   -2.7970    0.0015    2.3884 C   0  0  0  0  0  0  0  0  0  0  0  0
   -0.2445    1.1697    2.2990 H   0  0  0  0  0  0  0  0  0  0  0  0
   -0.2436   -1.1677    2.2991 H   0  0  0  0  0  0  0  0  0  0  0  0
   -2.5253   -2.1640    1.7467 H   0  0  0  0  0  0  0  0  0  0  0  0
   -3.3108   -1.2867   -0.6496 H   0  0  0  0  0  0  0  0  0  0  0  0
   -3.3116    1.2849   -0.6513 H   0  0  0  0  0  0  0  0  0  0  0  0
   -2.5256    2.1660    1.7434 H   0  0  0  0  0  0  0  0  0  0  0  0
   -3.8790    0.0016    2.4697 H   0  0  0  0  0  0  0  0  0  0  0  0
   -2.2876    0.0023    3.3463 H   0  0  0  0  0  0  0  0  0  0  0  0
  1  2  1  0  0  0  0
  1  3  1  0  0  0  0
  3  4  1  0  0  0  0
  3  5  2  0  0  0  0
  5  6  1  0  0  0  0
  5  7  1  0  0  0  0
  7  8  1  0  0  0  0
  7  9  1  0  0  0  0
  1  9  1  0  0  0  0
  9 10  1  0  0  0  0
  9 11  1  0  0  0  0
  7 12  1  0  0  0  0
 12 13  1  0  0  0  0
  1 13  1  0  0  0  0
 13 14  1  0  0  0  0
 14 15  1  0  0  0  0
 15 16  2  0  0  0  0
 16 17  1  0  0  0  0
 12 17  1  0  0  0  0
 17 18  1  0  0  0  0
 14 18  1  0  0  0  0
 12 19  1  0  0  0  0
 13 20  1  0  0  0  0
 14 21  1  0  0  0  0
 15 22  1  0  0  0  0
 16 23  1  0  0  0  0
 17 24  1  0  0  0  0
 18 25  1  0  0  0  0
 18 26  1  0  0  0  0
M  END
$$$$
