 
WItclserve11290013443D 0   0.00000     0.00000cramer
 
 19 19  0  0  0  0  0  0  0  0  1 V2000
   -1.2009    0.0035   -0.0013 C   0  0  0  0  0  0  0  0  0  0  0  0
   -2.4119   -0.6923   -0.0021 N   0  0  0  0  0  0  0  0  0  0  0  0
   -1.1970    1.3935    0.0004 C   0  0  0  0  0  0  0  0  0  0  0  0
    0.0003    2.0824    0.0012 C   0  0  0  0  0  0  0  0  0  0  0  0
    1.1977    1.3928    0.0002 C   0  0  0  0  0  0  0  0  0  0  0  0
    1.2010    0.0033   -0.0015 C   0  0  0  0  0  0  0  0  0  0  0  0
    2.4118   -0.6929   -0.0020 N   0  0  0  0  0  0  0  0  0  0  0  0
   -0.0003   -0.6920    0.0036 C   0  0  0  0  0  0  0  0  0  0  0  0
   -0.0005   -2.1990    0.0022 C   0  0  0  0  0  0  0  0  0  0  0  0
   -3.2509   -0.2055   -0.0015 H   0  0  0  0  0  0  0  0  0  0  0  0
   -2.4139   -1.6623   -0.0033 H   0  0  0  0  0  0  0  0  0  0  0  0
   -2.1312    1.9354    0.0008 H   0  0  0  0  0  0  0  0  0  0  0  0
    0.0005    3.1624    0.0022 H   0  0  0  0  0  0  0  0  0  0  0  0
    2.1320    1.9344    0.0005 H   0  0  0  0  0  0  0  0  0  0  0  0
    3.2510   -0.2065   -0.0012 H   0  0  0  0  0  0  0  0  0  0  0  0
    2.4135   -1.6629   -0.0032 H   0  0  0  0  0  0  0  0  0  0  0  0
    0.0042   -2.5633    1.0295 H   0  0  0  0  0  0  0  0  0  0  0  0
   -0.8930   -2.5617   -0.5078 H   0  0  0  0  0  0  0  0  0  0  0  0
    0.8869   -2.5620   -0.5162 H   0  0  0  0  0  0  0  0  0  0  0  0
  1  2  1  0  0  0  0
  1  3  1  0  0  0  0
  3  4  2  0  0  0  0
  4  5  1  0  0  0  0
  5  6  2  0  0  0  0
  6  7  1  0  0  0  0
  6  8  1  0  0  0  0
  1  8  2  0  0  0  0
  8  9  1  0  0  0  0
  2 10  1  0  0  0  0
  2 11  1  0  0  0  0
  3 12  1  0  0  0  0
  4 13  1  0  0  0  0
  5 14  1  0  0  0  0
  7 15  1  0  0  0  0
  7 16  1  0  0  0  0
  9 17  1  0  0  0  0
  9 18  1  0  0  0  0
  9 19  1  0  0  0  0
M  END
$$$$
