 
WItclserve11290013443D 0   0.00000     0.00000cramer
 
 15 14  0  0  0  0  0  0  0  0  1 V2000
    0.5736   -0.0888    0.0033 C   0  0  0  0  0  0  0  0  0  0  0  0
    0.7106   -1.2964    0.0008 O   0  0  0  0  0  0  0  0  0  0  0  0
    1.7552    0.7848    0.0011 C   0  0  0  0  0  0  0  0  0  0  0  0
    2.9754    0.2536   -0.0035 C   0  0  0  0  0  0  0  0  0  0  0  0
   -0.6624    0.4493    0.0023 O   0  0  0  0  0  0  0  0  0  0  0  0
   -1.8300   -0.4139   -0.0016 C   0  0  0  0  0  0  0  0  0  0  0  0
   -3.0976    0.4429   -0.0018 C   0  0  0  0  0  0  0  0  0  0  0  0
    1.6335    1.8579    0.0033 H   0  0  0  0  0  0  0  0  0  0  0  0
    3.0972   -0.8195   -0.0057 H   0  0  0  0  0  0  0  0  0  0  0  0
    3.8439    0.8956   -0.0051 H   0  0  0  0  0  0  0  0  0  0  0  0
   -1.8151   -1.0411   -0.8929 H   0  0  0  0  0  0  0  0  0  0  0  0
   -1.8182   -1.0450    0.8870 H   0  0  0  0  0  0  0  0  0  0  0  0
   -3.9741   -0.2051   -0.0048 H   0  0  0  0  0  0  0  0  0  0  0  0
   -3.1124    1.0701    0.8895 H   0  0  0  0  0  0  0  0  0  0  0  0
   -3.1093    1.0741   -0.8904 H   0  0  0  0  0  0  0  0  0  0  0  0
  1  2  2  0  0  0  0
  1  3  1  0  0  0  0
  3  4  2  0  0  0  0
  1  5  1  0  0  0  0
  5  6  1  0  0  0  0
  6  7  1  0  0  0  0
  3  8  1  0  0  0  0
  4  9  1  0  0  0  0
  4 10  1  0  0  0  0
  6 11  1  0  0  0  0
  6 12  1  0  0  0  0
  7 13  1  0  0  0  0
  7 14  1  0  0  0  0
  7 15  1  0  0  0  0
M  END
$$$$
