 
WItclserve11290013443D 0   0.00000     0.00000cramer
 
  5  4  0  0  0  0  0  0  0  0  1 V2000
    0.5579    0.0000   -0.5519 C   0  0  0  0  0  0  0  0  0  0  0  0
   -1.3196    0.0001    0.0314 Br  0  0  0  0  0  0  0  0  0  0  0  0
    1.3841    1.4721    0.0815 Cl  0  0  0  0  0  0  0  0  0  0  0  0
    1.3840   -1.4722    0.0815 Cl  0  0  0  0  0  0  0  0  0  0  0  0
    0.6000    0.0000   -1.6411 H   0  0  0  0  0  0  0  0  0  0  0  0
  1  2  1  0  0  0  0
  1  3  1  0  0  0  0
  1  4  1  0  0  0  0
  1  5  1  0  0  0  0
M  END
$$$$
