 
WItclserve11290013443D 0   0.00000     0.00000cramer
 
 51 55  0  0  0  0  0  0  0  0  1 V2000
   -1.0396   -2.1899    0.3506 O   0  0  0  0  0  0  0  0  0  0  0  0
   -0.3545   -1.2853   -0.0791 C   0  0  0  0  0  0  0  0  0  0  0  0
    1.1197   -1.2612    0.0402 C   0  0  0  0  0  0  0  0  0  0  0  0
    1.7944   -2.3905    0.5104 C   0  0  0  0  0  0  0  0  0  0  0  0
    3.1571   -2.4140    0.6448 C   0  0  0  0  0  0  0  0  0  0  0  0
    3.8662   -1.2567    0.2924 C   0  0  0  0  0  0  0  0  0  0  0  0
    5.1958   -1.0450    0.3509 O   0  0  0  0  0  0  0  0  0  0  0  0
    5.5357    0.0875   -0.4724 C   0  0  0  0  0  0  0  0  0  0  0  0
    4.2296    0.9219   -0.4773 C   0  0  0  0  0  0  0  0  0  0  0  0
    3.1920   -0.1275   -0.1845 C   0  0  0  0  0  0  0  0  0  0  0  0
    1.8157   -0.0908   -0.3265 C   0  0  0  0  0  0  0  0  0  0  0  0
    1.2178    1.0230   -0.7986 O   0  0  0  0  0  0  0  0  0  0  0  0
   -0.0955    1.1180   -0.2834 C   0  0  0  0  0  0  0  0  0  0  0  0
   -0.8233    2.3866   -0.7163 C   0  0  0  0  0  0  0  0  0  0  0  0
   -2.0086    2.5236    0.0542 O   0  0  0  0  0  0  0  0  0  0  0  0
   -2.7980    1.4263   -0.0213 C   0  0  0  0  0  0  0  0  0  0  0  0
   -4.1456    1.6041    0.3026 C   0  0  0  0  0  0  0  0  0  0  0  0
   -5.0268    0.5418    0.2715 C   0  0  0  0  0  0  0  0  0  0  0  0
   -6.3353    0.7329    0.5889 O   0  0  0  0  0  0  0  0  0  0  0  0
   -6.4854    2.1183    0.9056 C   0  0  0  0  0  0  0  0  0  0  0  0
   -4.5740   -0.7251   -0.0847 C   0  0  0  0  0  0  0  0  0  0  0  0
   -5.4345   -1.7789   -0.1109 O   0  0  0  0  0  0  0  0  0  0  0  0
   -4.6754   -2.9223   -0.5089 C   0  0  0  0  0  0  0  0  0  0  0  0
   -3.2424   -0.9043   -0.4122 C   0  0  0  0  0  0  0  0  0  0  0  0
   -2.3611    0.1651   -0.3883 C   0  0  0  0  0  0  0  0  0  0  0  0
   -0.9306   -0.0763   -0.7947 C   0  0  0  0  0  0  0  0  0  0  0  0
    6.6665    0.8719    0.1416 C   0  0  0  0  0  0  0  0  0  0  0  0
    6.5181    1.4505    1.5252 C   0  0  0  0  0  0  0  0  0  0  0  0
    7.7785    1.0509   -0.5274 C   0  0  0  0  0  0  0  0  0  0  0  0
    1.2255   -3.2694    0.7756 H   0  0  0  0  0  0  0  0  0  0  0  0
    3.6677   -3.2930    1.0098 H   0  0  0  0  0  0  0  0  0  0  0  0
    5.7917   -0.2333   -1.4821 H   0  0  0  0  0  0  0  0  0  0  0  0
    4.2486    1.6804    0.3052 H   0  0  0  0  0  0  0  0  0  0  0  0
    4.0604    1.3755   -1.4539 H   0  0  0  0  0  0  0  0  0  0  0  0
   -0.0584    1.0785    0.8052 H   0  0  0  0  0  0  0  0  0  0  0  0
   -0.1795    3.2507   -0.5522 H   0  0  0  0  0  0  0  0  0  0  0  0
   -1.0810    2.3170   -1.7731 H   0  0  0  0  0  0  0  0  0  0  0  0
   -4.5022    2.5847    0.5812 H   0  0  0  0  0  0  0  0  0  0  0  0
   -6.2048    2.7210    0.0418 H   0  0  0  0  0  0  0  0  0  0  0  0
   -7.5238    2.3206    1.1679 H   0  0  0  0  0  0  0  0  0  0  0  0
   -5.8420    2.3700    1.7487 H   0  0  0  0  0  0  0  0  0  0  0  0
   -4.2467   -2.7482   -1.4958 H   0  0  0  0  0  0  0  0  0  0  0  0
   -3.8744   -3.0947    0.2099 H   0  0  0  0  0  0  0  0  0  0  0  0
   -5.3261   -3.7960   -0.5444 H   0  0  0  0  0  0  0  0  0  0  0  0
   -2.8863   -1.8856   -0.6888 H   0  0  0  0  0  0  0  0  0  0  0  0
   -0.8515   -0.1860   -1.8763 H   0  0  0  0  0  0  0  0  0  0  0  0
    7.4312    1.9799    1.7975 H   0  0  0  0  0  0  0  0  0  0  0  0
    5.6775    2.1443    1.5406 H   0  0  0  0  0  0  0  0  0  0  0  0
    6.3382    0.6459    2.2381 H   0  0  0  0  0  0  0  0  0  0  0  0
    7.8849    0.6362   -1.5189 H   0  0  0  0  0  0  0  0  0  0  0  0
    8.5889    1.6131   -0.0874 H   0  0  0  0  0  0  0  0  0  0  0  0
  1  2  2  0  0  0  0
  2  3  1  0  0  0  0
  3  4  1  0  0  0  0
  4  5  2  0  0  0  0
  5  6  1  0  0  0  0
  6  7  1  0  0  0  0
  7  8  1  0  0  0  0
  8  9  1  0  0  0  0
  9 10  1  0  0  0  0
  6 10  2  0  0  0  0
 10 11  1  0  0  0  0
  3 11  2  0  0  0  0
 11 12  1  0  0  0  0
 12 13  1  0  0  0  0
 13 14  1  0  0  0  0
 14 15  1  0  0  0  0
 15 16  1  0  0  0  0
 16 17  1  0  0  0  0
 17 18  2  0  0  0  0
 18 19  1  0  0  0  0
 19 20  1  0  0  0  0
 18 21  1  0  0  0  0
 21 22  1  0  0  0  0
 22 23  1  0  0  0  0
 21 24  2  0  0  0  0
 24 25  1  0  0  0  0
 16 25  2  0  0  0  0
 25 26  1  0  0  0  0
  2 26  1  0  0  0  0
 13 26  1  0  0  0  0
  8 27  1  0  0  0  0
 27 28  1  0  0  0  0
 27 29  2  0  0  0  0
  4 30  1  0  0  0  0
  5 31  1  0  0  0  0
  8 32  1  0  0  0  0
  9 33  1  0  0  0  0
  9 34  1  0  0  0  0
 13 35  1  0  0  0  0
 14 36  1  0  0  0  0
 14 37  1  0  0  0  0
 17 38  1  0  0  0  0
 20 39  1  0  0  0  0
 20 40  1  0  0  0  0
 20 41  1  0  0  0  0
 23 42  1  0  0  0  0
 23 43  1  0  0  0  0
 23 44  1  0  0  0  0
 24 45  1  0  0  0  0
 26 46  1  0  0  0  0
 28 47  1  0  0  0  0
 28 48  1  0  0  0  0
 28 49  1  0  0  0  0
 29 50  1  0  0  0  0
 29 51  1  0  0  0  0
M  END
$$$$
