 
WItclserve11290013453D 0   0.00000     0.00000cramer
 
 25 26  0  0  0  0  0  0  0  0  1 V2000
   -2.7561    1.8393   -1.1141 O   0  0  0  0  0  0  0  0  0  0  0  0
   -2.7763    0.9494   -0.0064 S   0  0  0  0  0  0  0  0  0  0  0  0
   -3.0361    1.2969    1.3467 O   0  0  0  0  0  0  0  0  0  0  0  0
   -3.8205   -0.2788   -0.3960 N   0  0  0  0  0  0  0  0  0  0  0  0
   -3.6646   -1.5599    0.3144 C   0  0  0  0  0  0  0  0  0  0  0  0
   -2.3525   -2.1058   -0.0336 N   0  0  0  0  0  0  0  0  0  0  0  0
   -1.2049   -1.3131   -0.0288 C   0  0  0  0  0  0  0  0  0  0  0  0
    0.0310   -1.9613   -0.0289 C   0  0  0  0  0  0  0  0  0  0  0  0
    1.2018   -1.2321   -0.0381 C   0  0  0  0  0  0  0  0  0  0  0  0
    2.7341   -2.0480   -0.0398 Cl  0  0  0  0  0  0  0  0  0  0  0  0
    1.1531    0.1514   -0.0465 C   0  0  0  0  0  0  0  0  0  0  0  0
   -0.0671    0.7966   -0.0398 C   0  0  0  0  0  0  0  0  0  0  0  0
   -1.2446    0.0763   -0.0246 C   0  0  0  0  0  0  0  0  0  0  0  0
    2.6461    1.0869   -0.0663 S   0  0  0  0  0  0  0  0  0  0  0  0
    3.4978    0.6890    1.2969 N   0  0  0  0  0  0  0  0  0  0  0  0
    3.4042    0.5811   -1.1566 O   0  0  0  0  0  0  0  0  0  0  0  0
    2.2547    2.4422    0.1048 O   0  0  0  0  0  0  0  0  0  0  0  0
   -4.5093   -0.1580   -1.0681 H   0  0  0  0  0  0  0  0  0  0  0  0
   -3.7225   -1.3949    1.3903 H   0  0  0  0  0  0  0  0  0  0  0  0
   -4.4470   -2.2522    0.0036 H   0  0  0  0  0  0  0  0  0  0  0  0
   -2.2788   -3.0428   -0.2734 H   0  0  0  0  0  0  0  0  0  0  0  0
    0.0710   -3.0406   -0.0221 H   0  0  0  0  0  0  0  0  0  0  0  0
   -0.1021    1.8760   -0.0435 H   0  0  0  0  0  0  0  0  0  0  0  0
    4.3578    1.1031    1.4696 H   0  0  0  0  0  0  0  0  0  0  0  0
    3.1367    0.0418    1.9228 H   0  0  0  0  0  0  0  0  0  0  0  0
  1  2  2  0  0  0  0
  2  3  2  0  0  0  0
  2  4  1  0  0  0  0
  4  5  1  0  0  0  0
  5  6  1  0  0  0  0
  6  7  1  0  0  0  0
  7  8  1  0  0  0  0
  8  9  2  0  0  0  0
  9 10  1  0  0  0  0
  9 11  1  0  0  0  0
 11 12  2  0  0  0  0
 12 13  1  0  0  0  0
  2 13  1  0  0  0  0
  7 13  2  0  0  0  0
 11 14  1  0  0  0  0
 14 15  1  0  0  0  0
 14 16  2  0  0  0  0
 14 17  2  0  0  0  0
  4 18  1  0  0  0  0
  5 19  1  0  0  0  0
  5 20  1  0  0  0  0
  6 21  1  0  0  0  0
  8 22  1  0  0  0  0
 12 23  1  0  0  0  0
 15 24  1  0  0  0  0
 15 25  1  0  0  0  0
M  END
$$$$
