 
WItclserve11290013453D 0   0.00000     0.00000cramer
 
 29 30  0  0  0  0  0  0  0  0  1 V2000
    0.8130   -2.6705    0.4321 C   0  0  0  0  0  0  0  0  0  0  0  0
    1.0490   -3.3049   -0.9401 C   0  0  0  0  0  0  0  0  0  0  0  0
    0.2006   -1.3507    0.2611 N   0  0  0  0  0  0  0  0  0  0  0  0
   -1.1361   -1.2647    0.2293 C   0  0  0  0  0  0  0  0  0  0  0  0
   -1.7937   -0.0620    0.0723 C   0  0  0  0  0  0  0  0  0  0  0  0
   -3.2624   -0.0098    0.0430 C   0  0  0  0  0  0  0  0  0  0  0  0
   -3.9093   -1.0326    0.1577 O   0  0  0  0  0  0  0  0  0  0  0  0
   -3.8919    1.1722   -0.1110 O   0  0  0  0  0  0  0  0  0  0  0  0
   -0.9964    1.1686   -0.0649 C   0  0  0  0  0  0  0  0  0  0  0  0
   -1.5259    2.2569   -0.2056 O   0  0  0  0  0  0  0  0  0  0  0  0
    0.4696    1.0262   -0.0242 C   0  0  0  0  0  0  0  0  0  0  0  0
    1.3111    2.1343   -0.1453 C   0  0  0  0  0  0  0  0  0  0  0  0
    2.6766    1.9202   -0.0970 C   0  0  0  0  0  0  0  0  0  0  0  0
    3.1557    0.6298    0.0678 C   0  0  0  0  0  0  0  0  0  0  0  0
    4.6441    0.3996    0.1201 C   0  0  0  0  0  0  0  0  0  0  0  0
    2.3428   -0.3992    0.1802 N   0  0  0  0  0  0  0  0  0  0  0  0
    1.0234   -0.2545    0.1459 C   0  0  0  0  0  0  0  0  0  0  0  0
    0.1485   -3.3065    1.0169 H   0  0  0  0  0  0  0  0  0  0  0  0
    1.7652   -2.5646    0.9520 H   0  0  0  0  0  0  0  0  0  0  0  0
    1.7136   -2.6690   -1.5249 H   0  0  0  0  0  0  0  0  0  0  0  0
    1.5047   -4.2869   -0.8128 H   0  0  0  0  0  0  0  0  0  0  0  0
    0.0969   -3.4108   -1.4600 H   0  0  0  0  0  0  0  0  0  0  0  0
   -1.7191   -2.1683    0.3297 H   0  0  0  0  0  0  0  0  0  0  0  0
   -4.8581    1.2065   -0.1303 H   0  0  0  0  0  0  0  0  0  0  0  0
    0.9078    3.1280   -0.2731 H   0  0  0  0  0  0  0  0  0  0  0  0
    3.3624    2.7496   -0.1871 H   0  0  0  0  0  0  0  0  0  0  0  0
    4.9863    0.4682    1.1527 H   0  0  0  0  0  0  0  0  0  0  0  0
    4.8726   -0.5909   -0.2733 H   0  0  0  0  0  0  0  0  0  0  0  0
    5.1499    1.1550   -0.4812 H   0  0  0  0  0  0  0  0  0  0  0  0
  1  2  1  0  0  0  0
  1  3  1  0  0  0  0
  3  4  1  0  0  0  0
  4  5  2  0  0  0  0
  5  6  1  0  0  0  0
  6  7  2  0  0  0  0
  6  8  1  0  0  0  0
  5  9  1  0  0  0  0
  9 10  2  0  0  0  0
  9 11  1  0  0  0  0
 11 12  1  0  0  0  0
 12 13  2  0  0  0  0
 13 14  1  0  0  0  0
 14 15  1  0  0  0  0
 14 16  2  0  0  0  0
 16 17  1  0  0  0  0
  3 17  1  0  0  0  0
 11 17  2  0  0  0  0
  1 18  1  0  0  0  0
  1 19  1  0  0  0  0
  2 20  1  0  0  0  0
  2 21  1  0  0  0  0
  2 22  1  0  0  0  0
  4 23  1  0  0  0  0
  8 24  1  0  0  0  0
 12 25  1  0  0  0  0
 13 26  1  0  0  0  0
 15 27  1  0  0  0  0
 15 28  1  0  0  0  0
 15 29  1  0  0  0  0
M  END
$$$$
