 
WItclserve11290013443D 0   0.00000     0.00000cramer
 
  8  7  0  0  0  0  0  0  0  0  1 V2000
    0.0000    0.0000    1.8285 C   0  0  0  0  0  0  0  0  0  0  0  0
    0.0000    0.0000    0.2985 C   0  0  0  0  0  0  0  0  0  0  0  0
    0.0161   -1.6998   -0.3025 Cl  0  0  0  0  0  0  0  0  0  0  0  0
   -1.4801    0.8360   -0.3025 Cl  0  0  0  0  0  0  0  0  0  0  0  0
    1.4640    0.8639   -0.3025 Cl  0  0  0  0  0  0  0  0  0  0  0  0
   -0.0097    1.0276    2.1918 H   0  0  0  0  0  0  0  0  0  0  0  0
   -0.8851   -0.5222    2.1918 H   0  0  0  0  0  0  0  0  0  0  0  0
    0.8948   -0.5054    2.1918 H   0  0  0  0  0  0  0  0  0  0  0  0
  1  2  1  0  0  0  0
  2  3  1  0  0  0  0
  2  4  1  0  0  0  0
  2  5  1  0  0  0  0
  1  6  1  0  0  0  0
  1  7  1  0  0  0  0
  1  8  1  0  0  0  0
M  END
$$$$
