 
WItclserve11290013443D 0   0.00000     0.00000cramer
 
 22 24  0  0  0  0  0  0  0  0  1 V2000
   -0.7882   -2.7249   -0.3031 Cl  0  0  0  0  0  0  0  0  0  0  0  0
   -0.1978   -1.0806    0.1423 C   0  0  0  0  0  0  0  0  0  0  0  0
   -0.8379    0.0975   -0.6011 C   0  0  0  0  0  0  0  0  0  0  0  0
   -2.3635    0.0672   -1.4291 Cl  0  0  0  0  0  0  0  0  0  0  0  0
   -0.0320    1.1395   -0.5045 C   0  0  0  0  0  0  0  0  0  0  0  0
   -0.3178    2.7109   -1.1847 Cl  0  0  0  0  0  0  0  0  0  0  0  0
    1.1988    0.7252    0.3107 C   0  0  0  0  0  0  0  0  0  0  0  0
    2.6710    1.7475    0.1150 Cl  0  0  0  0  0  0  0  0  0  0  0  0
    0.6455    0.5776    1.7634 C   0  0  0  0  0  0  0  0  0  0  0  0
   -0.2323    1.7659    2.0485 C   0  0  0  0  0  0  0  0  0  0  0  0
   -1.4872    1.4419    2.1171 C   0  0  0  0  0  0  0  0  0  0  0  0
   -1.7000   -0.0309    1.8932 C   0  0  0  0  0  0  0  0  0  0  0  0
   -2.7338   -0.2918    0.4392 Cl  0  0  0  0  0  0  0  0  0  0  0  0
   -0.3239   -0.6835    1.6461 C   0  0  0  0  0  0  0  0  0  0  0  0
    1.3210   -0.7788   -0.1296 C   0  0  0  0  0  0  0  0  0  0  0  0
    2.4158   -1.7257    0.9455 Cl  0  0  0  0  0  0  0  0  0  0  0  0
    1.7587   -0.9551   -1.8697 Cl  0  0  0  0  0  0  0  0  0  0  0  0
    1.4353    0.4516    2.5039 H   0  0  0  0  0  0  0  0  0  0  0  0
    0.1388    2.7715    2.1811 H   0  0  0  0  0  0  0  0  0  0  0  0
   -2.2834    2.1451    2.3119 H   0  0  0  0  0  0  0  0  0  0  0  0
   -2.1689   -0.4781    2.7697 H   0  0  0  0  0  0  0  0  0  0  0  0
   -0.0997   -1.4951    2.3382 H   0  0  0  0  0  0  0  0  0  0  0  0
  1  2  1  0  0  0  0
  2  3  1  0  0  0  0
  3  4  1  0  0  0  0
  3  5  2  0  0  0  0
  5  6  1  0  0  0  0
  5  7  1  0  0  0  0
  7  8  1  0  0  0  0
  7  9  1  0  0  0  0
  9 10  1  0  0  0  0
 10 11  2  0  0  0  0
 11 12  1  0  0  0  0
 12 13  1  0  0  0  0
 12 14  1  0  0  0  0
  2 14  1  0  0  0  0
  9 14  1  0  0  0  0
  7 15  1  0  0  0  0
  2 15  1  0  0  0  0
 15 16  1  0  0  0  0
 15 17  1  0  0  0  0
  9 18  1  0  0  0  0
 10 19  1  0  0  0  0
 11 20  1  0  0  0  0
 12 21  1  0  0  0  0
 14 22  1  0  0  0  0
M  END
$$$$
