 
WItclserve11290013443D 0   0.00000     0.00000cramer
 
 27 31  0  0  0  0  0  0  0  0  1 V2000
    0.3845   -1.1997    0.2158 C   0  0  0  0  0  0  0  0  0  0  0  0
    0.7814   -2.9000   -0.2302 Cl  0  0  0  0  0  0  0  0  0  0  0  0
    1.6048   -0.3084    0.5864 C   0  0  0  0  0  0  0  0  0  0  0  0
    3.1183   -0.9018    1.1870 Cl  0  0  0  0  0  0  0  0  0  0  0  0
    1.2930    0.9613    0.3680 C   0  0  0  0  0  0  0  0  0  0  0  0
    2.2953    2.3548    0.5373 Cl  0  0  0  0  0  0  0  0  0  0  0  0
   -0.2325    0.9869   -0.0198 C   0  0  0  0  0  0  0  0  0  0  0  0
   -0.7886    2.5371   -0.7417 Cl  0  0  0  0  0  0  0  0  0  0  0  0
   -0.0674   -0.2493   -0.9526 C   0  0  0  0  0  0  0  0  0  0  0  0
    1.3643    0.0335   -2.0616 Cl  0  0  0  0  0  0  0  0  0  0  0  0
   -1.4265   -0.8938   -1.9175 Cl  0  0  0  0  0  0  0  0  0  0  0  0
   -0.7284    0.6011    1.3787 C   0  0  0  0  0  0  0  0  0  0  0  0
   -0.6074   -0.9583    1.3479 C   0  0  0  0  0  0  0  0  0  0  0  0
   -2.0707   -1.3743    1.2054 C   0  0  0  0  0  0  0  0  0  0  0  0
   -2.5861   -0.5190    2.4499 C   0  0  0  0  0  0  0  0  0  0  0  0
   -2.1681    0.8743    1.8166 C   0  0  0  0  0  0  0  0  0  0  0  0
   -3.0990    0.7780    0.5756 C   0  0  0  0  0  0  0  0  0  0  0  0
   -2.3302    0.4587   -0.5543 O   0  0  0  0  0  0  0  0  0  0  0  0
   -2.8618   -0.6831    0.0859 C   0  0  0  0  0  0  0  0  0  0  0  0
   -0.0155    1.0001    2.1577 H   0  0  0  0  0  0  0  0  0  0  0  0
   -0.1904   -1.3157    2.3285 H   0  0  0  0  0  0  0  0  0  0  0  0
   -2.2748   -2.4552    1.3267 H   0  0  0  0  0  0  0  0  0  0  0  0
   -3.6579   -0.6030    2.5640 H   0  0  0  0  0  0  0  0  0  0  0  0
   -2.0184   -0.7431    3.3415 H   0  0  0  0  0  0  0  0  0  0  0  0
   -2.3400    1.7349    2.4712 H   0  0  0  0  0  0  0  0  0  0  0  0
   -4.0644    1.2774    0.5659 H   0  0  0  0  0  0  0  0  0  0  0  0
   -3.6778   -1.2644   -0.4020 H   0  0  0  0  0  0  0  0  0  0  0  0
  1  2  1  0  0  0  0
  1  3  1  0  0  0  0
  3  4  1  0  0  0  0
  3  5  2  0  0  0  0
  5  6  1  0  0  0  0
  5  7  1  0  0  0  0
  7  8  1  0  0  0  0
  7  9  1  0  0  0  0
  1  9  1  0  0  0  0
  9 10  1  0  0  0  0
  9 11  1  0  0  0  0
  7 12  1  0  0  0  0
 12 13  1  0  0  0  0
  1 13  1  0  0  0  0
 13 14  1  0  0  0  0
 14 15  1  0  0  0  0
 15 16  1  0  0  0  0
 12 16  1  0  0  0  0
 16 17  1  0  0  0  0
 17 18  1  0  0  0  0
 18 19  1  0  0  0  0
 14 19  1  0  0  0  0
 17 19  1  0  0  0  0
 12 20  1  0  0  0  0
 13 21  1  0  0  0  0
 14 22  1  0  0  0  0
 15 23  1  0  0  0  0
 15 24  1  0  0  0  0
 16 25  1  0  0  0  0
 17 26  1  0  0  0  0
 19 27  1  0  0  0  0
M  END
$$$$
