 
WItclserve11290013443D 0   0.00000     0.00000cramer
 
 27 28  0  0  0  0  0  0  0  0  1 V2000
   -0.0646   -1.9927    0.0096 S   0  0  0  0  0  0  0  0  0  0  0  0
   -1.3772   -0.8171    0.0133 C   0  0  0  0  0  0  0  0  0  0  0  0
   -1.0955    0.5386    0.1293 C   0  0  0  0  0  0  0  0  0  0  0  0
   -2.1239    1.4593    0.1322 C   0  0  0  0  0  0  0  0  0  0  0  0
   -3.4403    1.0306    0.0193 C   0  0  0  0  0  0  0  0  0  0  0  0
   -4.4831    1.9645    0.0223 N   0  0  0  0  0  0  0  0  0  0  0  0
   -3.7221   -0.3241   -0.0971 C   0  0  0  0  0  0  0  0  0  0  0  0
   -2.6933   -1.2451   -0.1054 C   0  0  0  0  0  0  0  0  0  0  0  0
    1.3209   -0.9042   -0.0046 C   0  0  0  0  0  0  0  0  0  0  0  0
    1.9375   -0.5486    1.1887 C   0  0  0  0  0  0  0  0  0  0  0  0
    3.0232    0.3037    1.1773 C   0  0  0  0  0  0  0  0  0  0  0  0
    3.4991    0.8063   -0.0270 C   0  0  0  0  0  0  0  0  0  0  0  0
    4.6001    1.6707   -0.0384 N   0  0  0  0  0  0  0  0  0  0  0  0
    2.8831    0.4512   -1.2198 C   0  0  0  0  0  0  0  0  0  0  0  0
    1.8005   -0.4059   -1.2093 C   0  0  0  0  0  0  0  0  0  0  0  0
   -0.0720    0.8719    0.2174 H   0  0  0  0  0  0  0  0  0  0  0  0
   -1.9050    2.5130    0.2227 H   0  0  0  0  0  0  0  0  0  0  0  0
   -5.4024    1.6653   -0.0566 H   0  0  0  0  0  0  0  0  0  0  0  0
   -4.2863    2.9109    0.1032 H   0  0  0  0  0  0  0  0  0  0  0  0
   -4.7457   -0.6571   -0.1849 H   0  0  0  0  0  0  0  0  0  0  0  0
   -2.9125   -2.2988   -0.1959 H   0  0  0  0  0  0  0  0  0  0  0  0
    1.5671   -0.9389    2.1252 H   0  0  0  0  0  0  0  0  0  0  0  0
    3.5025    0.5801    2.1048 H   0  0  0  0  0  0  0  0  0  0  0  0
    4.9325    2.0217   -0.8793 H   0  0  0  0  0  0  0  0  0  0  0  0
    5.0307    1.9186    0.7947 H   0  0  0  0  0  0  0  0  0  0  0  0
    3.2530    0.8424   -2.1560 H   0  0  0  0  0  0  0  0  0  0  0  0
    1.3217   -0.6824   -2.1370 H   0  0  0  0  0  0  0  0  0  0  0  0
  1  2  1  0  0  0  0
  2  3  1  0  0  0  0
  3  4  2  0  0  0  0
  4  5  1  0  0  0  0
  5  6  1  0  0  0  0
  5  7  2  0  0  0  0
  7  8  1  0  0  0  0
  2  8  2  0  0  0  0
  1  9  1  0  0  0  0
  9 10  1  0  0  0  0
 10 11  2  0  0  0  0
 11 12  1  0  0  0  0
 12 13  1  0  0  0  0
 12 14  2  0  0  0  0
 14 15  1  0  0  0  0
  9 15  2  0  0  0  0
  3 16  1  0  0  0  0
  4 17  1  0  0  0  0
  6 18  1  0  0  0  0
  6 19  1  0  0  0  0
  7 20  1  0  0  0  0
  8 21  1  0  0  0  0
 10 22  1  0  0  0  0
 11 23  1  0  0  0  0
 13 24  1  0  0  0  0
 13 25  1  0  0  0  0
 14 26  1  0  0  0  0
 15 27  1  0  0  0  0
M  END
$$$$
