 
WItclserve11290013443D 0   0.00000     0.00000cramer
 
 43 46  0  0  0  0  0  0  0  0  1 V2000
    1.1632   -1.2135   -0.8064 N   0  0  0  0  0  0  0  0  0  0  0  0
    0.9954   -2.2987   -1.7623 C   0  0  0  0  0  0  0  0  0  0  0  0
    2.3862   -1.1002   -0.1602 C   0  0  0  0  0  0  0  0  0  0  0  0
    3.2001   -2.1897    0.1020 C   0  0  0  0  0  0  0  0  0  0  0  0
    4.4079   -2.0100    0.7472 C   0  0  0  0  0  0  0  0  0  0  0  0
    4.8295   -0.7457    1.1309 C   0  0  0  0  0  0  0  0  0  0  0  0
    4.0487    0.3571    0.8582 C   0  0  0  0  0  0  0  0  0  0  0  0
    2.8342    0.1866    0.2026 C   0  0  0  0  0  0  0  0  0  0  0  0
    1.9712    1.3300   -0.1577 C   0  0  0  0  0  0  0  0  0  0  0  0
    2.4215    2.4431   -0.3393 O   0  0  0  0  0  0  0  0  0  0  0  0
    0.5354    1.0274   -0.2844 C   0  0  0  0  0  0  0  0  0  0  0  0
    0.1574   -0.3159   -0.5224 C   0  0  0  0  0  0  0  0  0  0  0  0
   -1.1974   -0.6407   -0.4362 C   0  0  0  0  0  0  0  0  0  0  0  0
   -1.7161   -2.0240   -0.4741 C   0  0  0  0  0  0  0  0  0  0  0  0
   -2.9602   -2.2226   -0.0121 C   0  0  0  0  0  0  0  0  0  0  0  0
   -3.7381   -1.0416    0.5014 C   0  0  0  0  0  0  0  0  0  0  0  0
   -5.2344   -1.3642    0.4392 C   0  0  0  0  0  0  0  0  0  0  0  0
   -3.3511   -0.7658    1.9548 C   0  0  0  0  0  0  0  0  0  0  0  0
   -3.4798    0.1051   -0.2903 O   0  0  0  0  0  0  0  0  0  0  0  0
   -2.1570    0.3826   -0.3095 C   0  0  0  0  0  0  0  0  0  0  0  0
   -1.7645    1.7116   -0.1998 C   0  0  0  0  0  0  0  0  0  0  0  0
   -0.4234    2.0403   -0.1819 C   0  0  0  0  0  0  0  0  0  0  0  0
   -0.0495    3.3390   -0.0640 O   0  0  0  0  0  0  0  0  0  0  0  0
   -1.2507    4.1086    0.0195 C   0  0  0  0  0  0  0  0  0  0  0  0
    0.7006   -3.2056   -1.2344 H   0  0  0  0  0  0  0  0  0  0  0  0
    0.2235   -2.0311   -2.4839 H   0  0  0  0  0  0  0  0  0  0  0  0
    1.9365   -2.4718   -2.2844 H   0  0  0  0  0  0  0  0  0  0  0  0
    2.9086   -3.1919   -0.1789 H   0  0  0  0  0  0  0  0  0  0  0  0
    5.0315   -2.8674    0.9522 H   0  0  0  0  0  0  0  0  0  0  0  0
    5.7714   -0.6234    1.6442 H   0  0  0  0  0  0  0  0  0  0  0  0
    4.3819    1.3416    1.1504 H   0  0  0  0  0  0  0  0  0  0  0  0
   -1.1616   -2.8758   -0.8341 H   0  0  0  0  0  0  0  0  0  0  0  0
   -3.3935   -3.2137   -0.0156 H   0  0  0  0  0  0  0  0  0  0  0  0
   -5.8053   -0.5129    0.8099 H   0  0  0  0  0  0  0  0  0  0  0  0
   -5.5189   -1.5710   -0.5924 H   0  0  0  0  0  0  0  0  0  0  0  0
   -5.4436   -2.2382    1.0560 H   0  0  0  0  0  0  0  0  0  0  0  0
   -3.9156    0.0900    2.3250 H   0  0  0  0  0  0  0  0  0  0  0  0
   -3.5775   -1.6412    2.5635 H   0  0  0  0  0  0  0  0  0  0  0  0
   -2.2843   -0.5496    2.0120 H   0  0  0  0  0  0  0  0  0  0  0  0
   -2.5123    2.4880   -0.1308 H   0  0  0  0  0  0  0  0  0  0  0  0
   -1.8429    3.9569   -0.8829 H   0  0  0  0  0  0  0  0  0  0  0  0
   -1.8259    3.7911    0.8892 H   0  0  0  0  0  0  0  0  0  0  0  0
   -0.9994    5.1649    0.1159 H   0  0  0  0  0  0  0  0  0  0  0  0
  1  2  1  0  0  0  0
  1  3  1  0  0  0  0
  3  4  1  0  0  0  0
  4  5  2  0  0  0  0
  5  6  1  0  0  0  0
  6  7  2  0  0  0  0
  7  8  1  0  0  0  0
  3  8  2  0  0  0  0
  8  9  1  0  0  0  0
  9 10  2  0  0  0  0
  9 11  1  0  0  0  0
 11 12  1  0  0  0  0
  1 12  1  0  0  0  0
 12 13  2  0  0  0  0
 13 14  1  0  0  0  0
 14 15  2  0  0  0  0
 15 16  1  0  0  0  0
 16 17  1  0  0  0  0
 16 18  1  0  0  0  0
 16 19  1  0  0  0  0
 19 20  1  0  0  0  0
 13 20  1  0  0  0  0
 20 21  2  0  0  0  0
 21 22  1  0  0  0  0
 11 22  2  0  0  0  0
 22 23  1  0  0  0  0
 23 24  1  0  0  0  0
  2 25  1  0  0  0  0
  2 26  1  0  0  0  0
  2 27  1  0  0  0  0
  4 28  1  0  0  0  0
  5 29  1  0  0  0  0
  6 30  1  0  0  0  0
  7 31  1  0  0  0  0
 14 32  1  0  0  0  0
 15 33  1  0  0  0  0
 17 34  1  0  0  0  0
 17 35  1  0  0  0  0
 17 36  1  0  0  0  0
 18 37  1  0  0  0  0
 18 38  1  0  0  0  0
 18 39  1  0  0  0  0
 21 40  1  0  0  0  0
 24 41  1  0  0  0  0
 24 42  1  0  0  0  0
 24 43  1  0  0  0  0
M  END
$$$$
