 
WItclserve11290013443D 0   0.00000     0.00000cramer
 
 32 34  0  0  0  0  0  0  0  0  1 V2000
   -3.7492   -0.6827    0.1183 N   0  0  0  0  0  0  0  0  0  0  0  0
   -2.9500   -1.7383    0.2052 C   0  0  0  0  0  0  0  0  0  0  0  0
   -3.5152   -3.0009    0.2782 N   0  0  0  0  0  0  0  0  0  0  0  0
   -1.6318   -1.6266    0.2241 N   0  0  0  0  0  0  0  0  0  0  0  0
   -1.0528   -0.4314    0.1555 C   0  0  0  0  0  0  0  0  0  0  0  0
   -1.8583    0.7149    0.0623 C   0  0  0  0  0  0  0  0  0  0  0  0
   -3.2549    0.5488    0.0455 C   0  0  0  0  0  0  0  0  0  0  0  0
   -4.3258    1.9432   -0.0702 S   0  0  0  0  0  0  0  0  0  0  0  0
   -1.0271    1.7843    0.0076 N   0  0  0  0  0  0  0  0  0  0  0  0
    0.2073    1.3765    0.0600 C   0  0  0  0  0  0  0  0  0  0  0  0
    0.2443    0.0157    0.1519 N   0  0  0  0  0  0  0  0  0  0  0  0
    1.4480   -0.8154    0.2324 C   0  0  0  0  0  0  0  0  0  0  0  0
    1.9081   -1.2100   -1.1843 C   0  0  0  0  0  0  0  0  0  0  0  0
    3.3504   -0.6562   -1.2829 C   0  0  0  0  0  0  0  0  0  0  0  0
    3.3664    0.6098   -1.9455 O   0  0  0  0  0  0  0  0  0  0  0  0
    3.7427   -0.5047    0.2089 C   0  0  0  0  0  0  0  0  0  0  0  0
    4.8375    0.5513    0.3736 C   0  0  0  0  0  0  0  0  0  0  0  0
    5.1799    0.6709    1.7558 O   0  0  0  0  0  0  0  0  0  0  0  0
    2.5177   -0.0692    0.8368 O   0  0  0  0  0  0  0  0  0  0  0  0
   -4.4798   -3.1019    0.2653 H   0  0  0  0  0  0  0  0  0  0  0  0
   -2.9464   -3.7839    0.3422 H   0  0  0  0  0  0  0  0  0  0  0  0
   -4.7299    2.4188   -1.3346 H   0  0  0  0  0  0  0  0  0  0  0  0
    1.0743    2.0199    0.0349 H   0  0  0  0  0  0  0  0  0  0  0  0
    1.2412   -1.7113    0.8179 H   0  0  0  0  0  0  0  0  0  0  0  0
    1.9071   -2.2941   -1.2977 H   0  0  0  0  0  0  0  0  0  0  0  0
    1.2692   -0.7463   -1.9359 H   0  0  0  0  0  0  0  0  0  0  0  0
    4.0059   -1.3658   -1.7879 H   0  0  0  0  0  0  0  0  0  0  0  0
    3.0256    0.4623   -2.8383 H   0  0  0  0  0  0  0  0  0  0  0  0
    4.0683   -1.4606    0.6192 H   0  0  0  0  0  0  0  0  0  0  0  0
    5.7186    0.2528   -0.1945 H   0  0  0  0  0  0  0  0  0  0  0  0
    4.4752    1.5108    0.0047 H   0  0  0  0  0  0  0  0  0  0  0  0
    5.8711    1.3446    1.8152 H   0  0  0  0  0  0  0  0  0  0  0  0
  1  2  1  0  0  0  0
  2  3  1  0  0  0  0
  2  4  2  0  0  0  0
  4  5  1  0  0  0  0
  5  6  2  0  0  0  0
  6  7  1  0  0  0  0
  1  7  2  0  0  0  0
  7  8  1  0  0  0  0
  6  9  1  0  0  0  0
  9 10  2  0  0  0  0
 10 11  1  0  0  0  0
  5 11  1  0  0  0  0
 11 12  1  0  0  0  0
 12 13  1  0  0  0  0
 13 14  1  0  0  0  0
 14 15  1  0  0  0  0
 14 16  1  0  0  0  0
 16 17  1  0  0  0  0
 17 18  1  0  0  0  0
 16 19  1  0  0  0  0
 12 19  1  0  0  0  0
  3 20  1  0  0  0  0
  3 21  1  0  0  0  0
  8 22  1  0  0  0  0
 10 23  1  0  0  0  0
 12 24  1  0  0  0  0
 13 25  1  0  0  0  0
 13 26  1  0  0  0  0
 14 27  1  0  0  0  0
 15 28  1  0  0  0  0
 16 29  1  0  0  0  0
 17 30  1  0  0  0  0
 17 31  1  0  0  0  0
 18 32  1  0  0  0  0
M  END
$$$$
