 
WItclserve11290013443D 0   0.00000     0.00000cramer
 
103107  0  0  0  0  0  0  0  0  1 V2000
   -2.6944   -2.3821   -1.9679 C   0  0  0  0  0  0  0  0  0  0  0  0
   -2.1661   -1.7435   -0.6862 C   0  0  0  0  0  0  0  0  0  0  0  0
   -1.4559   -2.8108    0.1503 C   0  0  0  0  0  0  0  0  0  0  0  0
   -0.1684   -3.2742   -0.5255 C   0  0  0  0  0  0  0  0  0  0  0  0
    0.7864   -2.0938   -0.7086 C   0  0  0  0  0  0  0  0  0  0  0  0
    2.0360   -2.5625   -1.2790 O   0  0  0  0  0  0  0  0  0  0  0  0
    3.1835   -1.9264   -0.9954 C   0  0  0  0  0  0  0  0  0  0  0  0
    3.1761   -0.9636   -0.2654 O   0  0  0  0  0  0  0  0  0  0  0  0
    4.4810   -2.4130   -1.5876 C   0  0  0  0  0  0  0  0  0  0  0  0
    5.6097   -1.5329   -1.1161 C   0  0  0  0  0  0  0  0  0  0  0  0
    6.2899   -1.8466    0.0466 C   0  0  0  0  0  0  0  0  0  0  0  0
    7.3246   -1.0423    0.4814 C   0  0  0  0  0  0  0  0  0  0  0  0
    7.6823    0.0832   -0.2504 C   0  0  0  0  0  0  0  0  0  0  0  0
    6.9972    0.3953   -1.4176 C   0  0  0  0  0  0  0  0  0  0  0  0
    5.9668   -0.4167   -1.8499 C   0  0  0  0  0  0  0  0  0  0  0  0
    8.7281    0.8992    0.1868 N   0  0  0  0  0  0  0  0  0  0  0  0
    9.1121    2.0785   -0.5928 C   0  0  0  0  0  0  0  0  0  0  0  0
    8.3082    3.2895   -0.1152 C   0  0  0  0  0  0  0  0  0  0  0  0
    8.7808    4.7410   -1.0747 Cl  0  0  0  0  0  0  0  0  0  0  0  0
    9.4411    0.5756    1.4251 C   0  0  0  0  0  0  0  0  0  0  0  0
   10.6431   -0.3148    1.1037 C   0  0  0  0  0  0  0  0  0  0  0  0
   11.4478   -0.8148    2.6377 Cl  0  0  0  0  0  0  0  0  0  0  0  0
    0.1439   -1.0715   -1.6515 C   0  0  0  0  0  0  0  0  0  0  0  0
   -1.1909   -0.6581   -1.0538 C   0  0  0  0  0  0  0  0  0  0  0  0
   -1.4135    0.6141   -0.8902 C   0  0  0  0  0  0  0  0  0  0  0  0
   -2.6811    1.1744   -0.3038 C   0  0  0  0  0  0  0  0  0  0  0  0
   -3.7927    0.1420   -0.4956 C   0  0  0  0  0  0  0  0  0  0  0  0
   -3.3312   -1.1749    0.1216 C   0  0  0  0  0  0  0  0  0  0  0  0
   -4.4747   -2.1589    0.2708 C   0  0  0  0  0  0  0  0  0  0  0  0
   -5.6038   -1.6179    1.1634 C   0  0  0  0  0  0  0  0  0  0  0  0
   -5.4983   -0.1336    1.3567 C   0  0  0  0  0  0  0  0  0  0  0  0
   -4.5061    0.1868    2.4898 C   0  0  0  0  0  0  0  0  0  0  0  0
   -6.7940    0.6071    1.7391 C   0  0  0  0  0  0  0  0  0  0  0  0
   -6.4835    2.0841    1.3770 C   0  0  0  0  0  0  0  0  0  0  0  0
   -5.2511    2.0599    0.4336 C   0  0  0  0  0  0  0  0  0  0  0  0
   -5.1204    0.5796    0.0451 C   0  0  0  0  0  0  0  0  0  0  0  0
   -7.9949    0.1161    0.9407 C   0  0  0  0  0  0  0  0  0  0  0  0
   -8.4472   -1.2413    1.4828 C   0  0  0  0  0  0  0  0  0  0  0  0
   -9.1392    1.1236    1.0693 C   0  0  0  0  0  0  0  0  0  0  0  0
  -10.3175    0.6700    0.2051 C   0  0  0  0  0  0  0  0  0  0  0  0
  -11.4618    1.6775    0.3336 C   0  0  0  0  0  0  0  0  0  0  0  0
  -12.6401    1.2239   -0.5305 C   0  0  0  0  0  0  0  0  0  0  0  0
  -13.7844    2.2313   -0.4020 C   0  0  0  0  0  0  0  0  0  0  0  0
  -12.1973    1.1388   -1.9926 C   0  0  0  0  0  0  0  0  0  0  0  0
   -1.8626   -2.7991   -2.5357 H   0  0  0  0  0  0  0  0  0  0  0  0
   -3.3964   -3.1768   -1.7153 H   0  0  0  0  0  0  0  0  0  0  0  0
   -3.2015   -1.6266   -2.5680 H   0  0  0  0  0  0  0  0  0  0  0  0
   -1.2204   -2.3975    1.1339 H   0  0  0  0  0  0  0  0  0  0  0  0
   -2.1229   -3.6665    0.2814 H   0  0  0  0  0  0  0  0  0  0  0  0
    0.3157   -4.0253    0.1073 H   0  0  0  0  0  0  0  0  0  0  0  0
   -0.3853   -3.7240   -1.4919 H   0  0  0  0  0  0  0  0  0  0  0  0
    0.9777   -1.6264    0.2571 H   0  0  0  0  0  0  0  0  0  0  0  0
    4.6633   -3.4395   -1.2693 H   0  0  0  0  0  0  0  0  0  0  0  0
    4.4208   -2.3752   -2.6753 H   0  0  0  0  0  0  0  0  0  0  0  0
    6.0111   -2.7215    0.6152 H   0  0  0  0  0  0  0  0  0  0  0  0
    7.8551   -1.2877    1.3896 H   0  0  0  0  0  0  0  0  0  0  0  0
    7.2727    1.2694   -1.9888 H   0  0  0  0  0  0  0  0  0  0  0  0
    5.4336   -0.1746   -2.7574 H   0  0  0  0  0  0  0  0  0  0  0  0
   10.1762    2.2727   -0.4578 H   0  0  0  0  0  0  0  0  0  0  0  0
    8.9065    1.8992   -1.6481 H   0  0  0  0  0  0  0  0  0  0  0  0
    7.2441    3.0954   -0.2502 H   0  0  0  0  0  0  0  0  0  0  0  0
    8.5138    3.4689    0.9401 H   0  0  0  0  0  0  0  0  0  0  0  0
    9.7863    1.4958    1.8966 H   0  0  0  0  0  0  0  0  0  0  0  0
    8.7701    0.0492    2.1038 H   0  0  0  0  0  0  0  0  0  0  0  0
   10.3057   -1.2002    0.5650 H   0  0  0  0  0  0  0  0  0  0  0  0
   11.3504    0.2387    0.4861 H   0  0  0  0  0  0  0  0  0  0  0  0
    0.7915   -0.1994   -1.7410 H   0  0  0  0  0  0  0  0  0  0  0  0
   -0.0074   -1.5179   -2.6320 H   0  0  0  0  0  0  0  0  0  0  0  0
   -0.6440    1.3099   -1.1939 H   0  0  0  0  0  0  0  0  0  0  0  0
   -2.5327    1.3744    0.7555 H   0  0  0  0  0  0  0  0  0  0  0  0
   -2.9423    2.0976   -0.8210 H   0  0  0  0  0  0  0  0  0  0  0  0
   -3.9105   -0.0090   -1.5872 H   0  0  0  0  0  0  0  0  0  0  0  0
   -2.8979   -0.9773    1.1077 H   0  0  0  0  0  0  0  0  0  0  0  0
   -4.9099   -2.3948   -0.7077 H   0  0  0  0  0  0  0  0  0  0  0  0
   -4.1006   -3.0942    0.7047 H   0  0  0  0  0  0  0  0  0  0  0  0
   -6.5604   -1.9090    0.7173 H   0  0  0  0  0  0  0  0  0  0  0  0
   -5.5448   -2.1185    2.1449 H   0  0  0  0  0  0  0  0  0  0  0  0
   -3.5741   -0.3524    2.3199 H   0  0  0  0  0  0  0  0  0  0  0  0
   -4.3079    1.2585    2.5069 H   0  0  0  0  0  0  0  0  0  0  0  0
   -4.9339   -0.1189    3.4446 H   0  0  0  0  0  0  0  0  0  0  0  0
   -6.9696    0.5095    2.8079 H   0  0  0  0  0  0  0  0  0  0  0  0
   -7.3375    2.5268    0.8646 H   0  0  0  0  0  0  0  0  0  0  0  0
   -6.2551    2.6489    2.2799 H   0  0  0  0  0  0  0  0  0  0  0  0
   -5.4433    2.6666   -0.4556 H   0  0  0  0  0  0  0  0  0  0  0  0
   -4.3604    2.4191    0.9431 H   0  0  0  0  0  0  0  0  0  0  0  0
   -5.8900    0.3647   -0.7244 H   0  0  0  0  0  0  0  0  0  0  0  0
   -7.7167    0.0141   -0.1082 H   0  0  0  0  0  0  0  0  0  0  0  0
   -8.9603   -1.7941    0.6958 H   0  0  0  0  0  0  0  0  0  0  0  0
   -7.5775   -1.8073    1.8166 H   0  0  0  0  0  0  0  0  0  0  0  0
   -9.1260   -1.0895    2.3220 H   0  0  0  0  0  0  0  0  0  0  0  0
   -9.4546    1.1842    2.1108 H   0  0  0  0  0  0  0  0  0  0  0  0
   -8.7995    2.1038    0.7348 H   0  0  0  0  0  0  0  0  0  0  0  0
  -10.0020    0.6094   -0.8365 H   0  0  0  0  0  0  0  0  0  0  0  0
  -10.6571   -0.3103    0.5395 H   0  0  0  0  0  0  0  0  0  0  0  0
  -11.7772    1.7381    1.3752 H   0  0  0  0  0  0  0  0  0  0  0  0
  -11.1221    2.6577   -0.0008 H   0  0  0  0  0  0  0  0  0  0  0  0
  -12.9797    0.2436   -0.1961 H   0  0  0  0  0  0  0  0  0  0  0  0
  -14.6238    1.9082   -1.0177 H   0  0  0  0  0  0  0  0  0  0  0  0
  -14.0998    2.2920    0.6396 H   0  0  0  0  0  0  0  0  0  0  0  0
  -13.4447    3.2116   -0.7364 H   0  0  0  0  0  0  0  0  0  0  0  0
  -11.8576    2.1190   -2.3270 H   0  0  0  0  0  0  0  0  0  0  0  0
  -11.3821    0.4210   -2.0841 H   0  0  0  0  0  0  0  0  0  0  0  0
  -13.0367    0.8156   -2.6082 H   0  0  0  0  0  0  0  0  0  0  0  0
  1  2  1  0  0  0  0
  2  3  1  0  0  0  0
  3  4  1  0  0  0  0
  4  5  1  0  0  0  0
  5  6  1  0  0  0  0
  6  7  1  0  0  0  0
  7  8  2  0  0  0  0
  7  9  1  0  0  0  0
  9 10  1  0  0  0  0
 10 11  1  0  0  0  0
 11 12  2  0  0  0  0
 12 13  1  0  0  0  0
 13 14  2  0  0  0  0
 14 15  1  0  0  0  0
 10 15  2  0  0  0  0
 13 16  1  0  0  0  0
 16 17  1  0  0  0  0
 17 18  1  0  0  0  0
 18 19  1  0  0  0  0
 16 20  1  0  0  0  0
 20 21  1  0  0  0  0
 21 22  1  0  0  0  0
  5 23  1  0  0  0  0
 23 24  1  0  0  0  0
  2 24  1  0  0  0  0
 24 25  2  0  0  0  0
 25 26  1  0  0  0  0
 26 27  1  0  0  0  0
 27 28  1  0  0  0  0
  2 28  1  0  0  0  0
 28 29  1  0  0  0  0
 29 30  1  0  0  0  0
 30 31  1  0  0  0  0
 31 32  1  0  0  0  0
 31 33  1  0  0  0  0
 33 34  1  0  0  0  0
 34 35  1  0  0  0  0
 35 36  1  0  0  0  0
 27 36  1  0  0  0  0
 31 36  1  0  0  0  0
 33 37  1  0  0  0  0
 37 38  1  0  0  0  0
 37 39  1  0  0  0  0
 39 40  1  0  0  0  0
 40 41  1  0  0  0  0
 41 42  1  0  0  0  0
 42 43  1  0  0  0  0
 42 44  1  0  0  0  0
  1 45  1  0  0  0  0
  1 46  1  0  0  0  0
  1 47  1  0  0  0  0
  3 48  1  0  0  0  0
  3 49  1  0  0  0  0
  4 50  1  0  0  0  0
  4 51  1  0  0  0  0
  5 52  1  0  0  0  0
  9 53  1  0  0  0  0
  9 54  1  0  0  0  0
 11 55  1  0  0  0  0
 12 56  1  0  0  0  0
 14 57  1  0  0  0  0
 15 58  1  0  0  0  0
 17 59  1  0  0  0  0
 17 60  1  0  0  0  0
 18 61  1  0  0  0  0
 18 62  1  0  0  0  0
 20 63  1  0  0  0  0
 20 64  1  0  0  0  0
 21 65  1  0  0  0  0
 21 66  1  0  0  0  0
 23 67  1  0  0  0  0
 23 68  1  0  0  0  0
 25 69  1  0  0  0  0
 26 70  1  0  0  0  0
 26 71  1  0  0  0  0
 27 72  1  0  0  0  0
 28 73  1  0  0  0  0
 29 74  1  0  0  0  0
 29 75  1  0  0  0  0
 30 76  1  0  0  0  0
 30 77  1  0  0  0  0
 32 78  1  0  0  0  0
 32 79  1  0  0  0  0
 32 80  1  0  0  0  0
 33 81  1  0  0  0  0
 34 82  1  0  0  0  0
 34 83  1  0  0  0  0
 35 84  1  0  0  0  0
 35 85  1  0  0  0  0
 36 86  1  0  0  0  0
 37 87  1  0  0  0  0
 38 88  1  0  0  0  0
 38 89  1  0  0  0  0
 38 90  1  0  0  0  0
 39 91  1  0  0  0  0
 39 92  1  0  0  0  0
 40 93  1  0  0  0  0
 40 94  1  0  0  0  0
 41 95  1  0  0  0  0
 41 96  1  0  0  0  0
 42 97  1  0  0  0  0
 43 98  1  0  0  0  0
 43 99  1  0  0  0  0
 43100  1  0  0  0  0
 44101  1  0  0  0  0
 44102  1  0  0  0  0
 44103  1  0  0  0  0
M  END
$$$$
