 
WItclserve11290013443D 0   0.00000     0.00000cramer
 
 32 32  0  0  0  0  0  0  0  0  2 V2000
    1.2635   -1.7900   -0.8836 S   0  0  0  0  0  0  0  0  0  0  0  0
    1.6859   -0.3041    0.1588 P   0  0  0  0  0  0  0  0  0  0  0  0
    3.2283   -0.3878    0.6125 O   0  0  0  0  0  0  0  0  0  0  0  0
    4.0102   -0.4071   -0.5835 C   0  0  0  0  0  0  0  0  0  0  0  0
    5.4946   -0.4864   -0.2212 C   0  0  0  0  0  0  0  0  0  0  0  0
    1.4509    1.0377   -0.6993 O   0  0  0  0  0  0  0  0  0  0  0  0
    1.7901    2.1358    0.1499 C   0  0  0  0  0  0  0  0  0  0  0  0
    1.5878    3.4489   -0.6089 C   0  0  0  0  0  0  0  0  0  0  0  0
    0.7432   -0.2786    1.4637 O   0  0  0  0  0  0  0  0  0  0  0  0
   -0.5395   -0.2079    1.0204 C   0  0  0  0  0  0  0  0  0  0  0  0
   -1.2547   -1.3711    0.7743 C   0  0  0  0  0  0  0  0  0  0  0  0
   -2.5585   -1.2966    0.3242 C   0  0  0  0  0  0  0  0  0  0  0  0
   -3.1508   -0.0641    0.1184 C   0  0  0  0  0  0  0  0  0  0  0  0
   -2.4403    1.0963    0.3629 C   0  0  0  0  0  0  0  0  0  0  0  0
   -1.1378    1.0272    0.8186 C   0  0  0  0  0  0  0  0  0  0  0  0
   -4.5476    0.0128   -0.3648 N   0  3  0  0  0  0  0  0  0  0  0  0
   -5.0703    1.0978   -0.5465 O   0  0  0  0  0  0  0  0  0  0  0  0
   -5.1744   -1.0089   -0.5809 O   0  5  0  0  0  0  0  0  0  0  0  0
    3.7357   -1.2750   -1.1830 H   0  0  0  0  0  0  0  0  0  0  0  0
    3.8236    0.5025   -1.1543 H   0  0  0  0  0  0  0  0  0  0  0  0
    5.6811   -1.3961    0.3496 H   0  0  0  0  0  0  0  0  0  0  0  0
    6.0909   -0.5012   -1.1334 H   0  0  0  0  0  0  0  0  0  0  0  0
    5.7691    0.3815    0.3784 H   0  0  0  0  0  0  0  0  0  0  0  0
    1.1502    2.1238    1.0323 H   0  0  0  0  0  0  0  0  0  0  0  0
    2.8327    2.0499    0.4560 H   0  0  0  0  0  0  0  0  0  0  0  0
    2.2277    3.4608   -1.4913 H   0  0  0  0  0  0  0  0  0  0  0  0
    0.5452    3.5348   -0.9150 H   0  0  0  0  0  0  0  0  0  0  0  0
    1.8465    4.2864    0.0389 H   0  0  0  0  0  0  0  0  0  0  0  0
   -0.7924   -2.3339    0.9342 H   0  0  0  0  0  0  0  0  0  0  0  0
   -3.1156   -2.2018    0.1325 H   0  0  0  0  0  0  0  0  0  0  0  0
   -2.9051    2.0577    0.2014 H   0  0  0  0  0  0  0  0  0  0  0  0
   -0.5831    1.9340    1.0094 H   0  0  0  0  0  0  0  0  0  0  0  0
  1  2  2  0  0  0  0
  2  3  1  0  0  0  0
  3  4  1  0  0  0  0
  4  5  1  0  0  0  0
  2  6  1  0  0  0  0
  6  7  1  0  0  0  0
  7  8  1  0  0  0  0
  2  9  1  0  0  0  0
  9 10  1  0  0  0  0
 10 11  1  0  0  0  0
 11 12  2  0  0  0  0
 12 13  1  0  0  0  0
 13 14  2  0  0  0  0
 14 15  1  0  0  0  0
 10 15  2  0  0  0  0
 13 16  1  0  0  0  0
 16 17  2  0  0  0  0
 16 18  1  0  0  0  0
  4 19  1  0  0  0  0
  4 20  1  0  0  0  0
  5 21  1  0  0  0  0
  5 22  1  0  0  0  0
  5 23  1  0  0  0  0
  7 24  1  0  0  0  0
  7 25  1  0  0  0  0
  8 26  1  0  0  0  0
  8 27  1  0  0  0  0
  8 28  1  0  0  0  0
 11 29  1  0  0  0  0
 12 30  1  0  0  0  0
 14 31  1  0  0  0  0
 15 32  1  0  0  0  0
M  CHG  2  16   1  18  -1
M  END
$$$$
