 
WItclserve11290013443D 0   0.00000     0.00000cramer
 
 18 18  0  0  0  0  0  0  0  0  1 V2000
    1.2801   -1.1803   -0.0003 C   0  0  0  0  0  0  0  0  0  0  0  0
   -0.0819   -1.4104    0.0001 C   0  0  0  0  0  0  0  0  0  0  0  0
   -0.9661   -0.3421    0.0000 C   0  0  0  0  0  0  0  0  0  0  0  0
   -2.3069   -0.5696   -0.0001 O   0  0  0  0  0  0  0  0  0  0  0  0
   -2.9430    0.7100   -0.0002 C   0  0  0  0  0  0  0  0  0  0  0  0
   -0.4837    0.9586    0.0005 C   0  0  0  0  0  0  0  0  0  0  0  0
    0.8776    1.1905    0.0001 C   0  0  0  0  0  0  0  0  0  0  0  0
    1.7638    0.1212   -0.0003 C   0  0  0  0  0  0  0  0  0  0  0  0
    3.1434    0.3553   -0.0002 N   0  0  0  0  0  0  0  0  0  0  0  0
    1.9685   -2.0124    0.0040 H   0  0  0  0  0  0  0  0  0  0  0  0
   -0.4583   -2.4227    0.0001 H   0  0  0  0  0  0  0  0  0  0  0  0
   -4.0250    0.5780   -0.0002 H   0  0  0  0  0  0  0  0  0  0  0  0
   -2.6447    1.2641    0.8898 H   0  0  0  0  0  0  0  0  0  0  0  0
   -2.6445    1.2641   -0.8901 H   0  0  0  0  0  0  0  0  0  0  0  0
   -1.1730    1.7900    0.0008 H   0  0  0  0  0  0  0  0  0  0  0  0
    1.2530    2.2032   -0.0003 H   0  0  0  0  0  0  0  0  0  0  0  0
    3.7622   -0.3918   -0.0004 H   0  0  0  0  0  0  0  0  0  0  0  0
    3.4811    1.2646    0.0002 H   0  0  0  0  0  0  0  0  0  0  0  0
  1  2  1  0  0  0  0
  2  3  2  0  0  0  0
  3  4  1  0  0  0  0
  4  5  1  0  0  0  0
  3  6  1  0  0  0  0
  6  7  2  0  0  0  0
  7  8  1  0  0  0  0
  1  8  2  0  0  0  0
  8  9  1  0  0  0  0
  1 10  1  0  0  0  0
  2 11  1  0  0  0  0
  5 12  1  0  0  0  0
  5 13  1  0  0  0  0
  5 14  1  0  0  0  0
  6 15  1  0  0  0  0
  7 16  1  0  0  0  0
  9 17  1  0  0  0  0
  9 18  1  0  0  0  0
M  END
$$$$
