 
WItclserve11290013443D 0   0.00000     0.00000cramer
 
 41 42  0  0  0  0  0  0  0  0  1 V2000
    0.0000   -2.2133   -0.2887 C   0  0  0  0  0  0  0  0  0  0  0  0
   -1.2305   -1.3505   -0.1761 C   0  0  0  0  0  0  0  0  0  0  0  0
   -1.7938   -0.8005   -1.3132 C   0  0  0  0  0  0  0  0  0  0  0  0
   -2.9213   -0.0095   -1.2137 C   0  0  0  0  0  0  0  0  0  0  0  0
   -3.4897    0.2336    0.0305 C   0  0  0  0  0  0  0  0  0  0  0  0
   -2.9214   -0.3203    1.1703 C   0  0  0  0  0  0  0  0  0  0  0  0
   -1.7969   -1.1153    1.0630 C   0  0  0  0  0  0  0  0  0  0  0  0
   -4.6299    1.0336    0.1348 N   0  0  0  0  0  0  0  0  0  0  0  0
   -5.1566    1.7163   -1.0495 C   0  0  0  0  0  0  0  0  0  0  0  0
   -5.2990    1.1900    1.4287 C   0  0  0  0  0  0  0  0  0  0  0  0
    1.2305   -1.3505   -0.1762 C   0  0  0  0  0  0  0  0  0  0  0  0
    1.7938   -1.1106    1.0640 C   0  0  0  0  0  0  0  0  0  0  0  0
    2.9213   -0.3205    1.1706 C   0  0  0  0  0  0  0  0  0  0  0  0
    3.4897    0.2336    0.0304 C   0  0  0  0  0  0  0  0  0  0  0  0
    2.9214   -0.0094   -1.2133 C   0  0  0  0  0  0  0  0  0  0  0  0
    1.7969   -0.8053   -1.3135 C   0  0  0  0  0  0  0  0  0  0  0  0
    4.6299    1.0336    0.1348 N   0  0  0  0  0  0  0  0  0  0  0  0
    5.2988    1.1904    1.4287 C   0  0  0  0  0  0  0  0  0  0  0  0
    5.1569    1.7159   -1.0497 C   0  0  0  0  0  0  0  0  0  0  0  0
    0.0000   -2.9524    0.5124 H   0  0  0  0  0  0  0  0  0  0  0  0
    0.0000   -2.7222   -1.2526 H   0  0  0  0  0  0  0  0  0  0  0  0
   -1.3512   -0.9896   -2.2801 H   0  0  0  0  0  0  0  0  0  0  0  0
   -3.3605    0.4200   -2.1020 H   0  0  0  0  0  0  0  0  0  0  0  0
   -3.3608   -0.1334    2.1390 H   0  0  0  0  0  0  0  0  0  0  0  0
   -1.3545   -1.5463    1.9489 H   0  0  0  0  0  0  0  0  0  0  0  0
   -4.5872    1.4118   -1.9277 H   0  0  0  0  0  0  0  0  0  0  0  0
   -6.2048    1.4504   -1.1860 H   0  0  0  0  0  0  0  0  0  0  0  0
   -5.0697    2.7946   -0.9161 H   0  0  0  0  0  0  0  0  0  0  0  0
   -5.6278    0.2149    1.7879 H   0  0  0  0  0  0  0  0  0  0  0  0
   -4.6045    1.6265    2.1465 H   0  0  0  0  0  0  0  0  0  0  0  0
   -6.1626    1.8451    1.3142 H   0  0  0  0  0  0  0  0  0  0  0  0
    1.3512   -1.5413    1.9499 H   0  0  0  0  0  0  0  0  0  0  0  0
    3.3605   -0.1332    2.1394 H   0  0  0  0  0  0  0  0  0  0  0  0
    3.3608    0.4198   -2.1017 H   0  0  0  0  0  0  0  0  0  0  0  0
    1.3545   -0.9947   -2.2803 H   0  0  0  0  0  0  0  0  0  0  0  0
    4.7173    0.6878    2.2016 H   0  0  0  0  0  0  0  0  0  0  0  0
    6.2944    0.7497    1.3788 H   0  0  0  0  0  0  0  0  0  0  0  0
    5.3822    2.2504    1.6685 H   0  0  0  0  0  0  0  0  0  0  0  0
    6.0428    2.2884   -0.7751 H   0  0  0  0  0  0  0  0  0  0  0  0
    5.4216    0.9775   -1.8066 H   0  0  0  0  0  0  0  0  0  0  0  0
    4.3983    2.3893   -1.4487 H   0  0  0  0  0  0  0  0  0  0  0  0
  1  2  1  0  0  0  0
  2  3  1  0  0  0  0
  3  4  2  0  0  0  0
  4  5  1  0  0  0  0
  5  6  2  0  0  0  0
  6  7  1  0  0  0  0
  2  7  2  0  0  0  0
  5  8  1  0  0  0  0
  8  9  1  0  0  0  0
  8 10  1  0  0  0  0
  1 11  1  0  0  0  0
 11 12  1  0  0  0  0
 12 13  2  0  0  0  0
 13 14  1  0  0  0  0
 14 15  2  0  0  0  0
 15 16  1  0  0  0  0
 11 16  2  0  0  0  0
 14 17  1  0  0  0  0
 17 18  1  0  0  0  0
 17 19  1  0  0  0  0
  1 20  1  0  0  0  0
  1 21  1  0  0  0  0
  3 22  1  0  0  0  0
  4 23  1  0  0  0  0
  6 24  1  0  0  0  0
  7 25  1  0  0  0  0
  9 26  1  0  0  0  0
  9 27  1  0  0  0  0
  9 28  1  0  0  0  0
 10 29  1  0  0  0  0
 10 30  1  0  0  0  0
 10 31  1  0  0  0  0
 12 32  1  0  0  0  0
 13 33  1  0  0  0  0
 15 34  1  0  0  0  0
 16 35  1  0  0  0  0
 18 36  1  0  0  0  0
 18 37  1  0  0  0  0
 18 38  1  0  0  0  0
 19 39  1  0  0  0  0
 19 40  1  0  0  0  0
 19 41  1  0  0  0  0
M  END
$$$$
