 
WItclserve11290013443D 0   0.00000     0.00000cramer
 
 28 29  0  0  0  0  0  0  0  0  1 V2000
   -3.6355   -0.3044    0.9063 C   0  0  0  0  0  0  0  0  0  0  0  0
   -3.5035   -1.6662    0.7078 C   0  0  0  0  0  0  0  0  0  0  0  0
   -2.4379   -2.1581   -0.0221 C   0  0  0  0  0  0  0  0  0  0  0  0
   -1.5041   -1.2883   -0.5540 C   0  0  0  0  0  0  0  0  0  0  0  0
   -1.6365    0.0732   -0.3563 C   0  0  0  0  0  0  0  0  0  0  0  0
   -2.7018    0.5652    0.3750 C   0  0  0  0  0  0  0  0  0  0  0  0
   -0.6182    1.0213   -0.9353 C   0  0  0  0  0  0  0  0  0  0  0  0
   -1.2450    2.2708   -1.2314 O   0  0  0  0  0  0  0  0  0  0  0  0
    0.4898    1.2391    0.0627 C   0  0  0  0  0  0  0  0  0  0  0  0
    0.4097    2.1398    0.8706 O   0  0  0  0  0  0  0  0  0  0  0  0
    1.6691    0.3587    0.0568 C   0  0  0  0  0  0  0  0  0  0  0  0
    2.6995    0.5576    0.9815 C   0  0  0  0  0  0  0  0  0  0  0  0
    3.8010   -0.2714    0.9696 C   0  0  0  0  0  0  0  0  0  0  0  0
    3.8890   -1.2982    0.0454 C   0  0  0  0  0  0  0  0  0  0  0  0
    2.8737   -1.5015   -0.8727 C   0  0  0  0  0  0  0  0  0  0  0  0
    1.7625   -0.6846   -0.8695 C   0  0  0  0  0  0  0  0  0  0  0  0
   -4.4707    0.0803    1.4728 H   0  0  0  0  0  0  0  0  0  0  0  0
   -4.2330   -2.3457    1.1233 H   0  0  0  0  0  0  0  0  0  0  0  0
   -2.3344   -3.2220   -0.1765 H   0  0  0  0  0  0  0  0  0  0  0  0
   -0.6710   -1.6727   -1.1237 H   0  0  0  0  0  0  0  0  0  0  0  0
   -2.8052    1.6290    0.5294 H   0  0  0  0  0  0  0  0  0  0  0  0
   -0.2049    0.5963   -1.8500 H   0  0  0  0  0  0  0  0  0  0  0  0
   -1.5963    2.6119   -0.3975 H   0  0  0  0  0  0  0  0  0  0  0  0
    2.6326    1.3588    1.7027 H   0  0  0  0  0  0  0  0  0  0  0  0
    4.5975   -0.1191    1.6829 H   0  0  0  0  0  0  0  0  0  0  0  0
    4.7548   -1.9438    0.0406 H   0  0  0  0  0  0  0  0  0  0  0  0
    2.9496   -2.3047   -1.5906 H   0  0  0  0  0  0  0  0  0  0  0  0
    0.9710   -0.8445   -1.5866 H   0  0  0  0  0  0  0  0  0  0  0  0
  1  2  1  0  0  0  0
  2  3  2  0  0  0  0
  3  4  1  0  0  0  0
  4  5  2  0  0  0  0
  5  6  1  0  0  0  0
  1  6  2  0  0  0  0
  5  7  1  0  0  0  0
  7  8  1  0  0  0  0
  7  9  1  0  0  0  0
  9 10  2  0  0  0  0
  9 11  1  0  0  0  0
 11 12  1  0  0  0  0
 12 13  2  0  0  0  0
 13 14  1  0  0  0  0
 14 15  2  0  0  0  0
 15 16  1  0  0  0  0
 11 16  2  0  0  0  0
  1 17  1  0  0  0  0
  2 18  1  0  0  0  0
  3 19  1  0  0  0  0
  4 20  1  0  0  0  0
  6 21  1  0  0  0  0
  7 22  1  0  0  0  0
  8 23  1  0  0  0  0
 12 24  1  0  0  0  0
 13 25  1  0  0  0  0
 14 26  1  0  0  0  0
 15 27  1  0  0  0  0
 16 28  1  0  0  0  0
M  END
$$$$
