 
WItclserve11290013443D 0   0.00000     0.00000cramer
 
 37 36  0  0  0  0  0  0  0  0  1 V2000
    2.0181   -0.6306    0.0073 C   0  0  0  0  0  0  0  0  0  0  0  0
    0.8018    0.2976    0.0005 C   0  0  0  0  0  0  0  0  0  0  0  0
   -0.4787   -0.5396    0.0102 C   0  0  0  0  0  0  0  0  0  0  0  0
   -1.6950    0.3886    0.0034 C   0  0  0  0  0  0  0  0  0  0  0  0
   -2.9756   -0.4487    0.0131 C   0  0  0  0  0  0  0  0  0  0  0  0
   -4.1918    0.4795    0.0063 C   0  0  0  0  0  0  0  0  0  0  0  0
   -5.4724   -0.3577    0.0160 C   0  0  0  0  0  0  0  0  0  0  0  0
   -6.6887    0.5705    0.0092 C   0  0  0  0  0  0  0  0  0  0  0  0
   -7.9182   -0.2334    0.0185 N   0  0  0  0  0  0  0  0  0  0  0  0
    3.2986    0.2067   -0.0024 C   0  0  0  0  0  0  0  0  0  0  0  0
    4.5149   -0.7215    0.0043 C   0  0  0  0  0  0  0  0  0  0  0  0
    5.7762    0.1031   -0.0052 C   0  0  0  0  0  0  0  0  0  0  0  0
    5.7092    1.3095   -0.0163 O   0  0  0  0  0  0  0  0  0  0  0  0
    6.9741   -0.5025   -0.0014 O   0  0  0  0  0  0  0  0  0  0  0  0
    1.9965   -1.2512    0.9031 H   0  0  0  0  0  0  0  0  0  0  0  0
    1.9938   -1.2677   -0.8768 H   0  0  0  0  0  0  0  0  0  0  0  0
    0.8260    0.9347    0.8845 H   0  0  0  0  0  0  0  0  0  0  0  0
    0.8234    0.9182   -0.8953 H   0  0  0  0  0  0  0  0  0  0  0  0
   -0.5030   -1.1768   -0.8739 H   0  0  0  0  0  0  0  0  0  0  0  0
   -0.5003   -1.1602    0.9060 H   0  0  0  0  0  0  0  0  0  0  0  0
   -1.6708    1.0257    0.8874 H   0  0  0  0  0  0  0  0  0  0  0  0
   -1.6734    1.0092   -0.8924 H   0  0  0  0  0  0  0  0  0  0  0  0
   -2.9998   -1.0858   -0.8710 H   0  0  0  0  0  0  0  0  0  0  0  0
   -2.9971   -1.0693    0.9089 H   0  0  0  0  0  0  0  0  0  0  0  0
   -4.1676    1.1166    0.8903 H   0  0  0  0  0  0  0  0  0  0  0  0
   -4.1703    1.1001   -0.8895 H   0  0  0  0  0  0  0  0  0  0  0  0
   -5.4966   -0.9949   -0.8681 H   0  0  0  0  0  0  0  0  0  0  0  0
   -5.4940   -0.9784    0.9118 H   0  0  0  0  0  0  0  0  0  0  0  0
   -6.6644    1.2076    0.8932 H   0  0  0  0  0  0  0  0  0  0  0  0
   -6.6671    1.1911   -0.8866 H   0  0  0  0  0  0  0  0  0  0  0  0
   -8.6897    0.4168    0.0136 H   0  0  0  0  0  0  0  0  0  0  0  0
   -7.9489   -0.7264   -0.8613 H   0  0  0  0  0  0  0  0  0  0  0  0
    3.3202    0.8273   -0.8982 H   0  0  0  0  0  0  0  0  0  0  0  0
    3.3229    0.8438    0.8816 H   0  0  0  0  0  0  0  0  0  0  0  0
    4.4933   -1.3421    0.9002 H   0  0  0  0  0  0  0  0  0  0  0  0
    4.4907   -1.3586   -0.8797 H   0  0  0  0  0  0  0  0  0  0  0  0
    7.7834    0.0267   -0.0075 H   0  0  0  0  0  0  0  0  0  0  0  0
  1  2  1  0  0  0  0
  2  3  1  0  0  0  0
  3  4  1  0  0  0  0
  4  5  1  0  0  0  0
  5  6  1  0  0  0  0
  6  7  1  0  0  0  0
  7  8  1  0  0  0  0
  8  9  1  0  0  0  0
  1 10  1  0  0  0  0
 10 11  1  0  0  0  0
 11 12  1  0  0  0  0
 12 13  2  0  0  0  0
 12 14  1  0  0  0  0
  1 15  1  0  0  0  0
  1 16  1  0  0  0  0
  2 17  1  0  0  0  0
  2 18  1  0  0  0  0
  3 19  1  0  0  0  0
  3 20  1  0  0  0  0
  4 21  1  0  0  0  0
  4 22  1  0  0  0  0
  5 23  1  0  0  0  0
  5 24  1  0  0  0  0
  6 25  1  0  0  0  0
  6 26  1  0  0  0  0
  7 27  1  0  0  0  0
  7 28  1  0  0  0  0
  8 29  1  0  0  0  0
  8 30  1  0  0  0  0
  9 31  1  0  0  0  0
  9 32  1  0  0  0  0
 10 33  1  0  0  0  0
 10 34  1  0  0  0  0
 11 35  1  0  0  0  0
 11 36  1  0  0  0  0
 14 37  1  0  0  0  0
M  END
$$$$
