 
WItclserve11290013443D 0   0.00000     0.00000cramer
 
 25 24  0  0  0  0  0  0  0  0  1 V2000
   -4.5658    0.4690   -0.0011 N   0  0  0  0  0  0  0  0  0  0  0  0
   -5.7700   -0.3654   -0.0009 C   0  0  0  0  0  0  0  0  0  0  0  0
   -4.6863    1.9290    0.0043 C   0  0  0  0  0  0  0  0  0  0  0  0
   -3.3472   -0.1066   -0.0007 C   0  0  0  0  0  0  0  0  0  0  0  0
   -3.2064   -1.8128    0.0002 S   0  0  0  0  0  0  0  0  0  0  0  0
   -1.8988    0.8969   -0.0010 S   0  0  0  0  0  0  0  0  0  0  0  0
    0.0000    0.0000   -0.0003 Zn  0  0  0  0  0  0  0  0  0  0  0  0
    1.8988   -0.8969    0.0004 S   0  0  0  0  0  0  0  0  0  0  0  0
    3.3472    0.1066    0.0001 C   0  0  0  0  0  0  0  0  0  0  0  0
    3.2064    1.8128   -0.0008 S   0  0  0  0  0  0  0  0  0  0  0  0
    4.5658   -0.4690    0.0005 N   0  0  0  0  0  0  0  0  0  0  0  0
    4.6863   -1.9290    0.0012 C   0  0  0  0  0  0  0  0  0  0  0  0
    5.7700    0.3654    0.0002 C   0  0  0  0  0  0  0  0  0  0  0  0
   -6.6539    0.2724    0.0037 H   0  0  0  0  0  0  0  0  0  0  0  0
   -5.7783   -0.9915   -0.8930 H   0  0  0  0  0  0  0  0  0  0  0  0
   -5.7737   -0.9977    0.8869 H   0  0  0  0  0  0  0  0  0  0  0  0
   -3.6920    2.3756    0.0032 H   0  0  0  0  0  0  0  0  0  0  0  0
   -5.2306    2.2520   -0.8832 H   0  0  0  0  0  0  0  0  0  0  0  0
   -5.2259    2.2458    0.8968 H   0  0  0  0  0  0  0  0  0  0  0  0
    3.6920   -2.3756    0.0013 H   0  0  0  0  0  0  0  0  0  0  0  0
    5.2284   -2.2493   -0.8886 H   0  0  0  0  0  0  0  0  0  0  0  0
    5.2282   -2.2485    0.8914 H   0  0  0  0  0  0  0  0  0  0  0  0
    6.6539   -0.2724    0.0006 H   0  0  0  0  0  0  0  0  0  0  0  0
    5.7761    0.9942   -0.8901 H   0  0  0  0  0  0  0  0  0  0  0  0
    5.7759    0.9951    0.8899 H   0  0  0  0  0  0  0  0  0  0  0  0
  1  2  1  0  0  0  0
  1  3  1  0  0  0  0
  1  4  1  0  0  0  0
  4  5  2  0  0  0  0
  4  6  1  0  0  0  0
  6  7  1  0  0  0  0
  7  8  1  0  0  0  0
  8  9  1  0  0  0  0
  9 10  2  0  0  0  0
  9 11  1  0  0  0  0
 11 12  1  0  0  0  0
 11 13  1  0  0  0  0
  2 14  1  0  0  0  0
  2 15  1  0  0  0  0
  2 16  1  0  0  0  0
  3 17  1  0  0  0  0
  3 18  1  0  0  0  0
  3 19  1  0  0  0  0
 12 20  1  0  0  0  0
 12 21  1  0  0  0  0
 12 22  1  0  0  0  0
 13 23  1  0  0  0  0
 13 24  1  0  0  0  0
 13 25  1  0  0  0  0
M  END
$$$$
