 
WItclserve11290013443D 0   0.00000     0.00000cramer
 
 10 10  0  0  0  0  0  0  0  0  1 V2000
    1.5729    0.0727   -0.1907 C   0  0  0  0  0  0  0  0  0  0  0  0
    0.2198   -0.0505    0.5128 C   0  0  0  0  0  0  0  0  0  0  0  0
   -0.9661    0.7095   -0.0846 C   0  0  0  0  0  0  0  0  0  0  0  0
   -0.8370   -0.7099   -0.1873 O   0  0  0  0  0  0  0  0  0  0  0  0
    2.3159   -0.5186    0.3446 H   0  0  0  0  0  0  0  0  0  0  0  0
    1.4853   -0.2936   -1.2135 H   0  0  0  0  0  0  0  0  0  0  0  0
    1.8816    1.1180   -0.2043 H   0  0  0  0  0  0  0  0  0  0  0  0
    0.2585   -0.1607    1.5965 H   0  0  0  0  0  0  0  0  0  0  0  0
   -1.7152    1.1031    0.6024 H   0  0  0  0  0  0  0  0  0  0  0  0
   -0.7894    1.3019   -0.9824 H   0  0  0  0  0  0  0  0  0  0  0  0
  1  2  1  0  0  0  0
  2  3  1  0  0  0  0
  3  4  1  0  0  0  0
  2  4  1  0  0  0  0
  1  5  1  0  0  0  0
  1  6  1  0  0  0  0
  1  7  1  0  0  0  0
  2  8  1  0  0  0  0
  3  9  1  0  0  0  0
  3 10  1  0  0  0  0
M  END
$$$$
