 
WItclserve11290013443D 0   0.00000     0.00000cramer
 
 39 39  0  0  0  0  0  0  0  0  2 V2000
    0.4721   -1.4387    0.5029 C   0  0  0  0  0  0  0  0  0  0  0  0
   -0.9073   -1.4655    0.5654 C   0  0  0  0  0  0  0  0  0  0  0  0
   -1.6393   -0.3331    0.2347 C   0  0  0  0  0  0  0  0  0  0  0  0
   -3.0376   -0.3601    0.2984 N   0  0  0  0  0  0  0  0  0  0  0  0
   -3.7318   -1.6070    0.6293 C   0  0  0  0  0  0  0  0  0  0  0  0
   -5.2425   -1.3644    0.6322 C   0  0  0  0  0  0  0  0  0  0  0  0
   -5.6557   -0.9178   -0.6608 O   0  0  0  0  0  0  0  0  0  0  0  0
   -0.9844    0.8267   -0.1589 C   0  0  0  0  0  0  0  0  0  0  0  0
    0.3946    0.8533   -0.2218 C   0  0  0  0  0  0  0  0  0  0  0  0
    1.1268   -0.2793    0.1095 C   0  0  0  0  0  0  0  0  0  0  0  0
    2.5251   -0.2521    0.0462 N   0  0  0  0  0  0  0  0  0  0  0  0
    3.2218    1.0078   -0.2248 C   0  0  0  0  0  0  0  0  0  0  0  0
    3.5231    1.7183    1.0964 C   0  0  0  0  0  0  0  0  0  0  0  0
    4.3494    0.8824    1.9091 O   0  0  0  0  0  0  0  0  0  0  0  0
    3.2917   -1.4837    0.2508 C   0  0  0  0  0  0  0  0  0  0  0  0
    3.6441   -2.0966   -1.1060 C   0  0  0  0  0  0  0  0  0  0  0  0
    4.5509   -1.2349   -1.7968 O   0  0  0  0  0  0  0  0  0  0  0  0
   -1.7648    2.0339   -0.5114 N   0  3  0  0  0  0  0  0  0  0  0  0
   -1.4030    2.7458   -1.4311 O   0  0  0  0  0  0  0  0  0  0  0  0
   -2.7687    2.3155    0.1182 O   0  5  0  0  0  0  0  0  0  0  0  0
    1.0417   -2.3182    0.7644 H   0  0  0  0  0  0  0  0  0  0  0  0
   -1.4166   -2.3675    0.8711 H   0  0  0  0  0  0  0  0  0  0  0  0
   -3.5468    0.4468    0.1235 H   0  0  0  0  0  0  0  0  0  0  0  0
   -3.4873   -2.3670   -0.1129 H   0  0  0  0  0  0  0  0  0  0  0  0
   -3.4167   -1.9477    1.6156 H   0  0  0  0  0  0  0  0  0  0  0  0
   -5.7590   -2.2921    0.8784 H   0  0  0  0  0  0  0  0  0  0  0  0
   -5.4870   -0.6045    1.3744 H   0  0  0  0  0  0  0  0  0  0  0  0
   -6.6113   -0.7770   -0.6156 H   0  0  0  0  0  0  0  0  0  0  0  0
    0.9038    1.7550   -0.5285 H   0  0  0  0  0  0  0  0  0  0  0  0
    4.1557    0.8015   -0.7476 H   0  0  0  0  0  0  0  0  0  0  0  0
    2.5915    1.6454   -0.8447 H   0  0  0  0  0  0  0  0  0  0  0  0
    4.0414    2.6557    0.8948 H   0  0  0  0  0  0  0  0  0  0  0  0
    2.5892    1.9246    1.6192 H   0  0  0  0  0  0  0  0  0  0  0  0
    4.5151    1.3663    2.7297 H   0  0  0  0  0  0  0  0  0  0  0  0
    4.2080   -1.2551    0.7952 H   0  0  0  0  0  0  0  0  0  0  0  0
    2.6948   -2.1919    0.8254 H   0  0  0  0  0  0  0  0  0  0  0  0
    4.1113   -3.0697   -0.9549 H   0  0  0  0  0  0  0  0  0  0  0  0
    2.7362   -2.2173   -1.6970 H   0  0  0  0  0  0  0  0  0  0  0  0
    4.7467   -1.6570   -2.6445 H   0  0  0  0  0  0  0  0  0  0  0  0
  1  2  1  0  0  0  0
  2  3  2  0  0  0  0
  3  4  1  0  0  0  0
  4  5  1  0  0  0  0
  5  6  1  0  0  0  0
  6  7  1  0  0  0  0
  3  8  1  0  0  0  0
  8  9  2  0  0  0  0
  9 10  1  0  0  0  0
  1 10  2  0  0  0  0
 10 11  1  0  0  0  0
 11 12  1  0  0  0  0
 12 13  1  0  0  0  0
 13 14  1  0  0  0  0
 11 15  1  0  0  0  0
 15 16  1  0  0  0  0
 16 17  1  0  0  0  0
  8 18  1  0  0  0  0
 18 19  2  0  0  0  0
 18 20  1  0  0  0  0
  1 21  1  0  0  0  0
  2 22  1  0  0  0  0
  4 23  1  0  0  0  0
  5 24  1  0  0  0  0
  5 25  1  0  0  0  0
  6 26  1  0  0  0  0
  6 27  1  0  0  0  0
  7 28  1  0  0  0  0
  9 29  1  0  0  0  0
 12 30  1  0  0  0  0
 12 31  1  0  0  0  0
 13 32  1  0  0  0  0
 13 33  1  0  0  0  0
 14 34  1  0  0  0  0
 15 35  1  0  0  0  0
 15 36  1  0  0  0  0
 16 37  1  0  0  0  0
 16 38  1  0  0  0  0
 17 39  1  0  0  0  0
M  CHG  2  18   1  20  -1
M  END
$$$$
