 
WItclserve11290013443D 0   0.00000     0.00000cramer
 
 32 34  0  0  0  0  0  0  0  0  1 V2000
    0.0001   -2.6593   -0.0004 O   0  0  0  0  0  0  0  0  0  0  0  0
    0.0001   -1.4423    0.0002 C   0  0  0  0  0  0  0  0  0  0  0  0
    1.2738   -0.7051   -0.0001 C   0  0  0  0  0  0  0  0  0  0  0  0
    2.4899   -1.3963    0.0005 C   0  0  0  0  0  0  0  0  0  0  0  0
    2.5007   -2.7842    0.0003 N   0  0  0  0  0  0  0  0  0  0  0  0
    3.6928   -0.6875    0.0007 C   0  0  0  0  0  0  0  0  0  0  0  0
    3.6927    0.6878    0.0008 C   0  0  0  0  0  0  0  0  0  0  0  0
    2.4897    1.3965    0.0003 C   0  0  0  0  0  0  0  0  0  0  0  0
    2.5005    2.7844   -0.0001 N   0  0  0  0  0  0  0  0  0  0  0  0
    1.2737    0.7052   -0.0003 C   0  0  0  0  0  0  0  0  0  0  0  0
   -0.0001    1.4423   -0.0003 C   0  0  0  0  0  0  0  0  0  0  0  0
   -0.0001    2.6593   -0.0007 O   0  0  0  0  0  0  0  0  0  0  0  0
   -1.2738    0.7051   -0.0002 C   0  0  0  0  0  0  0  0  0  0  0  0
   -2.4899    1.3963    0.0006 C   0  0  0  0  0  0  0  0  0  0  0  0
   -2.5007    2.7842    0.0004 N   0  0  0  0  0  0  0  0  0  0  0  0
   -3.6928    0.6875    0.0011 C   0  0  0  0  0  0  0  0  0  0  0  0
   -3.6927   -0.6878    0.0012 C   0  0  0  0  0  0  0  0  0  0  0  0
   -2.4897   -1.3965    0.0004 C   0  0  0  0  0  0  0  0  0  0  0  0
   -2.5005   -2.7844    0.0004 N   0  0  0  0  0  0  0  0  0  0  0  0
   -1.2737   -0.7052   -0.0051 C   0  0  0  0  0  0  0  0  0  0  0  0
    1.7420   -3.2751   -0.3521 H   0  0  0  0  0  0  0  0  0  0  0  0
    3.2671   -3.2633    0.3526 H   0  0  0  0  0  0  0  0  0  0  0  0
    4.6305   -1.2233    0.0011 H   0  0  0  0  0  0  0  0  0  0  0  0
    4.6304    1.2237    0.0017 H   0  0  0  0  0  0  0  0  0  0  0  0
    3.2670    3.2634   -0.3520 H   0  0  0  0  0  0  0  0  0  0  0  0
    1.7414    3.2754    0.3516 H   0  0  0  0  0  0  0  0  0  0  0  0
   -1.7421    3.2751   -0.3521 H   0  0  0  0  0  0  0  0  0  0  0  0
   -3.2670    3.2633    0.3529 H   0  0  0  0  0  0  0  0  0  0  0  0
   -4.6305    1.2233    0.0017 H   0  0  0  0  0  0  0  0  0  0  0  0
   -4.6303   -1.2237    0.0022 H   0  0  0  0  0  0  0  0  0  0  0  0
   -3.2671   -3.2635   -0.3512 H   0  0  0  0  0  0  0  0  0  0  0  0
   -1.7413   -3.2753    0.3521 H   0  0  0  0  0  0  0  0  0  0  0  0
  1  2  2  0  0  0  0
  2  3  1  0  0  0  0
  3  4  1  0  0  0  0
  4  5  1  0  0  0  0
  4  6  2  0  0  0  0
  6  7  1  0  0  0  0
  7  8  2  0  0  0  0
  8  9  1  0  0  0  0
  8 10  1  0  0  0  0
  3 10  2  0  0  0  0
 10 11  1  0  0  0  0
 11 12  2  0  0  0  0
 11 13  1  0  0  0  0
 13 14  1  0  0  0  0
 14 15  1  0  0  0  0
 14 16  2  0  0  0  0
 16 17  1  0  0  0  0
 17 18  2  0  0  0  0
 18 19  1  0  0  0  0
 18 20  1  0  0  0  0
  2 20  1  0  0  0  0
 13 20  2  0  0  0  0
  5 21  1  0  0  0  0
  5 22  1  0  0  0  0
  6 23  1  0  0  0  0
  7 24  1  0  0  0  0
  9 25  1  0  0  0  0
  9 26  1  0  0  0  0
 15 27  1  0  0  0  0
 15 28  1  0  0  0  0
 16 29  1  0  0  0  0
 17 30  1  0  0  0  0
 19 31  1  0  0  0  0
 19 32  1  0  0  0  0
M  END
$$$$
