 
WItclserve11290013443D 0   0.00000     0.00000cramer
 
 23 24  0  0  0  0  0  0  0  0  1 V2000
    1.1970   -2.8062    0.2313 Cl  0  0  0  0  0  0  0  0  0  0  0  0
    0.5280   -1.1319    0.2311 C   0  0  0  0  0  0  0  0  0  0  0  0
   -0.1781   -0.6795   -1.0525 C   0  0  0  0  0  0  0  0  0  0  0  0
   -0.8234   -1.7251   -2.2788 Cl  0  0  0  0  0  0  0  0  0  0  0  0
   -0.2120    0.6408   -1.0668 C   0  0  0  0  0  0  0  0  0  0  0  0
   -0.9102    1.6251   -2.3147 Cl  0  0  0  0  0  0  0  0  0  0  0  0
    0.4693    1.1565    0.2063 C   0  0  0  0  0  0  0  0  0  0  0  0
    1.0515    2.8625    0.1699 Cl  0  0  0  0  0  0  0  0  0  0  0  0
   -0.5421    0.7926    1.3390 C   0  0  0  0  0  0  0  0  0  0  0  0
   -1.9208    1.2984    1.0006 C   0  0  0  0  0  0  0  0  0  0  0  0
   -2.1089    1.8934   -0.0340 O   0  0  0  0  0  0  0  0  0  0  0  0
   -2.9398    1.0878    1.8486 O   0  0  0  0  0  0  0  0  0  0  0  0
   -0.5014   -0.7959    1.3563 C   0  0  0  0  0  0  0  0  0  0  0  0
   -1.8589   -1.3641    1.0316 C   0  0  0  0  0  0  0  0  0  0  0  0
   -2.0048   -2.0591    0.0541 O   0  0  0  0  0  0  0  0  0  0  0  0
   -2.9059   -1.0980    1.8283 O   0  0  0  0  0  0  0  0  0  0  0  0
    1.5610    0.0415    0.3986 C   0  0  0  0  0  0  0  0  0  0  0  0
    2.3030    0.0784    2.0414 Cl  0  0  0  0  0  0  0  0  0  0  0  0
    2.8030    0.0592   -0.9082 Cl  0  0  0  0  0  0  0  0  0  0  0  0
   -0.2100    1.1992    2.2943 H   0  0  0  0  0  0  0  0  0  0  0  0
   -3.8245    1.4124    1.6314 H   0  0  0  0  0  0  0  0  0  0  0  0
   -0.1541   -1.1597    2.3233 H   0  0  0  0  0  0  0  0  0  0  0  0
   -3.7769   -1.4626    1.6199 H   0  0  0  0  0  0  0  0  0  0  0  0
  1  2  1  0  0  0  0
  2  3  1  0  0  0  0
  3  4  1  0  0  0  0
  3  5  2  0  0  0  0
  5  6  1  0  0  0  0
  5  7  1  0  0  0  0
  7  8  1  0  0  0  0
  7  9  1  0  0  0  0
  9 10  1  0  0  0  0
 10 11  2  0  0  0  0
 10 12  1  0  0  0  0
  9 13  1  0  0  0  0
  2 13  1  0  0  0  0
 13 14  1  0  0  0  0
 14 15  2  0  0  0  0
 14 16  1  0  0  0  0
  7 17  1  0  0  0  0
  2 17  1  0  0  0  0
 17 18  1  0  0  0  0
 17 19  1  0  0  0  0
  9 20  1  0  0  0  0
 12 21  1  0  0  0  0
 13 22  1  0  0  0  0
 16 23  1  0  0  0  0
M  END
$$$$
