 
WItclserve11290013443D 0   0.00000     0.00000cramer
 
 23 24  0  0  0  0  0  0  0  0  1 V2000
    0.0174    0.0486   -1.9339 O   0  0  0  0  0  0  0  0  0  0  0  0
   -1.0504    0.2855   -1.1268 C   0  0  0  0  0  0  0  0  0  0  0  0
   -0.9960    1.3016   -0.1826 C   0  0  0  0  0  0  0  0  0  0  0  0
    0.5638    2.3579   -0.0183 Br  0  0  0  0  0  0  0  0  0  0  0  0
   -2.0834    1.5410    0.6376 C   0  0  0  0  0  0  0  0  0  0  0  0
   -2.0102    2.9253    1.9237 Br  0  0  0  0  0  0  0  0  0  0  0  0
   -3.2256    0.7682    0.5174 C   0  0  0  0  0  0  0  0  0  0  0  0
   -4.7111    1.0978    1.6402 Br  0  0  0  0  0  0  0  0  0  0  0  0
   -3.2821   -0.2449   -0.4237 C   0  0  0  0  0  0  0  0  0  0  0  0
   -4.8445   -1.2978   -0.5860 Br  0  0  0  0  0  0  0  0  0  0  0  0
   -2.1984   -0.4842   -1.2496 C   0  0  0  0  0  0  0  0  0  0  0  0
   -2.2763   -1.8687   -2.5353 Br  0  0  0  0  0  0  0  0  0  0  0  0
    1.0706   -0.2290   -1.1206 C   0  0  0  0  0  0  0  0  0  0  0  0
    0.9777   -1.2532   -0.1883 C   0  0  0  0  0  0  0  0  0  0  0  0
   -0.6142   -2.2643   -0.0489 Br  0  0  0  0  0  0  0  0  0  0  0  0
    2.0504   -1.5340    0.6382 C   0  0  0  0  0  0  0  0  0  0  0  0
    1.9245   -2.9291    1.9085 Br  0  0  0  0  0  0  0  0  0  0  0  0
    3.2163   -0.7947    0.5359 C   0  0  0  0  0  0  0  0  0  0  0  0
    4.6817   -1.1813    1.6669 Br  0  0  0  0  0  0  0  0  0  0  0  0
    3.3111    0.2265   -0.3933 C   0  0  0  0  0  0  0  0  0  0  0  0
    4.9055    1.2339   -0.5307 Br  0  0  0  0  0  0  0  0  0  0  0  0
    2.2421    0.5074   -1.2252 C   0  0  0  0  0  0  0  0  0  0  0  0
    2.3723    1.9030   -2.4946 Br  0  0  0  0  0  0  0  0  0  0  0  0
  1  2  1  0  0  0  0
  2  3  1  0  0  0  0
  3  4  1  0  0  0  0
  3  5  2  0  0  0  0
  5  6  1  0  0  0  0
  5  7  1  0  0  0  0
  7  8  1  0  0  0  0
  7  9  2  0  0  0  0
  9 10  1  0  0  0  0
  9 11  1  0  0  0  0
  2 11  2  0  0  0  0
 11 12  1  0  0  0  0
  1 13  1  0  0  0  0
 13 14  1  0  0  0  0
 14 15  1  0  0  0  0
 14 16  2  0  0  0  0
 16 17  1  0  0  0  0
 16 18  1  0  0  0  0
 18 19  1  0  0  0  0
 18 20  2  0  0  0  0
 20 21  1  0  0  0  0
 20 22  1  0  0  0  0
 13 22  2  0  0  0  0
 22 23  1  0  0  0  0
M  END
$$$$
