 
WItclserve11290013443D 0   0.00000     0.00000cramer
 
 12 12  0  0  0  0  0  0  0  0  1 V2000
    0.6911   -1.1981    0.0001 C   0  0  0  0  0  0  0  0  0  0  0  0
   -0.6911   -1.1981   -0.0002 C   0  0  0  0  0  0  0  0  0  0  0  0
   -1.3828   -0.0001   -0.0002 C   0  0  0  0  0  0  0  0  0  0  0  0
   -3.1188   -0.0001   -0.0001 Cl  0  0  0  0  0  0  0  0  0  0  0  0
   -0.6909    1.1983    0.0002 C   0  0  0  0  0  0  0  0  0  0  0  0
    0.6909    1.1983    0.0001 C   0  0  0  0  0  0  0  0  0  0  0  0
    1.3828   -0.0001    0.0005 C   0  0  0  0  0  0  0  0  0  0  0  0
    3.1188   -0.0001   -0.0002 Cl  0  0  0  0  0  0  0  0  0  0  0  0
    1.2311   -2.1334    0.0046 H   0  0  0  0  0  0  0  0  0  0  0  0
   -1.2311   -2.1334   -0.0009 H   0  0  0  0  0  0  0  0  0  0  0  0
   -1.2309    2.1336    0.0003 H   0  0  0  0  0  0  0  0  0  0  0  0
    1.2309    2.1336    0.0001 H   0  0  0  0  0  0  0  0  0  0  0  0
  1  2  1  0  0  0  0
  2  3  2  0  0  0  0
  3  4  1  0  0  0  0
  3  5  1  0  0  0  0
  5  6  2  0  0  0  0
  6  7  1  0  0  0  0
  1  7  2  0  0  0  0
  7  8  1  0  0  0  0
  1  9  1  0  0  0  0
  2 10  1  0  0  0  0
  5 11  1  0  0  0  0
  6 12  1  0  0  0  0
M  END
$$$$
