 
WItclserve11290013443D 0   0.00000     0.00000cramer
 
  5  4  0  0  0  0  0  0  0  0  1 V2000
    0.0000    0.0000    0.6172 C   0  0  0  0  0  0  0  0  0  0  0  0
   -0.0382   -1.8532   -0.0381 Br  0  0  0  0  0  0  0  0  0  0  0  0
    1.6240    0.8935   -0.0381 Br  0  0  0  0  0  0  0  0  0  0  0  0
   -1.5858    0.9597   -0.0381 Br  0  0  0  0  0  0  0  0  0  0  0  0
    0.0000    0.0000    1.7072 H   0  0  0  0  0  0  0  0  0  0  0  0
  1  2  1  0  0  0  0
  1  3  1  0  0  0  0
  1  4  1  0  0  0  0
  1  5  1  0  0  0  0
M  END
$$$$
