 
WItclserve11290013453D 0   0.00000     0.00000cramer
 
 20 20  0  0  0  0  0  0  0  0  1 V2000
   -0.4927   -1.2012   -0.0434 C   0  0  0  0  0  0  0  0  0  0  0  0
   -1.8739   -1.1977   -0.0431 C   0  0  0  0  0  0  0  0  0  0  0  0
   -2.5637   -0.0002    0.0000 C   0  0  0  0  0  0  0  0  0  0  0  0
   -1.8738    1.1977    0.0430 C   0  0  0  0  0  0  0  0  0  0  0  0
   -0.4930    1.2014    0.0434 C   0  0  0  0  0  0  0  0  0  0  0  0
    0.2033   -0.0001    0.0001 C   0  0  0  0  0  0  0  0  0  0  0  0
    1.6000    0.0000    0.0000 N   0  0  0  0  0  0  0  0  0  0  0  0
    2.3324    1.2664   -0.0777 C   0  0  0  0  0  0  0  0  0  0  0  0
    2.3326   -1.2663    0.0775 C   0  0  0  0  0  0  0  0  0  0  0  0
    0.0455   -2.1371   -0.0729 H   0  0  0  0  0  0  0  0  0  0  0  0
   -2.4157   -2.1313   -0.0769 H   0  0  0  0  0  0  0  0  0  0  0  0
   -3.6437   -0.0002   -0.0002 H   0  0  0  0  0  0  0  0  0  0  0  0
   -2.4157    2.1314    0.0759 H   0  0  0  0  0  0  0  0  0  0  0  0
    0.0451    2.1372    0.0773 H   0  0  0  0  0  0  0  0  0  0  0  0
    1.6276    2.0968   -0.0374 H   0  0  0  0  0  0  0  0  0  0  0  0
    3.0257    1.3372    0.7604 H   0  0  0  0  0  0  0  0  0  0  0  0
    2.8890    1.3073   -1.0141 H   0  0  0  0  0  0  0  0  0  0  0  0
    2.0692   -1.8913   -0.7758 H   0  0  0  0  0  0  0  0  0  0  0  0
    3.4042   -1.0675    0.0652 H   0  0  0  0  0  0  0  0  0  0  0  0
    2.0694   -1.7824    1.0009 H   0  0  0  0  0  0  0  0  0  0  0  0
  1  2  1  0  0  0  0
  2  3  2  0  0  0  0
  3  4  1  0  0  0  0
  4  5  2  0  0  0  0
  5  6  1  0  0  0  0
  1  6  2  0  0  0  0
  6  7  1  0  0  0  0
  7  8  1  0  0  0  0
  7  9  1  0  0  0  0
  1 10  1  0  0  0  0
  2 11  1  0  0  0  0
  3 12  1  0  0  0  0
  4 13  1  0  0  0  0
  5 14  1  0  0  0  0
  8 15  1  0  0  0  0
  8 16  1  0  0  0  0
  8 17  1  0  0  0  0
  9 18  1  0  0  0  0
  9 19  1  0  0  0  0
  9 20  1  0  0  0  0
M  END
$$$$
