 
WItclserve11290013453D 0   0.00000     0.00000cramer
 
 16 16  0  0  0  0  0  0  0  0  2 V2000
   -0.0727   -1.1984   -0.0003 C   0  0  0  0  0  0  0  0  0  0  0  0
   -1.4540   -1.2020   -0.0002 C   0  0  0  0  0  0  0  0  0  0  0  0
   -2.1500   -0.0001   -0.0001 C   0  0  0  0  0  0  0  0  0  0  0  0
   -3.5467   -0.0001    0.0004 N   0  0  0  0  0  0  0  0  0  0  0  0
   -1.4538    1.2022   -0.0002 C   0  0  0  0  0  0  0  0  0  0  0  0
   -0.0730    1.1986   -0.0003 C   0  0  0  0  0  0  0  0  0  0  0  0
    0.6170   -0.0001   -0.0004 C   0  0  0  0  0  0  0  0  0  0  0  0
    2.0970    0.0000    0.0000 N   0  3  0  0  0  0  0  0  0  0  0  0
    2.7061   -1.0548   -0.0001 O   0  0  0  0  0  0  0  0  0  0  0  0
    2.7060    1.0548    0.0004 O   0  5  0  0  0  0  0  0  0  0  0  0
    0.4691   -2.1326    0.0042 H   0  0  0  0  0  0  0  0  0  0  0  0
   -1.9921   -2.1384   -0.0005 H   0  0  0  0  0  0  0  0  0  0  0  0
   -4.0318    0.8399    0.0005 H   0  0  0  0  0  0  0  0  0  0  0  0
   -4.0317   -0.8402    0.0008 H   0  0  0  0  0  0  0  0  0  0  0  0
   -1.9920    2.1386   -0.0005 H   0  0  0  0  0  0  0  0  0  0  0  0
    0.4688    2.1329   -0.0006 H   0  0  0  0  0  0  0  0  0  0  0  0
  1  2  1  0  0  0  0
  2  3  2  0  0  0  0
  3  4  1  0  0  0  0
  3  5  1  0  0  0  0
  5  6  2  0  0  0  0
  6  7  1  0  0  0  0
  1  7  2  0  0  0  0
  7  8  1  0  0  0  0
  8  9  2  0  0  0  0
  8 10  1  0  0  0  0
  1 11  1  0  0  0  0
  2 12  1  0  0  0  0
  4 13  1  0  0  0  0
  4 14  1  0  0  0  0
  5 15  1  0  0  0  0
  6 16  1  0  0  0  0
M  CHG  2   8   1  10  -1
M  END
$$$$
