 
WItclserve11290013453D 0   0.00000     0.00000cramer
 
 38 39  0  0  0  0  0  0  0  0  1 V2000
    0.6128   -0.2033   -0.0553 C   0  0  0  0  0  0  0  0  0  0  0  0
   -0.6663    0.1857    0.0760 C   0  0  0  0  0  0  0  0  0  0  0  0
   -1.7474   -0.8146    0.0446 C   0  0  0  0  0  0  0  0  0  0  0  0
   -1.4494   -2.1618   -0.1820 C   0  0  0  0  0  0  0  0  0  0  0  0
   -2.4629   -3.0940   -0.2107 C   0  0  0  0  0  0  0  0  0  0  0  0
   -3.7815   -2.6967   -0.0146 C   0  0  0  0  0  0  0  0  0  0  0  0
   -4.8055   -3.6441   -0.0444 N   0  0  0  0  0  0  0  0  0  0  0  0
   -4.0819   -1.3578    0.2115 C   0  0  0  0  0  0  0  0  0  0  0  0
   -3.0731   -0.4202    0.2470 C   0  0  0  0  0  0  0  0  0  0  0  0
   -3.4549    1.2758    0.5341 S   0  0  0  0  0  0  0  0  0  0  0  0
   -4.8521    1.3193    0.7891 O   0  0  0  0  0  0  0  0  0  0  0  0
   -2.4437    1.7564    1.4092 O   0  0  0  0  0  0  0  0  0  0  0  0
   -3.2511    2.0168   -0.7797 O   0  0  0  0  0  0  0  0  0  0  0  0
   -4.9911    1.9671   -1.7440 Na  0  0  0  0  0  0  0  0  0  0  0  0
    1.6938    0.7969   -0.0238 C   0  0  0  0  0  0  0  0  0  0  0  0
    1.4022    2.1506   -0.2179 C   0  0  0  0  0  0  0  0  0  0  0  0
    2.4156    3.0828   -0.1873 C   0  0  0  0  0  0  0  0  0  0  0  0
    3.7279    2.6791    0.0357 C   0  0  0  0  0  0  0  0  0  0  0  0
    4.7519    3.6265    0.0655 N   0  0  0  0  0  0  0  0  0  0  0  0
    4.0220    1.3338    0.2296 C   0  0  0  0  0  0  0  0  0  0  0  0
    3.0131    0.3959    0.2058 C   0  0  0  0  0  0  0  0  0  0  0  0
    3.3870   -1.3083    0.4515 S   0  0  0  0  0  0  0  0  0  0  0  0
    4.6949   -1.3406    1.0063 O   0  0  0  0  0  0  0  0  0  0  0  0
    2.2276   -1.8763    1.0451 O   0  0  0  0  0  0  0  0  0  0  0  0
    3.5050   -1.9511   -0.9231 O   0  0  0  0  0  0  0  0  0  0  0  0
    5.4111   -1.7898   -1.4718 Na  0  0  0  0  0  0  0  0  0  0  0  0
    0.8488   -1.2499   -0.1793 H   0  0  0  0  0  0  0  0  0  0  0  0
   -0.9021    1.2318    0.2046 H   0  0  0  0  0  0  0  0  0  0  0  0
   -0.4260   -2.4710   -0.3347 H   0  0  0  0  0  0  0  0  0  0  0  0
   -2.2337   -4.1347   -0.3860 H   0  0  0  0  0  0  0  0  0  0  0  0
   -4.5974   -4.5784   -0.2017 H   0  0  0  0  0  0  0  0  0  0  0  0
   -5.7254   -3.3685    0.0922 H   0  0  0  0  0  0  0  0  0  0  0  0
   -5.1068   -1.0533    0.3633 H   0  0  0  0  0  0  0  0  0  0  0  0
    0.3836    2.4648   -0.3918 H   0  0  0  0  0  0  0  0  0  0  0  0
    2.1911    4.1285   -0.3371 H   0  0  0  0  0  0  0  0  0  0  0  0
    4.5481    4.5653   -0.0692 H   0  0  0  0  0  0  0  0  0  0  0  0
    5.6674    3.3464    0.2210 H   0  0  0  0  0  0  0  0  0  0  0  0
    5.0421    1.0243    0.4029 H   0  0  0  0  0  0  0  0  0  0  0  0
  1  2  2  0  0  0  0
  2  3  1  0  0  0  0
  3  4  1  0  0  0  0
  4  5  2  0  0  0  0
  5  6  1  0  0  0  0
  6  7  1  0  0  0  0
  6  8  2  0  0  0  0
  8  9  1  0  0  0  0
  3  9  2  0  0  0  0
  9 10  1  0  0  0  0
 10 11  2  0  0  0  0
 10 12  2  0  0  0  0
 10 13  1  0  0  0  0
 13 14  1  0  0  0  0
  1 15  1  0  0  0  0
 15 16  1  0  0  0  0
 16 17  2  0  0  0  0
 17 18  1  0  0  0  0
 18 19  1  0  0  0  0
 18 20  2  0  0  0  0
 20 21  1  0  0  0  0
 15 21  2  0  0  0  0
 21 22  1  0  0  0  0
 22 23  2  0  0  0  0
 22 24  2  0  0  0  0
 22 25  1  0  0  0  0
 25 26  1  0  0  0  0
  1 27  1  0  0  0  0
  2 28  1  0  0  0  0
  4 29  1  0  0  0  0
  5 30  1  0  0  0  0
  7 31  1  0  0  0  0
  7 32  1  0  0  0  0
  8 33  1  0  0  0  0
 16 34  1  0  0  0  0
 17 35  1  0  0  0  0
 19 36  1  0  0  0  0
 19 37  1  0  0  0  0
 20 38  1  0  0  0  0
M  END
$$$$
