 
WItclserve11290013453D 0   0.00000     0.00000cramer
 
 11 11  0  0  0  0  0  0  0  0  1 V2000
   -1.2000    0.6678    0.0003 C   0  0  0  0  0  0  0  0  0  0  0  0
   -1.1424   -0.7133    0.0001 C   0  0  0  0  0  0  0  0  0  0  0  0
    0.0178   -1.3399    0.0000 N   0  0  0  0  0  0  0  0  0  0  0  0
    1.1611   -0.6824   -0.0002 C   0  0  0  0  0  0  0  0  0  0  0  0
    1.1819    0.6993    0.0000 C   0  0  0  0  0  0  0  0  0  0  0  0
   -0.0187    1.3932    0.0000 C   0  0  0  0  0  0  0  0  0  0  0  0
   -2.1534    1.1753   -0.0038 H   0  0  0  0  0  0  0  0  0  0  0  0
   -2.0582   -1.2857    0.0003 H   0  0  0  0  0  0  0  0  0  0  0  0
    2.0918   -1.2303   -0.0002 H   0  0  0  0  0  0  0  0  0  0  0  0
    2.1214    1.2320    0.0005 H   0  0  0  0  0  0  0  0  0  0  0  0
   -0.0330    2.4731    0.0002 H   0  0  0  0  0  0  0  0  0  0  0  0
  1  2  1  0  0  0  0
  2  3  2  0  0  0  0
  3  4  1  0  0  0  0
  4  5  2  0  0  0  0
  5  6  1  0  0  0  0
  1  6  2  0  0  0  0
  1  7  1  0  0  0  0
  2  8  1  0  0  0  0
  4  9  1  0  0  0  0
  5 10  1  0  0  0  0
  6 11  1  0  0  0  0
M  END
$$$$
