 
WItclserve11290013443D 0   0.00000     0.00000cramer
 
 20 20  0  0  0  0  0  0  0  0  2 V2000
    2.9406   -2.2769    0.0020 O   0  5  0  0  0  0  0  0  0  0  0  0
    3.3539   -0.9225    0.0018 N   0  3  0  0  0  0  0  0  0  0  0  0
    4.5406   -0.6480   -0.0031 O   0  0  0  0  0  0  0  0  0  0  0  0
    2.3402    0.1636    0.0014 C   0  0  0  0  0  0  0  0  0  0  0  0
    2.6314    1.5301    0.0013 C   0  0  0  0  0  0  0  0  0  0  0  0
    1.4484    2.2073    0.0010 C   0  0  0  0  0  0  0  0  0  0  0  0
    0.3919    1.1758    0.0010 C   0  0  0  0  0  0  0  0  0  0  0  0
   -0.9709    1.3935    0.0003 C   0  0  0  0  0  0  0  0  0  0  0  0
   -1.8150    0.3539    0.0004 N   0  0  0  0  0  0  0  0  0  0  0  0
   -3.0888    0.5574   -0.0002 N   0  0  0  0  0  0  0  0  0  0  0  0
   -3.9383   -0.4889   -0.0001 C   0  0  0  0  0  0  0  0  0  0  0  0
   -3.4570   -1.7478    0.0006 N   0  0  0  0  0  0  0  0  0  0  0  0
   -5.1378   -0.2973   -0.0006 O   0  0  0  0  0  0  0  0  0  0  0  0
    1.0177   -0.0243   -0.0045 O   0  0  0  0  0  0  0  0  0  0  0  0
    3.6173    1.9709    0.0017 H   0  0  0  0  0  0  0  0  0  0  0  0
    1.3119    3.2787    0.0013 H   0  0  0  0  0  0  0  0  0  0  0  0
   -1.3567    2.4022   -0.0002 H   0  0  0  0  0  0  0  0  0  0  0  0
   -3.4352    1.4634   -0.0007 H   0  0  0  0  0  0  0  0  0  0  0  0
   -2.4991   -1.9008    0.0011 H   0  0  0  0  0  0  0  0  0  0  0  0
   -4.0684   -2.5008    0.0007 H   0  0  0  0  0  0  0  0  0  0  0  0
  1  2  1  0  0  0  0
  2  3  2  0  0  0  0
  2  4  1  0  0  0  0
  4  5  2  0  0  0  0
  5  6  1  0  0  0  0
  6  7  2  0  0  0  0
  7  8  1  0  0  0  0
  8  9  2  0  0  0  0
  9 10  1  0  0  0  0
 10 11  1  0  0  0  0
 11 12  1  0  0  0  0
 11 13  2  0  0  0  0
  7 14  1  0  0  0  0
  4 14  1  0  0  0  0
  5 15  1  0  0  0  0
  6 16  1  0  0  0  0
  8 17  1  0  0  0  0
 10 18  1  0  0  0  0
 12 19  1  0  0  0  0
 12 20  1  0  0  0  0
M  CHG  2   1  -1   2   1
M  END
$$$$
