 
WItclserve11290013443D 0   0.00000     0.00000cramer
 
  8  7  0  0  0  0  0  0  0  0  1 V2000
    0.6186   -0.6791    0.0000 C   0  0  0  0  0  0  0  0  0  0  0  0
   -0.9991    0.1170    0.0000 Cl  0  0  0  0  0  0  0  0  0  0  0  0
    1.7131    0.3900    0.0000 C   0  0  0  0  0  0  0  0  0  0  0  0
    0.7177   -1.3006    0.8900 H   0  0  0  0  0  0  0  0  0  0  0  0
    0.7177   -1.3006   -0.8900 H   0  0  0  0  0  0  0  0  0  0  0  0
    1.6140    1.0114    0.8900 H   0  0  0  0  0  0  0  0  0  0  0  0
    2.6911   -0.0913    0.0000 H   0  0  0  0  0  0  0  0  0  0  0  0
    1.6140    1.0114   -0.8900 H   0  0  0  0  0  0  0  0  0  0  0  0
  1  2  1  0  0  0  0
  1  3  1  0  0  0  0
  1  4  1  0  0  0  0
  1  5  1  0  0  0  0
  3  6  1  0  0  0  0
  3  7  1  0  0  0  0
  3  8  1  0  0  0  0
M  END
$$$$
