 
WItclserve11290013453D 0   0.00000     0.00000cramer
 
  9  9  0  0  0  0  0  0  0  0  1 V2000
   -1.0966    0.3255    0.0003 C   0  0  0  0  0  0  0  0  0  0  0  0
   -0.7069   -0.9620    0.0001 C   0  0  0  0  0  0  0  0  0  0  0  0
    0.7069   -0.9620   -0.0002 C   0  0  0  0  0  0  0  0  0  0  0  0
    1.0966    0.3255   -0.0001 C   0  0  0  0  0  0  0  0  0  0  0  0
    0.0000    1.1008    0.0001 O   0  0  0  0  0  0  0  0  0  0  0  0
   -2.1181    0.6762   -0.0036 H   0  0  0  0  0  0  0  0  0  0  0  0
   -1.3506   -1.8292    0.0007 H   0  0  0  0  0  0  0  0  0  0  0  0
    1.3505   -1.8293    0.0000 H   0  0  0  0  0  0  0  0  0  0  0  0
    2.1181    0.6761    0.0001 H   0  0  0  0  0  0  0  0  0  0  0  0
  1  2  2  0  0  0  0
  2  3  1  0  0  0  0
  3  4  2  0  0  0  0
  4  5  1  0  0  0  0
  1  5  1  0  0  0  0
  1  6  1  0  0  0  0
  2  7  1  0  0  0  0
  3  8  1  0  0  0  0
  4  9  1  0  0  0  0
M  END
$$$$
