 
WItclserve11290013443D 0   0.00000     0.00000cramer
 
 29 30  0  0  0  0  0  0  0  0  1 V2000
    0.0000    1.5136    0.0001 S   0  0  0  0  0  0  0  0  0  0  0  0
   -0.0001    2.1658   -1.2624 O   0  0  0  0  0  0  0  0  0  0  0  0
    0.0000    2.1656    1.2627 O   0  0  0  0  0  0  0  0  0  0  0  0
   -1.4200    0.4704    0.0001 C   0  0  0  0  0  0  0  0  0  0  0  0
   -1.9760    0.0618    1.1988 C   0  0  0  0  0  0  0  0  0  0  0  0
   -3.0888   -0.7557    1.2024 C   0  0  0  0  0  0  0  0  0  0  0  0
   -3.6499   -1.1678    0.0001 C   0  0  0  0  0  0  0  0  0  0  0  0
   -4.7758   -1.9944    0.0001 N   0  0  0  0  0  0  0  0  0  0  0  0
   -3.0891   -0.7557   -1.2019 C   0  0  0  0  0  0  0  0  0  0  0  0
   -1.9793    0.0667   -1.1982 C   0  0  0  0  0  0  0  0  0  0  0  0
    1.4200    0.4704    0.0000 C   0  0  0  0  0  0  0  0  0  0  0  0
    1.9760    0.0620   -1.1988 C   0  0  0  0  0  0  0  0  0  0  0  0
    3.0888   -0.7555   -1.2025 C   0  0  0  0  0  0  0  0  0  0  0  0
    3.6500   -1.1678   -0.0002 C   0  0  0  0  0  0  0  0  0  0  0  0
    4.7759   -1.9943   -0.0003 N   0  0  0  0  0  0  0  0  0  0  0  0
    3.0891   -0.7558    1.2017 C   0  0  0  0  0  0  0  0  0  0  0  0
    1.9793    0.0666    1.1982 C   0  0  0  0  0  0  0  0  0  0  0  0
   -1.5391    0.3822    2.1330 H   0  0  0  0  0  0  0  0  0  0  0  0
   -3.5223   -1.0747    2.1387 H   0  0  0  0  0  0  0  0  0  0  0  0
   -5.1667   -2.2815   -0.8400 H   0  0  0  0  0  0  0  0  0  0  0  0
   -5.1669   -2.2813    0.8401 H   0  0  0  0  0  0  0  0  0  0  0  0
   -3.5228   -1.0742   -2.1382 H   0  0  0  0  0  0  0  0  0  0  0  0
   -1.5429    0.3879   -2.1324 H   0  0  0  0  0  0  0  0  0  0  0  0
    1.5391    0.3826   -2.1330 H   0  0  0  0  0  0  0  0  0  0  0  0
    3.5223   -1.0743   -2.1389 H   0  0  0  0  0  0  0  0  0  0  0  0
    5.1668   -2.2815    0.8397 H   0  0  0  0  0  0  0  0  0  0  0  0
    5.1669   -2.2811   -0.8404 H   0  0  0  0  0  0  0  0  0  0  0  0
    3.5228   -1.0745    2.1381 H   0  0  0  0  0  0  0  0  0  0  0  0
    1.5429    0.3876    2.1325 H   0  0  0  0  0  0  0  0  0  0  0  0
  1  2  2  0  0  0  0
  1  3  2  0  0  0  0
  1  4  1  0  0  0  0
  4  5  1  0  0  0  0
  5  6  2  0  0  0  0
  6  7  1  0  0  0  0
  7  8  1  0  0  0  0
  7  9  2  0  0  0  0
  9 10  1  0  0  0  0
  4 10  2  0  0  0  0
  1 11  1  0  0  0  0
 11 12  1  0  0  0  0
 12 13  2  0  0  0  0
 13 14  1  0  0  0  0
 14 15  1  0  0  0  0
 14 16  2  0  0  0  0
 16 17  1  0  0  0  0
 11 17  2  0  0  0  0
  5 18  1  0  0  0  0
  6 19  1  0  0  0  0
  8 20  1  0  0  0  0
  8 21  1  0  0  0  0
  9 22  1  0  0  0  0
 10 23  1  0  0  0  0
 12 24  1  0  0  0  0
 13 25  1  0  0  0  0
 15 26  1  0  0  0  0
 15 27  1  0  0  0  0
 16 28  1  0  0  0  0
 17 29  1  0  0  0  0
M  END
$$$$
