 
WItclserve11290013443D 0   0.00000     0.00000cramer
 
 30 30  0  0  0  0  0  0  0  0  1 V2000
   -0.0244   -2.1180   -0.0767 S   0  0  0  0  0  0  0  0  0  0  0  0
    0.3951   -3.1123    0.8478 O   0  0  0  0  0  0  0  0  0  0  0  0
   -0.2967   -2.3380   -1.4539 O   0  0  0  0  0  0  0  0  0  0  0  0
   -1.4098   -1.4695    0.5579 N   0  0  0  0  0  0  0  0  0  0  0  0
   -1.9735   -0.3894   -0.0183 C   0  0  0  0  0  0  0  0  0  0  0  0
   -1.4650    0.1089   -1.0039 O   0  0  0  0  0  0  0  0  0  0  0  0
   -3.1010    0.1384    0.4981 N   0  0  0  0  0  0  0  0  0  0  0  0
   -3.7138    1.3126   -0.1281 C   0  0  0  0  0  0  0  0  0  0  0  0
   -4.9722    1.7061    0.6481 C   0  0  0  0  0  0  0  0  0  0  0  0
   -5.6122    2.9323   -0.0059 C   0  0  0  0  0  0  0  0  0  0  0  0
    1.2140   -0.8656   -0.0276 C   0  0  0  0  0  0  0  0  0  0  0  0
    2.0278   -0.7417    1.0833 C   0  0  0  0  0  0  0  0  0  0  0  0
    2.9993    0.2404    1.1224 C   0  0  0  0  0  0  0  0  0  0  0  0
    3.1578    1.0994    0.0493 C   0  0  0  0  0  0  0  0  0  0  0  0
    4.3784    2.3330    0.0974 Cl  0  0  0  0  0  0  0  0  0  0  0  0
    2.3436    0.9746   -1.0621 C   0  0  0  0  0  0  0  0  0  0  0  0
    1.3754   -0.0112   -1.1020 C   0  0  0  0  0  0  0  0  0  0  0  0
   -1.8155   -1.8670    1.3442 H   0  0  0  0  0  0  0  0  0  0  0  0
   -3.5067   -0.2591    1.2844 H   0  0  0  0  0  0  0  0  0  0  0  0
   -3.0059    2.1413   -0.1169 H   0  0  0  0  0  0  0  0  0  0  0  0
   -3.9812    1.0769   -1.1582 H   0  0  0  0  0  0  0  0  0  0  0  0
   -5.6801    0.8773    0.6369 H   0  0  0  0  0  0  0  0  0  0  0  0
   -4.7049    1.9417    1.6782 H   0  0  0  0  0  0  0  0  0  0  0  0
   -6.5087    3.2127    0.5471 H   0  0  0  0  0  0  0  0  0  0  0  0
   -4.9043    3.7611    0.0053 H   0  0  0  0  0  0  0  0  0  0  0  0
   -5.8795    2.6967   -1.0360 H   0  0  0  0  0  0  0  0  0  0  0  0
    1.9040   -1.4122    1.9208 H   0  0  0  0  0  0  0  0  0  0  0  0
    3.6344    0.3375    1.9905 H   0  0  0  0  0  0  0  0  0  0  0  0
    2.4667    1.6451   -1.8998 H   0  0  0  0  0  0  0  0  0  0  0  0
    0.7399   -0.1089   -1.9697 H   0  0  0  0  0  0  0  0  0  0  0  0
  1  2  2  0  0  0  0
  1  3  2  0  0  0  0
  1  4  1  0  0  0  0
  4  5  1  0  0  0  0
  5  6  2  0  0  0  0
  5  7  1  0  0  0  0
  7  8  1  0  0  0  0
  8  9  1  0  0  0  0
  9 10  1  0  0  0  0
  1 11  1  0  0  0  0
 11 12  1  0  0  0  0
 12 13  2  0  0  0  0
 13 14  1  0  0  0  0
 14 15  1  0  0  0  0
 14 16  2  0  0  0  0
 16 17  1  0  0  0  0
 11 17  2  0  0  0  0
  4 18  1  0  0  0  0
  7 19  1  0  0  0  0
  8 20  1  0  0  0  0
  8 21  1  0  0  0  0
  9 22  1  0  0  0  0
  9 23  1  0  0  0  0
 10 24  1  0  0  0  0
 10 25  1  0  0  0  0
 10 26  1  0  0  0  0
 12 27  1  0  0  0  0
 13 28  1  0  0  0  0
 16 29  1  0  0  0  0
 17 30  1  0  0  0  0
M  END
$$$$
