 
WItclserve11290013443D 0   0.00000     0.00000cramer
 
 28 28  0  0  0  0  0  0  0  0  1 V2000
   -0.5796   -1.0992    0.2035 C   0  0  0  0  0  0  0  0  0  0  0  0
   -0.9632   -2.4440    0.2587 N   0  0  0  0  0  0  0  0  0  0  0  0
    0.7610   -0.7554    0.2884 C   0  0  0  0  0  0  0  0  0  0  0  0
    1.1383    0.5791    0.2327 C   0  0  0  0  0  0  0  0  0  0  0  0
    0.1740    1.5683    0.0927 C   0  0  0  0  0  0  0  0  0  0  0  0
   -1.1627    1.2266    0.0080 C   0  0  0  0  0  0  0  0  0  0  0  0
   -1.5436   -0.1041    0.0573 C   0  0  0  0  0  0  0  0  0  0  0  0
   -2.8600   -0.4387   -0.0263 O   0  0  0  0  0  0  0  0  0  0  0  0
   -3.5893    0.7832   -0.1563 C   0  0  0  0  0  0  0  0  0  0  0  0
   -5.0850    0.4764   -0.2556 C   0  0  0  0  0  0  0  0  0  0  0  0
    2.4923    0.9283    0.3183 N   0  0  0  0  0  0  0  0  0  0  0  0
    3.4346    0.0976   -0.1701 C   0  0  0  0  0  0  0  0  0  0  0  0
    4.8945    0.4122    0.0321 C   0  0  0  0  0  0  0  0  0  0  0  0
    3.1076   -0.9031   -0.7726 O   0  0  0  0  0  0  0  0  0  0  0  0
   -0.2910   -3.1364    0.3565 H   0  0  0  0  0  0  0  0  0  0  0  0
   -1.9013   -2.6835    0.1993 H   0  0  0  0  0  0  0  0  0  0  0  0
    1.5107   -1.5251    0.3980 H   0  0  0  0  0  0  0  0  0  0  0  0
    0.4688    2.6064    0.0503 H   0  0  0  0  0  0  0  0  0  0  0  0
   -1.9107    1.9980   -0.1005 H   0  0  0  0  0  0  0  0  0  0  0  0
   -3.4044    1.4113    0.7151 H   0  0  0  0  0  0  0  0  0  0  0  0
   -3.2651    1.3059   -1.0562 H   0  0  0  0  0  0  0  0  0  0  0  0
   -5.4091   -0.0463    0.6443 H   0  0  0  0  0  0  0  0  0  0  0  0
   -5.6413    1.4084   -0.3548 H   0  0  0  0  0  0  0  0  0  0  0  0
   -5.2699   -0.1517   -1.1271 H   0  0  0  0  0  0  0  0  0  0  0  0
    2.7517    1.7678    0.7292 H   0  0  0  0  0  0  0  0  0  0  0  0
    5.1117    0.4583    1.0993 H   0  0  0  0  0  0  0  0  0  0  0  0
    5.5013   -0.3672   -0.4288 H   0  0  0  0  0  0  0  0  0  0  0  0
    5.1263    1.3728   -0.4277 H   0  0  0  0  0  0  0  0  0  0  0  0
  1  2  1  0  0  0  0
  1  3  1  0  0  0  0
  3  4  2  0  0  0  0
  4  5  1  0  0  0  0
  5  6  2  0  0  0  0
  6  7  1  0  0  0  0
  1  7  2  0  0  0  0
  7  8  1  0  0  0  0
  8  9  1  0  0  0  0
  9 10  1  0  0  0  0
  4 11  1  0  0  0  0
 11 12  1  0  0  0  0
 12 13  1  0  0  0  0
 12 14  2  0  0  0  0
  2 15  1  0  0  0  0
  2 16  1  0  0  0  0
  3 17  1  0  0  0  0
  5 18  1  0  0  0  0
  6 19  1  0  0  0  0
  9 20  1  0  0  0  0
  9 21  1  0  0  0  0
 10 22  1  0  0  0  0
 10 23  1  0  0  0  0
 10 24  1  0  0  0  0
 11 25  1  0  0  0  0
 13 26  1  0  0  0  0
 13 27  1  0  0  0  0
 13 28  1  0  0  0  0
M  END
$$$$
