 
WItclserve11290013443D 0   0.00000     0.00000cramer
 
 22 24  0  0  0  0  0  0  0  0  1 V2000
   -1.2974   -0.4336    0.0004 C   0  0  0  0  0  0  0  0  0  0  0  0
   -2.6160   -0.8572   -0.0007 C   0  0  0  0  0  0  0  0  0  0  0  0
   -3.6409    0.0732   -0.0010 C   0  0  0  0  0  0  0  0  0  0  0  0
   -5.2936   -0.4583   -0.0018 Cl  0  0  0  0  0  0  0  0  0  0  0  0
   -3.3507    1.4255   -0.0002 C   0  0  0  0  0  0  0  0  0  0  0  0
   -2.0353    1.8535    0.0008 C   0  0  0  0  0  0  0  0  0  0  0  0
   -1.0060    0.9269    0.0012 C   0  0  0  0  0  0  0  0  0  0  0  0
    0.2884    1.3457    0.0018 O   0  0  0  0  0  0  0  0  0  0  0  0
    1.2974    0.4337    0.0010 C   0  0  0  0  0  0  0  0  0  0  0  0
    2.6160    0.8572    0.0004 C   0  0  0  0  0  0  0  0  0  0  0  0
    3.6409   -0.0732   -0.0009 C   0  0  0  0  0  0  0  0  0  0  0  0
    5.2936    0.4583   -0.0016 Cl  0  0  0  0  0  0  0  0  0  0  0  0
    3.3507   -1.4255   -0.0011 C   0  0  0  0  0  0  0  0  0  0  0  0
    2.0353   -1.8535   -0.0010 C   0  0  0  0  0  0  0  0  0  0  0  0
    1.0060   -0.9269    0.0003 C   0  0  0  0  0  0  0  0  0  0  0  0
   -0.2884   -1.3456    0.0065 O   0  0  0  0  0  0  0  0  0  0  0  0
   -2.8445   -1.9127   -0.0016 H   0  0  0  0  0  0  0  0  0  0  0  0
   -4.1527    2.1488   -0.0009 H   0  0  0  0  0  0  0  0  0  0  0  0
   -1.8111    2.9099    0.0018 H   0  0  0  0  0  0  0  0  0  0  0  0
    2.8445    1.9127    0.0006 H   0  0  0  0  0  0  0  0  0  0  0  0
    4.1527   -2.1488   -0.0017 H   0  0  0  0  0  0  0  0  0  0  0  0
    1.8110   -2.9099   -0.0019 H   0  0  0  0  0  0  0  0  0  0  0  0
  1  2  1  0  0  0  0
  2  3  2  0  0  0  0
  3  4  1  0  0  0  0
  3  5  1  0  0  0  0
  5  6  2  0  0  0  0
  6  7  1  0  0  0  0
  1  7  2  0  0  0  0
  7  8  1  0  0  0  0
  8  9  1  0  0  0  0
  9 10  1  0  0  0  0
 10 11  2  0  0  0  0
 11 12  1  0  0  0  0
 11 13  1  0  0  0  0
 13 14  2  0  0  0  0
 14 15  1  0  0  0  0
  9 15  2  0  0  0  0
 15 16  1  0  0  0  0
  1 16  1  0  0  0  0
  2 17  1  0  0  0  0
  5 18  1  0  0  0  0
  6 19  1  0  0  0  0
 10 20  1  0  0  0  0
 13 21  1  0  0  0  0
 14 22  1  0  0  0  0
M  END
$$$$
