 
WItclserve11290013443D 0   0.00000     0.00000cramer
 
 26 25  0  0  0  0  0  0  0  0  1 V2000
    1.9898    0.6715    0.0001 C   0  0  0  0  0  0  0  0  0  0  0  0
    2.7221    1.1652    1.2495 C   0  0  0  0  0  0  0  0  0  0  0  0
    2.7221    1.1657   -1.2490 C   0  0  0  0  0  0  0  0  0  0  0  0
    1.9498   -1.1421   -0.0002 S   0  0  0  0  0  0  0  0  0  0  0  0
    3.7289   -1.4964   -0.0003 C   0  0  0  0  0  0  0  0  0  0  0  0
    0.5804    1.2050    0.0002 C   0  0  0  0  0  0  0  0  0  0  0  0
   -0.4103    0.3952    0.0001 N   0  0  0  0  0  0  0  0  0  0  0  0
   -1.5494    0.8264    0.0002 O   0  0  0  0  0  0  0  0  0  0  0  0
   -2.5917   -0.0257    0.0000 C   0  0  0  0  0  0  0  0  0  0  0  0
   -2.3961   -1.2250   -0.0002 O   0  0  0  0  0  0  0  0  0  0  0  0
   -3.8522    0.4514    0.0001 N   0  0  0  0  0  0  0  0  0  0  0  0
   -4.9864   -0.4758   -0.0001 C   0  0  0  0  0  0  0  0  0  0  0  0
    3.7415    0.7793    1.2494 H   0  0  0  0  0  0  0  0  0  0  0  0
    2.7462    2.2550    1.2497 H   0  0  0  0  0  0  0  0  0  0  0  0
    2.2004    0.8131    2.1394 H   0  0  0  0  0  0  0  0  0  0  0  0
    2.7462    2.2555   -1.2488 H   0  0  0  0  0  0  0  0  0  0  0  0
    3.7415    0.7798   -1.2491 H   0  0  0  0  0  0  0  0  0  0  0  0
    2.2004    0.8140   -2.1391 H   0  0  0  0  0  0  0  0  0  0  0  0
    3.8845   -2.5752   -0.0005 H   0  0  0  0  0  0  0  0  0  0  0  0
    4.1856   -1.0632   -0.8902 H   0  0  0  0  0  0  0  0  0  0  0  0
    4.1856   -1.0636    0.8898 H   0  0  0  0  0  0  0  0  0  0  0  0
    0.4065    2.2709    0.0005 H   0  0  0  0  0  0  0  0  0  0  0  0
   -4.0084    1.4088    0.0003 H   0  0  0  0  0  0  0  0  0  0  0  0
   -5.9181    0.0899    0.0000 H   0  0  0  0  0  0  0  0  0  0  0  0
   -4.9425   -1.1034   -0.8902 H   0  0  0  0  0  0  0  0  0  0  0  0
   -4.9425   -1.1037    0.8898 H   0  0  0  0  0  0  0  0  0  0  0  0
  1  2  1  0  0  0  0
  1  3  1  0  0  0  0
  1  4  1  0  0  0  0
  4  5  1  0  0  0  0
  1  6  1  0  0  0  0
  6  7  2  0  0  0  0
  7  8  1  0  0  0  0
  8  9  1  0  0  0  0
  9 10  2  0  0  0  0
  9 11  1  0  0  0  0
 11 12  1  0  0  0  0
  2 13  1  0  0  0  0
  2 14  1  0  0  0  0
  2 15  1  0  0  0  0
  3 16  1  0  0  0  0
  3 17  1  0  0  0  0
  3 18  1  0  0  0  0
  5 19  1  0  0  0  0
  5 20  1  0  0  0  0
  5 21  1  0  0  0  0
  6 22  1  0  0  0  0
 11 23  1  0  0  0  0
 12 24  1  0  0  0  0
 12 25  1  0  0  0  0
 12 26  1  0  0  0  0
M  END
$$$$
