 
WItclserve11290013443D 0   0.00000     0.00000cramer
 
 73 72  0  0  0  0  0  0  0  0  1 V2000
   -0.6173   -3.3611    0.6388 C   0  0  0  0  0  0  0  0  0  0  0  0
   -2.0141   -2.5978    1.2691 S   0  0  0  0  0  0  0  0  0  0  0  0
    0.7036   -2.3886   -0.0047 S   0  0  0  0  0  0  0  0  0  0  0  0
    0.5426    0.0361    0.0024 Te  0  0  0  0  0  0  0  0  0  0  0  0
    0.3816    2.4607    0.0096 S   0  0  0  0  0  0  0  0  0  0  0  0
   -1.0560    3.2463    0.6583 C   0  0  0  0  0  0  0  0  0  0  0  0
   -2.3394    2.3014    1.2836 S   0  0  0  0  0  0  0  0  0  0  0  0
   -1.1453    4.5911    0.6623 N   0  0  0  0  0  0  0  0  0  0  0  0
   -0.0987    5.3966    0.0283 C   0  0  0  0  0  0  0  0  0  0  0  0
   -0.5092    5.7269   -1.4082 C   0  0  0  0  0  0  0  0  0  0  0  0
   -2.2890    5.2474    1.3006 C   0  0  0  0  0  0  0  0  0  0  0  0
   -1.9652    5.5201    2.7708 C   0  0  0  0  0  0  0  0  0  0  0  0
    2.7389    0.1850   -1.0265 S   0  0  0  0  0  0  0  0  0  0  0  0
    4.1802    0.2777   -0.0171 C   0  0  0  0  0  0  0  0  0  0  0  0
    4.0332    0.2629    1.6885 S   0  0  0  0  0  0  0  0  0  0  0  0
    5.3984    0.3603   -0.5878 N   0  0  0  0  0  0  0  0  0  0  0  0
    6.6020    0.3260    0.2466 C   0  0  0  0  0  0  0  0  0  0  0  0
    7.0627   -1.1229    0.4181 C   0  0  0  0  0  0  0  0  0  0  0  0
    5.5189    0.4843   -2.0426 C   0  0  0  0  0  0  0  0  0  0  0  0
    5.6321    1.9625   -2.4208 C   0  0  0  0  0  0  0  0  0  0  0  0
   -1.4451   -0.0918   -1.3896 S   0  0  0  0  0  0  0  0  0  0  0  0
   -3.0377   -0.1997   -0.6435 C   0  0  0  0  0  0  0  0  0  0  0  0
   -3.1848   -0.2145    1.0621 S   0  0  0  0  0  0  0  0  0  0  0  0
   -4.1402   -0.2707   -1.4156 N   0  0  0  0  0  0  0  0  0  0  0  0
   -4.0098   -0.3691   -2.8714 C   0  0  0  0  0  0  0  0  0  0  0  0
   -4.0541   -1.8403   -3.2891 C   0  0  0  0  0  0  0  0  0  0  0  0
   -5.4689   -0.2493   -0.7989 C   0  0  0  0  0  0  0  0  0  0  0  0
   -5.9544    1.1970   -0.6836 C   0  0  0  0  0  0  0  0  0  0  0  0
   -0.5256   -4.7058    0.6399 N   0  0  0  0  0  0  0  0  0  0  0  0
   -1.5637   -5.5102    1.2893 C   0  0  0  0  0  0  0  0  0  0  0  0
   -2.6608   -5.8414    0.2757 C   0  0  0  0  0  0  0  0  0  0  0  0
    0.6120   -5.3629   -0.0082 C   0  0  0  0  0  0  0  0  0  0  0  0
    1.6984   -5.6446    1.0316 C   0  0  0  0  0  0  0  0  0  0  0  0
    0.0378    6.3213    0.5889 H   0  0  0  0  0  0  0  0  0  0  0  0
    0.8360    4.8358    0.0192 H   0  0  0  0  0  0  0  0  0  0  0  0
   -0.5597    4.8079   -1.9921 H   0  0  0  0  0  0  0  0  0  0  0  0
   -1.4865    6.2095   -1.4049 H   0  0  0  0  0  0  0  0  0  0  0  0
    0.2263    6.3986   -1.8509 H   0  0  0  0  0  0  0  0  0  0  0  0
   -2.4968    6.1896    0.7935 H   0  0  0  0  0  0  0  0  0  0  0  0
   -3.1629    4.5992    1.2352 H   0  0  0  0  0  0  0  0  0  0  0  0
   -1.7575    4.5779    3.2780 H   0  0  0  0  0  0  0  0  0  0  0  0
   -1.0914    6.1683    2.8362 H   0  0  0  0  0  0  0  0  0  0  0  0
   -2.8162    6.0084    3.2458 H   0  0  0  0  0  0  0  0  0  0  0  0
    7.3924    0.9043   -0.2318 H   0  0  0  0  0  0  0  0  0  0  0  0
    6.3790    0.7544    1.2238 H   0  0  0  0  0  0  0  0  0  0  0  0
    7.9582   -1.1484    1.0389 H   0  0  0  0  0  0  0  0  0  0  0  0
    6.2723   -1.7013    0.8965 H   0  0  0  0  0  0  0  0  0  0  0  0
    7.2857   -1.5513   -0.5591 H   0  0  0  0  0  0  0  0  0  0  0  0
    6.4093   -0.0463   -2.3799 H   0  0  0  0  0  0  0  0  0  0  0  0
    4.6375    0.0540   -2.5181 H   0  0  0  0  0  0  0  0  0  0  0  0
    6.5595    2.3704   -2.0188 H   0  0  0  0  0  0  0  0  0  0  0  0
    5.6323    2.0608   -3.5063 H   0  0  0  0  0  0  0  0  0  0  0  0
    4.7850    2.5093   -2.0066 H   0  0  0  0  0  0  0  0  0  0  0  0
   -4.8301    0.1685   -3.3469 H   0  0  0  0  0  0  0  0  0  0  0  0
   -3.0607    0.0682   -3.1816 H   0  0  0  0  0  0  0  0  0  0  0  0
   -3.8685   -1.9197   -4.3603 H   0  0  0  0  0  0  0  0  0  0  0  0
   -3.2896   -2.3955   -2.7457 H   0  0  0  0  0  0  0  0  0  0  0  0
   -5.0360   -2.2539   -3.0590 H   0  0  0  0  0  0  0  0  0  0  0  0
   -6.1648   -0.8181   -1.4156 H   0  0  0  0  0  0  0  0  0  0  0  0
   -5.4157   -0.6950    0.1944 H   0  0  0  0  0  0  0  0  0  0  0  0
   -6.0076    1.6427   -1.6769 H   0  0  0  0  0  0  0  0  0  0  0  0
   -6.9430    1.2129   -0.2248 H   0  0  0  0  0  0  0  0  0  0  0  0
   -5.2585    1.7658   -0.0670 H   0  0  0  0  0  0  0  0  0  0  0  0
   -1.1250   -6.4346    1.6650 H   0  0  0  0  0  0  0  0  0  0  0  0
   -1.9929   -4.9483    2.1188 H   0  0  0  0  0  0  0  0  0  0  0  0
   -3.4331   -6.4399    0.7588 H   0  0  0  0  0  0  0  0  0  0  0  0
   -3.0995   -4.9170   -0.1000 H   0  0  0  0  0  0  0  0  0  0  0  0
   -2.2316   -6.4033   -0.5538 H   0  0  0  0  0  0  0  0  0  0  0  0
    0.2835   -6.3018   -0.4540 H   0  0  0  0  0  0  0  0  0  0  0  0
    1.0129   -4.7123   -0.7855 H   0  0  0  0  0  0  0  0  0  0  0  0
    2.0891   -4.7015    1.4135 H   0  0  0  0  0  0  0  0  0  0  0  0
    1.2741   -6.2215    1.8533 H   0  0  0  0  0  0  0  0  0  0  0  0
    2.5061   -6.2116    0.5687 H   0  0  0  0  0  0  0  0  0  0  0  0
  1  2  2  0  0  0  0
  1  3  1  0  0  0  0
  3  4  1  0  0  0  0
  4  5  1  0  0  0  0
  5  6  1  0  0  0  0
  6  7  2  0  0  0  0
  6  8  1  0  0  0  0
  8  9  1  0  0  0  0
  9 10  1  0  0  0  0
  8 11  1  0  0  0  0
 11 12  1  0  0  0  0
  4 13  1  0  0  0  0
 13 14  1  0  0  0  0
 14 15  2  0  0  0  0
 14 16  1  0  0  0  0
 16 17  1  0  0  0  0
 17 18  1  0  0  0  0
 16 19  1  0  0  0  0
 19 20  1  0  0  0  0
  4 21  1  0  0  0  0
 21 22  1  0  0  0  0
 22 23  2  0  0  0  0
 22 24  1  0  0  0  0
 24 25  1  0  0  0  0
 25 26  1  0  0  0  0
 24 27  1  0  0  0  0
 27 28  1  0  0  0  0
  1 29  1  0  0  0  0
 29 30  1  0  0  0  0
 30 31  1  0  0  0  0
 29 32  1  0  0  0  0
 32 33  1  0  0  0  0
  9 34  1  0  0  0  0
  9 35  1  0  0  0  0
 10 36  1  0  0  0  0
 10 37  1  0  0  0  0
 10 38  1  0  0  0  0
 11 39  1  0  0  0  0
 11 40  1  0  0  0  0
 12 41  1  0  0  0  0
 12 42  1  0  0  0  0
 12 43  1  0  0  0  0
 17 44  1  0  0  0  0
 17 45  1  0  0  0  0
 18 46  1  0  0  0  0
 18 47  1  0  0  0  0
 18 48  1  0  0  0  0
 19 49  1  0  0  0  0
 19 50  1  0  0  0  0
 20 51  1  0  0  0  0
 20 52  1  0  0  0  0
 20 53  1  0  0  0  0
 25 54  1  0  0  0  0
 25 55  1  0  0  0  0
 26 56  1  0  0  0  0
 26 57  1  0  0  0  0
 26 58  1  0  0  0  0
 27 59  1  0  0  0  0
 27 60  1  0  0  0  0
 28 61  1  0  0  0  0
 28 62  1  0  0  0  0
 28 63  1  0  0  0  0
 30 64  1  0  0  0  0
 30 65  1  0  0  0  0
 31 66  1  0  0  0  0
 31 67  1  0  0  0  0
 31 68  1  0  0  0  0
 32 69  1  0  0  0  0
 32 70  1  0  0  0  0
 33 71  1  0  0  0  0
 33 72  1  0  0  0  0
 33 73  1  0  0  0  0
M  END
$$$$
