 
WItclserve11290013443D 0   0.00000     0.00000cramer
 
 36 35  0  0  0  0  0  0  0  0  1 V2000
   -3.3966    0.1362   -0.0031 N   0  0  0  0  0  0  0  0  0  0  0  0
   -4.4208   -0.5404   -0.8027 C   0  0  0  0  0  0  0  0  0  0  0  0
   -4.4620    0.0733   -2.2037 C   0  0  0  0  0  0  0  0  0  0  0  0
   -3.7481    1.3162    0.7908 C   0  0  0  0  0  0  0  0  0  0  0  0
   -4.2982    0.8725    2.1478 C   0  0  0  0  0  0  0  0  0  0  0  0
   -2.1321   -0.3302    0.0065 C   0  0  0  0  0  0  0  0  0  0  0  0
   -1.6905   -1.6277   -1.0193 S   0  0  0  0  0  0  0  0  0  0  0  0
   -0.9676    0.3749    1.0446 S   0  0  0  0  0  0  0  0  0  0  0  0
    0.9651   -0.3380    1.0593 S   0  0  0  0  0  0  0  0  0  0  0  0
    2.1325    0.3313    0.0010 C   0  0  0  0  0  0  0  0  0  0  0  0
    1.6937    1.5931   -1.0697 S   0  0  0  0  0  0  0  0  0  0  0  0
    3.3969   -0.1351    0.0106 N   0  0  0  0  0  0  0  0  0  0  0  0
    4.3657    0.3542   -0.9734 C   0  0  0  0  0  0  0  0  0  0  0  0
    5.0861    1.5820   -0.4129 C   0  0  0  0  0  0  0  0  0  0  0  0
    3.8026   -1.1314    1.0051 C   0  0  0  0  0  0  0  0  0  0  0  0
    3.6728   -2.5329    0.4053 C   0  0  0  0  0  0  0  0  0  0  0  0
   -4.1814   -1.6011   -0.8776 H   0  0  0  0  0  0  0  0  0  0  0  0
   -5.3930   -0.4202   -0.3247 H   0  0  0  0  0  0  0  0  0  0  0  0
   -5.2240   -0.4301   -2.7986 H   0  0  0  0  0  0  0  0  0  0  0  0
   -4.7014    1.1340   -2.1288 H   0  0  0  0  0  0  0  0  0  0  0  0
   -3.4898   -0.0468   -2.6817 H   0  0  0  0  0  0  0  0  0  0  0  0
   -2.8603    1.9302    0.9417 H   0  0  0  0  0  0  0  0  0  0  0  0
   -4.5057    1.8962    0.2637 H   0  0  0  0  0  0  0  0  0  0  0  0
   -4.6418    1.7451    2.7034 H   0  0  0  0  0  0  0  0  0  0  0  0
   -5.1320    0.1873    1.9954 H   0  0  0  0  0  0  0  0  0  0  0  0
   -3.5126    0.3692    2.7113 H   0  0  0  0  0  0  0  0  0  0  0  0
    5.0938   -0.4284   -1.1867 H   0  0  0  0  0  0  0  0  0  0  0  0
    3.8451    0.6261   -1.8917 H   0  0  0  0  0  0  0  0  0  0  0  0
    5.6067    1.3101    0.5053 H   0  0  0  0  0  0  0  0  0  0  0  0
    5.8069    1.9461   -1.1450 H   0  0  0  0  0  0  0  0  0  0  0  0
    4.3580    2.3647   -0.1996 H   0  0  0  0  0  0  0  0  0  0  0  0
    4.8384   -0.9547    1.2948 H   0  0  0  0  0  0  0  0  0  0  0  0
    3.1611   -1.0509    1.8827 H   0  0  0  0  0  0  0  0  0  0  0  0
    4.3791   -2.6428   -0.4176 H   0  0  0  0  0  0  0  0  0  0  0  0
    3.8889   -3.2775    1.1715 H   0  0  0  0  0  0  0  0  0  0  0  0
    2.6579   -2.6770    0.0347 H   0  0  0  0  0  0  0  0  0  0  0  0
  1  2  1  0  0  0  0
  2  3  1  0  0  0  0
  1  4  1  0  0  0  0
  4  5  1  0  0  0  0
  1  6  1  0  0  0  0
  6  7  2  0  0  0  0
  6  8  1  0  0  0  0
  8  9  1  0  0  0  0
  9 10  1  0  0  0  0
 10 11  2  0  0  0  0
 10 12  1  0  0  0  0
 12 13  1  0  0  0  0
 13 14  1  0  0  0  0
 12 15  1  0  0  0  0
 15 16  1  0  0  0  0
  2 17  1  0  0  0  0
  2 18  1  0  0  0  0
  3 19  1  0  0  0  0
  3 20  1  0  0  0  0
  3 21  1  0  0  0  0
  4 22  1  0  0  0  0
  4 23  1  0  0  0  0
  5 24  1  0  0  0  0
  5 25  1  0  0  0  0
  5 26  1  0  0  0  0
 13 27  1  0  0  0  0
 13 28  1  0  0  0  0
 14 29  1  0  0  0  0
 14 30  1  0  0  0  0
 14 31  1  0  0  0  0
 15 32  1  0  0  0  0
 15 33  1  0  0  0  0
 16 34  1  0  0  0  0
 16 35  1  0  0  0  0
 16 36  1  0  0  0  0
M  END
$$$$
