 
WItclserve11290013443D 0   0.00000     0.00000cramer
 
 39 41  0  0  0  0  0  0  0  0  1 V2000
   -5.0451   -2.0862    0.5003 C   0  0  0  0  0  0  0  0  0  0  0  0
   -6.3557   -1.6476    0.5767 C   0  0  0  0  0  0  0  0  0  0  0  0
   -6.6483   -0.2991    0.4741 C   0  0  0  0  0  0  0  0  0  0  0  0
   -5.6343    0.6185    0.2948 C   0  0  0  0  0  0  0  0  0  0  0  0
   -4.3086    0.1832    0.2167 C   0  0  0  0  0  0  0  0  0  0  0  0
   -4.0207   -1.1808    0.3211 C   0  0  0  0  0  0  0  0  0  0  0  0
   -3.2986    1.0864    0.0386 N   0  0  0  0  0  0  0  0  0  0  0  0
   -2.0695    0.6984    0.0919 N   0  0  0  0  0  0  0  0  0  0  0  0
   -1.0651    1.6091    0.0021 C   0  0  0  0  0  0  0  0  0  0  0  0
   -1.3439    2.9778   -0.0451 C   0  0  0  0  0  0  0  0  0  0  0  0
   -2.6304    3.4059   -0.0004 O   0  0  0  0  0  0  0  0  0  0  0  0
   -0.3077    3.9058   -0.1372 C   0  0  0  0  0  0  0  0  0  0  0  0
    0.9954    3.5219   -0.1842 C   0  0  0  0  0  0  0  0  0  0  0  0
    1.3477    2.1609   -0.1415 C   0  0  0  0  0  0  0  0  0  0  0  0
    2.6919    1.7545   -0.1900 C   0  0  0  0  0  0  0  0  0  0  0  0
    2.9966    0.4277   -0.1464 C   0  0  0  0  0  0  0  0  0  0  0  0
    1.9951   -0.5353   -0.0542 C   0  0  0  0  0  0  0  0  0  0  0  0
    0.6806   -0.1757   -0.0056 C   0  0  0  0  0  0  0  0  0  0  0  0
    0.3322    1.1792   -0.0413 C   0  0  0  0  0  0  0  0  0  0  0  0
   -0.5718   -1.4097    0.1097 S   0  0  0  0  0  0  0  0  0  0  0  0
    0.0936   -2.6528   -0.0668 O   0  0  0  0  0  0  0  0  0  0  0  0
   -1.3631   -1.0529    1.2348 O   0  0  0  0  0  0  0  0  0  0  0  0
   -1.4798   -1.2511   -1.1015 O   0  0  0  0  0  0  0  0  0  0  0  0
   -0.7239   -2.3983   -2.5412 Na  0  0  0  0  0  0  0  0  0  0  0  0
    4.6834   -0.0777   -0.2080 S   0  0  0  0  0  0  0  0  0  0  0  0
    4.6675   -1.4199   -0.6744 O   0  0  0  0  0  0  0  0  0  0  0  0
    5.3863    0.9965   -0.8173 O   0  0  0  0  0  0  0  0  0  0  0  0
    5.1912   -0.1440    1.2253 O   0  0  0  0  0  0  0  0  0  0  0  0
    4.8409   -1.9921    1.8747 Na  0  0  0  0  0  0  0  0  0  0  0  0
   -4.8239   -3.1399    0.5857 H   0  0  0  0  0  0  0  0  0  0  0  0
   -7.1539   -2.3615    0.7167 H   0  0  0  0  0  0  0  0  0  0  0  0
   -7.6733    0.0358    0.5343 H   0  0  0  0  0  0  0  0  0  0  0  0
   -5.8642    1.6707    0.2145 H   0  0  0  0  0  0  0  0  0  0  0  0
   -2.9986   -1.5245    0.2621 H   0  0  0  0  0  0  0  0  0  0  0  0
   -2.8498    3.5352    0.9324 H   0  0  0  0  0  0  0  0  0  0  0  0
   -0.5468    4.9584   -0.1726 H   0  0  0  0  0  0  0  0  0  0  0  0
    1.7698    4.2712   -0.2555 H   0  0  0  0  0  0  0  0  0  0  0  0
    3.4792    2.4902   -0.2618 H   0  0  0  0  0  0  0  0  0  0  0  0
    2.2630   -1.5810   -0.0212 H   0  0  0  0  0  0  0  0  0  0  0  0
  1  2  1  0  0  0  0
  2  3  2  0  0  0  0
  3  4  1  0  0  0  0
  4  5  2  0  0  0  0
  5  6  1  0  0  0  0
  1  6  2  0  0  0  0
  5  7  1  0  0  0  0
  7  8  2  0  0  0  0
  8  9  1  0  0  0  0
  9 10  1  0  0  0  0
 10 11  1  0  0  0  0
 10 12  2  0  0  0  0
 12 13  1  0  0  0  0
 13 14  2  0  0  0  0
 14 15  1  0  0  0  0
 15 16  2  0  0  0  0
 16 17  1  0  0  0  0
 17 18  2  0  0  0  0
 18 19  1  0  0  0  0
  9 19  2  0  0  0  0
 14 19  1  0  0  0  0
 18 20  1  0  0  0  0
 20 21  2  0  0  0  0
 20 22  2  0  0  0  0
 20 23  1  0  0  0  0
 23 24  1  0  0  0  0
 16 25  1  0  0  0  0
 25 26  2  0  0  0  0
 25 27  2  0  0  0  0
 25 28  1  0  0  0  0
 28 29  1  0  0  0  0
  1 30  1  0  0  0  0
  2 31  1  0  0  0  0
  3 32  1  0  0  0  0
  4 33  1  0  0  0  0
  6 34  1  0  0  0  0
 11 35  1  0  0  0  0
 12 36  1  0  0  0  0
 13 37  1  0  0  0  0
 15 38  1  0  0  0  0
 17 39  1  0  0  0  0
M  END
$$$$
