 
WItclserve11290013443D 0   0.00000     0.00000cramer
 
 33 34  0  0  0  0  0  0  0  0  1 V2000
   -1.2312   -0.6170    0.0334 C   0  0  0  0  0  0  0  0  0  0  0  0
   -1.4073    0.2734    1.0767 C   0  0  0  0  0  0  0  0  0  0  0  0
   -2.5365    1.0674    1.1253 C   0  0  0  0  0  0  0  0  0  0  0  0
   -3.4943    0.9712    0.1260 C   0  0  0  0  0  0  0  0  0  0  0  0
   -4.6060    1.7516    0.1713 O   0  0  0  0  0  0  0  0  0  0  0  0
   -3.3151    0.0776   -0.9196 C   0  0  0  0  0  0  0  0  0  0  0  0
   -2.1840   -0.7148   -0.9634 C   0  0  0  0  0  0  0  0  0  0  0  0
    0.0046   -1.4779   -0.0202 C   0  0  0  0  0  0  0  0  0  0  0  0
    0.0493   -2.3833    1.2124 C   0  0  0  0  0  0  0  0  0  0  0  0
   -0.0281   -2.3389   -1.2845 C   0  0  0  0  0  0  0  0  0  0  0  0
    1.2285   -0.5990   -0.0425 C   0  0  0  0  0  0  0  0  0  0  0  0
    2.2262   -0.7808    0.8977 C   0  0  0  0  0  0  0  0  0  0  0  0
    3.3487    0.0237    0.8796 C   0  0  0  0  0  0  0  0  0  0  0  0
    3.4751    1.0148   -0.0832 C   0  0  0  0  0  0  0  0  0  0  0  0
    4.5789    1.8074   -0.1033 O   0  0  0  0  0  0  0  0  0  0  0  0
    2.4732    1.1949   -1.0255 C   0  0  0  0  0  0  0  0  0  0  0  0
    1.3547    0.3840   -1.0063 C   0  0  0  0  0  0  0  0  0  0  0  0
   -0.6615    0.3479    1.8542 H   0  0  0  0  0  0  0  0  0  0  0  0
   -2.6740    1.7621    1.9406 H   0  0  0  0  0  0  0  0  0  0  0  0
   -4.3948    2.5668   -0.3039 H   0  0  0  0  0  0  0  0  0  0  0  0
   -4.0593    0.0006   -1.6985 H   0  0  0  0  0  0  0  0  0  0  0  0
   -2.0438   -1.4105   -1.7775 H   0  0  0  0  0  0  0  0  0  0  0  0
    0.9431   -3.0059    1.1736 H   0  0  0  0  0  0  0  0  0  0  0  0
    0.0726   -1.7699    2.1131 H   0  0  0  0  0  0  0  0  0  0  0  0
   -0.8360   -3.0190    1.2285 H   0  0  0  0  0  0  0  0  0  0  0  0
    0.8657   -2.9616   -1.3233 H   0  0  0  0  0  0  0  0  0  0  0  0
   -0.9134   -2.9746   -1.2684 H   0  0  0  0  0  0  0  0  0  0  0  0
   -0.0600   -1.6939   -2.1626 H   0  0  0  0  0  0  0  0  0  0  0  0
    2.1273   -1.5524    1.6469 H   0  0  0  0  0  0  0  0  0  0  0  0
    4.1273   -0.1182    1.6146 H   0  0  0  0  0  0  0  0  0  0  0  0
    5.2274    1.3691   -0.6711 H   0  0  0  0  0  0  0  0  0  0  0  0
    2.5691    1.9659   -1.7757 H   0  0  0  0  0  0  0  0  0  0  0  0
    0.5745    0.5236   -1.7399 H   0  0  0  0  0  0  0  0  0  0  0  0
  1  2  1  0  0  0  0
  2  3  2  0  0  0  0
  3  4  1  0  0  0  0
  4  5  1  0  0  0  0
  4  6  2  0  0  0  0
  6  7  1  0  0  0  0
  1  7  2  0  0  0  0
  1  8  1  0  0  0  0
  8  9  1  0  0  0  0
  8 10  1  0  0  0  0
  8 11  1  0  0  0  0
 11 12  1  0  0  0  0
 12 13  2  0  0  0  0
 13 14  1  0  0  0  0
 14 15  1  0  0  0  0
 14 16  2  0  0  0  0
 16 17  1  0  0  0  0
 11 17  2  0  0  0  0
  2 18  1  0  0  0  0
  3 19  1  0  0  0  0
  5 20  1  0  0  0  0
  6 21  1  0  0  0  0
  7 22  1  0  0  0  0
  9 23  1  0  0  0  0
  9 24  1  0  0  0  0
  9 25  1  0  0  0  0
 10 26  1  0  0  0  0
 10 27  1  0  0  0  0
 10 28  1  0  0  0  0
 12 29  1  0  0  0  0
 13 30  1  0  0  0  0
 15 31  1  0  0  0  0
 16 32  1  0  0  0  0
 17 33  1  0  0  0  0
M  END
$$$$
