 
WItclserve11290013443D 0   0.00000     0.00000cramer
 
 20 20  0  0  0  0  0  0  0  0  2 V2000
   -4.3073    0.8019   -0.0383 O   0  5  0  0  0  0  0  0  0  0  0  0
   -3.1393    1.1468   -0.0171 N   0  3  0  0  0  0  0  0  0  0  0  0
   -2.8543    2.3308    0.0035 O   0  0  0  0  0  0  0  0  0  0  0  0
   -2.0666    0.1272   -0.0102 C   0  0  0  0  0  0  0  0  0  0  0  0
   -0.7415    0.5178    0.0138 C   0  0  0  0  0  0  0  0  0  0  0  0
    0.2609   -0.4341    0.0202 C   0  0  0  0  0  0  0  0  0  0  0  0
   -0.0595   -1.7793    0.0021 C   0  0  0  0  0  0  0  0  0  0  0  0
   -1.3827   -2.1749   -0.0219 C   0  0  0  0  0  0  0  0  0  0  0  0
   -2.3908   -1.2215   -0.0222 C   0  0  0  0  0  0  0  0  0  0  0  0
   -3.6934   -1.6082   -0.0458 O   0  0  0  0  0  0  0  0  0  0  0  0
    2.1683    0.1322    0.0548 As  0  0  0  0  0  0  0  0  0  0  0  0
    2.6514    0.2683    1.5567 O   0  0  0  0  0  0  0  0  0  0  0  0
    3.1972   -1.1252   -0.8088 O   0  0  0  0  0  0  0  0  0  0  0  0
    2.3418    1.7551   -0.7947 O   0  0  0  0  0  0  0  0  0  0  0  0
   -0.4887    1.5677    0.0273 H   0  0  0  0  0  0  0  0  0  0  0  0
    0.7254   -2.5210    0.0064 H   0  0  0  0  0  0  0  0  0  0  0  0
   -1.6324   -3.2255   -0.0361 H   0  0  0  0  0  0  0  0  0  0  0  0
   -3.9741   -1.7011    0.8749 H   0  0  0  0  0  0  0  0  0  0  0  0
    2.8710   -1.1770   -1.7176 H   0  0  0  0  0  0  0  0  0  0  0  0
    3.2784    1.9923   -0.7555 H   0  0  0  0  0  0  0  0  0  0  0  0
  1  2  1  0  0  0  0
  2  3  2  0  0  0  0
  2  4  1  0  0  0  0
  4  5  1  0  0  0  0
  5  6  2  0  0  0  0
  6  7  1  0  0  0  0
  7  8  2  0  0  0  0
  8  9  1  0  0  0  0
  4  9  2  0  0  0  0
  9 10  1  0  0  0  0
  6 11  1  0  0  0  0
 11 12  2  0  0  0  0
 11 13  1  0  0  0  0
 11 14  1  0  0  0  0
  5 15  1  0  0  0  0
  7 16  1  0  0  0  0
  8 17  1  0  0  0  0
 10 18  1  0  0  0  0
 13 19  1  0  0  0  0
 14 20  1  0  0  0  0
M  CHG  2   1  -1   2   1
M  END
$$$$
