 
WItclserve11290013453D 0   0.00000     0.00000cramer
 
 12 12  0  0  0  0  0  0  0  0  1 V2000
   -2.0069    0.0370   -0.0779 O   0  0  0  0  0  0  0  0  0  0  0  0
   -0.8031    0.0200    0.0241 C   0  0  0  0  0  0  0  0  0  0  0  0
    0.0908    1.2404   -0.0159 C   0  0  0  0  0  0  0  0  0  0  0  0
    1.5271    0.6821    0.0955 C   0  0  0  0  0  0  0  0  0  0  0  0
    1.3176   -0.8182   -0.2118 C   0  0  0  0  0  0  0  0  0  0  0  0
   -0.0596   -1.0824    0.1955 O   0  0  0  0  0  0  0  0  0  0  0  0
   -0.0370    1.7735   -0.9580 H   0  0  0  0  0  0  0  0  0  0  0  0
   -0.1269    1.8979    0.8256 H   0  0  0  0  0  0  0  0  0  0  0  0
    2.1811    1.1425   -0.6451 H   0  0  0  0  0  0  0  0  0  0  0  0
    1.9206    0.8210    1.1024 H   0  0  0  0  0  0  0  0  0  0  0  0
    1.4472   -1.0103   -1.2769 H   0  0  0  0  0  0  0  0  0  0  0  0
    2.0082   -1.4264    0.3724 H   0  0  0  0  0  0  0  0  0  0  0  0
  1  2  2  0  0  0  0
  2  3  1  0  0  0  0
  3  4  1  0  0  0  0
  4  5  1  0  0  0  0
  5  6  1  0  0  0  0
  2  6  1  0  0  0  0
  3  7  1  0  0  0  0
  3  8  1  0  0  0  0
  4  9  1  0  0  0  0
  4 10  1  0  0  0  0
  5 11  1  0  0  0  0
  5 12  1  0  0  0  0
M  END
$$$$
