 
WItclserve11290013453D 0   0.00000     0.00000cramer
 
 32 34  0  0  0  0  0  0  0  0  1 V2000
   -2.3249   -0.4834   -0.0570 C   0  0  0  0  0  0  0  0  0  0  0  0
   -3.7117   -0.6799   -0.0197 C   0  0  0  0  0  0  0  0  0  0  0  0
   -4.2284   -1.9298   -0.1323 O   0  0  0  0  0  0  0  0  0  0  0  0
   -4.5497    0.4087    0.1331 C   0  0  0  0  0  0  0  0  0  0  0  0
   -4.0183    1.6890    0.2484 C   0  0  0  0  0  0  0  0  0  0  0  0
   -4.8505    2.7512    0.3977 O   0  0  0  0  0  0  0  0  0  0  0  0
   -2.6477    1.8910    0.2128 C   0  0  0  0  0  0  0  0  0  0  0  0
   -1.7905    0.8116    0.0602 C   0  0  0  0  0  0  0  0  0  0  0  0
   -0.4537    0.9924    0.0229 O   0  0  0  0  0  0  0  0  0  0  0  0
    0.4060   -0.0302   -0.1241 C   0  0  0  0  0  0  0  0  0  0  0  0
   -0.0093   -1.3222   -0.2460 C   0  0  0  0  0  0  0  0  0  0  0  0
    0.8999   -2.3241   -0.3929 O   0  0  0  0  0  0  0  0  0  0  0  0
   -1.3973   -1.6153   -0.2121 C   0  0  0  0  0  0  0  0  0  0  0  0
   -1.8065   -2.7604   -0.3183 O   0  0  0  0  0  0  0  0  0  0  0  0
    1.8520    0.2567   -0.1550 C   0  0  0  0  0  0  0  0  0  0  0  0
    2.3432    1.2959   -0.9502 C   0  0  0  0  0  0  0  0  0  0  0  0
    3.6952    1.5627   -0.9773 C   0  0  0  0  0  0  0  0  0  0  0  0
    4.5716    0.8013   -0.2167 C   0  0  0  0  0  0  0  0  0  0  0  0
    5.9035    1.0684   -0.2475 O   0  0  0  0  0  0  0  0  0  0  0  0
    4.0889   -0.2361    0.5789 C   0  0  0  0  0  0  0  0  0  0  0  0
    4.9506   -0.9794    1.3235 O   0  0  0  0  0  0  0  0  0  0  0  0
    2.7342   -0.5062    0.6154 C   0  0  0  0  0  0  0  0  0  0  0  0
   -4.2960   -2.2861    0.7641 H   0  0  0  0  0  0  0  0  0  0  0  0
   -5.6196    0.2648    0.1627 H   0  0  0  0  0  0  0  0  0  0  0  0
   -4.9831    2.8710    1.3480 H   0  0  0  0  0  0  0  0  0  0  0  0
   -2.2469    2.8897    0.3037 H   0  0  0  0  0  0  0  0  0  0  0  0
    0.3990   -3.1484   -0.4607 H   0  0  0  0  0  0  0  0  0  0  0  0
    1.6636    1.8894   -1.5436 H   0  0  0  0  0  0  0  0  0  0  0  0
    4.0735    2.3659   -1.5922 H   0  0  0  0  0  0  0  0  0  0  0  0
    6.0757    1.7124    0.4531 H   0  0  0  0  0  0  0  0  0  0  0  0
    5.0256   -0.5428    2.1831 H   0  0  0  0  0  0  0  0  0  0  0  0
    2.3589   -1.3096    1.2318 H   0  0  0  0  0  0  0  0  0  0  0  0
  1  2  1  0  0  0  0
  2  3  1  0  0  0  0
  2  4  2  0  0  0  0
  4  5  1  0  0  0  0
  5  6  1  0  0  0  0
  5  7  2  0  0  0  0
  7  8  1  0  0  0  0
  1  8  2  0  0  0  0
  8  9  1  0  0  0  0
  9 10  1  0  0  0  0
 10 11  2  0  0  0  0
 11 12  1  0  0  0  0
 11 13  1  0  0  0  0
  1 13  1  0  0  0  0
 13 14  2  0  0  0  0
 10 15  1  0  0  0  0
 15 16  1  0  0  0  0
 16 17  2  0  0  0  0
 17 18  1  0  0  0  0
 18 19  1  0  0  0  0
 18 20  2  0  0  0  0
 20 21  1  0  0  0  0
 20 22  1  0  0  0  0
 15 22  2  0  0  0  0
  3 23  1  0  0  0  0
  4 24  1  0  0  0  0
  6 25  1  0  0  0  0
  7 26  1  0  0  0  0
 12 27  1  0  0  0  0
 16 28  1  0  0  0  0
 17 29  1  0  0  0  0
 19 30  1  0  0  0  0
 21 31  1  0  0  0  0
 22 32  1  0  0  0  0
M  END
$$$$
