 
WItclserve11290013453D 0   0.00000     0.00000cramer
 
 30 32  0  0  0  0  0  0  0  0  1 V2000
    1.9215    2.7934   -0.2719 N   0  0  0  0  0  0  0  0  0  0  0  0
    2.2746    1.4666   -0.1485 C   0  0  0  0  0  0  0  0  0  0  0  0
    3.5485    1.1033   -0.1198 N   0  0  0  0  0  0  0  0  0  0  0  0
    3.9017   -0.1728   -0.0007 C   0  0  0  0  0  0  0  0  0  0  0  0
    5.2471   -0.4883    0.0231 N   0  0  0  0  0  0  0  0  0  0  0  0
    3.0203   -1.1511    0.0962 N   0  0  0  0  0  0  0  0  0  0  0  0
    1.7071   -0.8889    0.0773 C   0  0  0  0  0  0  0  0  0  0  0  0
    0.7989   -1.8649    0.1736 N   0  0  0  0  0  0  0  0  0  0  0  0
   -0.4876   -1.5658    0.1507 C   0  0  0  0  0  0  0  0  0  0  0  0
   -1.4291   -2.5731    0.2506 N   0  0  0  0  0  0  0  0  0  0  0  0
   -0.9075   -0.2203    0.0251 C   0  0  0  0  0  0  0  0  0  0  0  0
   -0.0162    0.7502   -0.0707 N   0  0  0  0  0  0  0  0  0  0  0  0
    1.2828    0.4578   -0.0431 C   0  0  0  0  0  0  0  0  0  0  0  0
   -2.3536    0.1016    0.0003 C   0  0  0  0  0  0  0  0  0  0  0  0
   -2.8318    1.2276    0.6700 C   0  0  0  0  0  0  0  0  0  0  0  0
   -4.1794    1.5221    0.6433 C   0  0  0  0  0  0  0  0  0  0  0  0
   -5.0559    0.7030   -0.0460 C   0  0  0  0  0  0  0  0  0  0  0  0
   -4.5876   -0.4152   -0.7121 C   0  0  0  0  0  0  0  0  0  0  0  0
   -3.2409   -0.7169   -0.6974 C   0  0  0  0  0  0  0  0  0  0  0  0
    2.6093    3.4741   -0.3391 H   0  0  0  0  0  0  0  0  0  0  0  0
    0.9853    3.0459   -0.2956 H   0  0  0  0  0  0  0  0  0  0  0  0
    5.9115    0.2149   -0.0464 H   0  0  0  0  0  0  0  0  0  0  0  0
    5.5268   -1.4131    0.1093 H   0  0  0  0  0  0  0  0  0  0  0  0
   -1.1443   -3.4963    0.3372 H   0  0  0  0  0  0  0  0  0  0  0  0
   -2.3745   -2.3566    0.2341 H   0  0  0  0  0  0  0  0  0  0  0  0
   -2.1486    1.8676    1.2086 H   0  0  0  0  0  0  0  0  0  0  0  0
   -4.5509    2.3936    1.1618 H   0  0  0  0  0  0  0  0  0  0  0  0
   -6.1100    0.9373   -0.0637 H   0  0  0  0  0  0  0  0  0  0  0  0
   -5.2765   -1.0511   -1.2481 H   0  0  0  0  0  0  0  0  0  0  0  0
   -2.8763   -1.5900   -1.2181 H   0  0  0  0  0  0  0  0  0  0  0  0
  1  2  1  0  0  0  0
  2  3  1  0  0  0  0
  3  4  2  0  0  0  0
  4  5  1  0  0  0  0
  4  6  1  0  0  0  0
  6  7  2  0  0  0  0
  7  8  1  0  0  0  0
  8  9  2  0  0  0  0
  9 10  1  0  0  0  0
  9 11  1  0  0  0  0
 11 12  2  0  0  0  0
 12 13  1  0  0  0  0
  2 13  2  0  0  0  0
  7 13  1  0  0  0  0
 11 14  1  0  0  0  0
 14 15  1  0  0  0  0
 15 16  2  0  0  0  0
 16 17  1  0  0  0  0
 17 18  2  0  0  0  0
 18 19  1  0  0  0  0
 14 19  2  0  0  0  0
  1 20  1  0  0  0  0
  1 21  1  0  0  0  0
  5 22  1  0  0  0  0
  5 23  1  0  0  0  0
 10 24  1  0  0  0  0
 10 25  1  0  0  0  0
 15 26  1  0  0  0  0
 16 27  1  0  0  0  0
 17 28  1  0  0  0  0
 18 29  1  0  0  0  0
 19 30  1  0  0  0  0
M  END
$$$$
