 
WItclserve11290013453D 0   0.00000     0.00000cramer
 
 21 21  0  0  0  0  0  0  0  0  1 V2000
    3.6855   -0.9955    0.8303 C   0  0  0  0  0  0  0  0  0  0  0  0
    2.7643   -0.0590    0.0917 C   0  0  0  0  0  0  0  0  0  0  0  0
    3.2230    0.8293   -0.5868 O   0  0  0  0  0  0  0  0  0  0  0  0
    1.4342   -0.2118    0.1877 O   0  0  0  0  0  0  0  0  0  0  0  0
    0.5465    0.6904   -0.5239 C   0  0  0  0  0  0  0  0  0  0  0  0
   -0.8848    0.3061   -0.2508 C   0  0  0  0  0  0  0  0  0  0  0  0
   -1.7421    1.2122    0.3455 C   0  0  0  0  0  0  0  0  0  0  0  0
   -3.0548    0.8597    0.5960 C   0  0  0  0  0  0  0  0  0  0  0  0
   -3.5108   -0.3988    0.2500 C   0  0  0  0  0  0  0  0  0  0  0  0
   -2.6540   -1.3043   -0.3470 C   0  0  0  0  0  0  0  0  0  0  0  0
   -1.3420   -0.9502   -0.6015 C   0  0  0  0  0  0  0  0  0  0  0  0
    3.4894   -0.9291    1.9004 H   0  0  0  0  0  0  0  0  0  0  0  0
    3.5127   -2.0171    0.4919 H   0  0  0  0  0  0  0  0  0  0  0  0
    4.7208   -0.7175    0.6327 H   0  0  0  0  0  0  0  0  0  0  0  0
    0.7194    1.7121   -0.1855 H   0  0  0  0  0  0  0  0  0  0  0  0
    0.7427    0.6241   -1.5941 H   0  0  0  0  0  0  0  0  0  0  0  0
   -1.3859    2.1953    0.6158 H   0  0  0  0  0  0  0  0  0  0  0  0
   -3.7243    1.5673    1.0625 H   0  0  0  0  0  0  0  0  0  0  0  0
   -4.5364   -0.6745    0.4464 H   0  0  0  0  0  0  0  0  0  0  0  0
   -3.0101   -2.2875   -0.6170 H   0  0  0  0  0  0  0  0  0  0  0  0
   -0.6725   -1.6577   -1.0680 H   0  0  0  0  0  0  0  0  0  0  0  0
  1  2  1  0  0  0  0
  2  3  2  0  0  0  0
  2  4  1  0  0  0  0
  4  5  1  0  0  0  0
  5  6  1  0  0  0  0
  6  7  1  0  0  0  0
  7  8  2  0  0  0  0
  8  9  1  0  0  0  0
  9 10  2  0  0  0  0
 10 11  1  0  0  0  0
  6 11  2  0  0  0  0
  1 12  1  0  0  0  0
  1 13  1  0  0  0  0
  1 14  1  0  0  0  0
  5 15  1  0  0  0  0
  5 16  1  0  0  0  0
  7 17  1  0  0  0  0
  8 18  1  0  0  0  0
  9 19  1  0  0  0  0
 10 20  1  0  0  0  0
 11 21  1  0  0  0  0
M  END
$$$$
