 
WItclserve11290013453D 0   0.00000     0.00000cramer
 
 12 11  0  0  0  0  0  0  0  0  1 V2000
   -0.9579   -0.0080   -0.3582 C   0  0  0  0  0  0  0  0  0  0  0  0
   -2.2993   -0.6661   -0.0292 C   0  0  0  0  0  0  0  0  0  0  0  0
   -0.9622    1.3422    0.1097 O   0  0  0  0  0  0  0  0  0  0  0  0
    0.1710   -0.7813    0.3262 C   0  0  0  0  0  0  0  0  0  0  0  0
    1.7519   -0.0058   -0.0615 Cl  0  0  0  0  0  0  0  0  0  0  0  0
   -0.8031   -0.0182   -1.4371 H   0  0  0  0  0  0  0  0  0  0  0  0
   -2.2960   -1.6960   -0.3861 H   0  0  0  0  0  0  0  0  0  0  0  0
   -2.4541   -0.6559    1.0497 H   0  0  0  0  0  0  0  0  0  0  0  0
   -3.1036   -0.1152   -0.5168 H   0  0  0  0  0  0  0  0  0  0  0  0
   -1.1015    1.3062    1.0659 H   0  0  0  0  0  0  0  0  0  0  0  0
    0.0163   -0.7711    1.4052 H   0  0  0  0  0  0  0  0  0  0  0  0
    0.1744   -1.8112   -0.0306 H   0  0  0  0  0  0  0  0  0  0  0  0
  1  2  1  0  0  0  0
  1  3  1  0  0  0  0
  1  4  1  0  0  0  0
  4  5  1  0  0  0  0
  1  6  1  0  0  0  0
  2  7  1  0  0  0  0
  2  8  1  0  0  0  0
  2  9  1  0  0  0  0
  3 10  1  0  0  0  0
  4 11  1  0  0  0  0
  4 12  1  0  0  0  0
M  END
$$$$
