 
WItclserve11290013453D 0   0.00000     0.00000cramer
 
 15 14  0  0  0  0  0  0  0  0  1 V2000
   -2.4445   -0.2663   -0.4160 C   0  0  0  0  0  0  0  0  0  0  0  0
   -3.3802   -0.1867    0.3433 O   0  0  0  0  0  0  0  0  0  0  0  0
   -1.2315    0.6041   -0.2107 C   0  0  0  0  0  0  0  0  0  0  0  0
    0.0000   -0.2789    0.0004 C   0  0  0  0  0  0  0  0  0  0  0  0
    1.2315    0.6047    0.2088 C   0  0  0  0  0  0  0  0  0  0  0  0
    2.4445   -0.2650    0.4167 C   0  0  0  0  0  0  0  0  0  0  0  0
    3.3802   -0.1879   -0.3427 O   0  0  0  0  0  0  0  0  0  0  0  0
   -2.4752   -0.9643   -1.2395 H   0  0  0  0  0  0  0  0  0  0  0  0
   -1.0821    1.2321   -1.0890 H   0  0  0  0  0  0  0  0  0  0  0  0
   -1.3809    1.2348    0.6657 H   0  0  0  0  0  0  0  0  0  0  0  0
   -0.1495   -0.9069    0.8787 H   0  0  0  0  0  0  0  0  0  0  0  0
    0.1494   -0.9096   -0.8760 H   0  0  0  0  0  0  0  0  0  0  0  0
    1.3809    1.2327   -0.6695 H   0  0  0  0  0  0  0  0  0  0  0  0
    1.0821    1.2354    1.0852 H   0  0  0  0  0  0  0  0  0  0  0  0
    2.4769   -0.9574    1.2450 H   0  0  0  0  0  0  0  0  0  0  0  0
  1  2  2  0  0  0  0
  1  3  1  0  0  0  0
  3  4  1  0  0  0  0
  4  5  1  0  0  0  0
  5  6  1  0  0  0  0
  6  7  2  0  0  0  0
  1  8  1  0  0  0  0
  3  9  1  0  0  0  0
  3 10  1  0  0  0  0
  4 11  1  0  0  0  0
  4 12  1  0  0  0  0
  5 13  1  0  0  0  0
  5 14  1  0  0  0  0
  6 15  1  0  0  0  0
M  END
$$$$
