 
WItclserve11290013443D 0   0.00000     0.00000cramer
 
 42 43  0  0  0  0  0  0  0  0  1 V2000
    1.2817    1.6424   -0.4482 S   0  0  0  0  0  0  0  0  0  0  0  0
    1.2789    2.0095   -1.8210 O   0  0  0  0  0  0  0  0  0  0  0  0
    1.4826    2.5328    0.6408 O   0  0  0  0  0  0  0  0  0  0  0  0
   -0.1818    0.9181   -0.1731 N   0  0  0  0  0  0  0  0  0  0  0  0
   -0.4269    0.3221    1.0106 C   0  0  0  0  0  0  0  0  0  0  0  0
    0.4267    0.3163    1.8766 O   0  0  0  0  0  0  0  0  0  0  0  0
   -1.6180   -0.2674    1.2345 N   0  0  0  0  0  0  0  0  0  0  0  0
   -2.5769   -0.2608    0.2617 N   0  0  0  0  0  0  0  0  0  0  0  0
   -2.8638   -1.6412   -0.0471 C   0  0  0  0  0  0  0  0  0  0  0  0
   -4.0078   -1.7743   -1.0527 C   0  0  0  0  0  0  0  0  0  0  0  0
   -5.3469   -1.6172   -0.3233 C   0  0  0  0  0  0  0  0  0  0  0  0
   -5.8265   -0.1768   -0.4415 C   0  0  0  0  0  0  0  0  0  0  0  0
   -4.6996    0.8422   -0.2817 C   0  0  0  0  0  0  0  0  0  0  0  0
   -3.7615    0.3804    0.8419 C   0  0  0  0  0  0  0  0  0  0  0  0
    2.5222    0.4015   -0.2871 C   0  0  0  0  0  0  0  0  0  0  0  0
    2.9123   -0.3335   -1.3912 C   0  0  0  0  0  0  0  0  0  0  0  0
    3.8853   -1.3070   -1.2649 C   0  0  0  0  0  0  0  0  0  0  0  0
    4.4688   -1.5454   -0.0344 C   0  0  0  0  0  0  0  0  0  0  0  0
    5.5294   -2.6071    0.1036 C   0  0  0  0  0  0  0  0  0  0  0  0
    4.0799   -0.8097    1.0691 C   0  0  0  0  0  0  0  0  0  0  0  0
    3.1094    0.1667    0.9419 C   0  0  0  0  0  0  0  0  0  0  0  0
   -0.8627    0.9227   -0.8639 H   0  0  0  0  0  0  0  0  0  0  0  0
   -1.7944   -0.6963    2.0865 H   0  0  0  0  0  0  0  0  0  0  0  0
   -1.9695   -2.1048   -0.4636 H   0  0  0  0  0  0  0  0  0  0  0  0
   -3.1364   -2.1610    0.8713 H   0  0  0  0  0  0  0  0  0  0  0  0
   -3.9151   -0.9993   -1.8136 H   0  0  0  0  0  0  0  0  0  0  0  0
   -3.9641   -2.7554   -1.5255 H   0  0  0  0  0  0  0  0  0  0  0  0
   -6.0845   -2.2833   -0.7710 H   0  0  0  0  0  0  0  0  0  0  0  0
   -5.2193   -1.8721    0.7288 H   0  0  0  0  0  0  0  0  0  0  0  0
   -6.2876   -0.0397   -1.4196 H   0  0  0  0  0  0  0  0  0  0  0  0
   -6.5775    0.0071    0.3268 H   0  0  0  0  0  0  0  0  0  0  0  0
   -4.1413    0.9176   -1.2148 H   0  0  0  0  0  0  0  0  0  0  0  0
   -5.1210    1.8150   -0.0280 H   0  0  0  0  0  0  0  0  0  0  0  0
   -4.2836   -0.3321    1.4807 H   0  0  0  0  0  0  0  0  0  0  0  0
   -3.4542    1.2416    1.4351 H   0  0  0  0  0  0  0  0  0  0  0  0
    2.4564   -0.1473   -2.3524 H   0  0  0  0  0  0  0  0  0  0  0  0
    4.1894   -1.8816   -2.1272 H   0  0  0  0  0  0  0  0  0  0  0  0
    6.5104   -2.1657   -0.0721 H   0  0  0  0  0  0  0  0  0  0  0  0
    5.4946   -3.0270    1.1088 H   0  0  0  0  0  0  0  0  0  0  0  0
    5.3503   -3.3966   -0.6264 H   0  0  0  0  0  0  0  0  0  0  0  0
    4.5360   -0.9957    2.0303 H   0  0  0  0  0  0  0  0  0  0  0  0
    2.8054    0.7416    1.8042 H   0  0  0  0  0  0  0  0  0  0  0  0
  1  2  2  0  0  0  0
  1  3  2  0  0  0  0
  1  4  1  0  0  0  0
  4  5  1  0  0  0  0
  5  6  2  0  0  0  0
  5  7  1  0  0  0  0
  7  8  1  0  0  0  0
  8  9  1  0  0  0  0
  9 10  1  0  0  0  0
 10 11  1  0  0  0  0
 11 12  1  0  0  0  0
 12 13  1  0  0  0  0
 13 14  1  0  0  0  0
  8 14  1  0  0  0  0
  1 15  1  0  0  0  0
 15 16  1  0  0  0  0
 16 17  2  0  0  0  0
 17 18  1  0  0  0  0
 18 19  1  0  0  0  0
 18 20  2  0  0  0  0
 20 21  1  0  0  0  0
 15 21  2  0  0  0  0
  4 22  1  0  0  0  0
  7 23  1  0  0  0  0
  9 24  1  0  0  0  0
  9 25  1  0  0  0  0
 10 26  1  0  0  0  0
 10 27  1  0  0  0  0
 11 28  1  0  0  0  0
 11 29  1  0  0  0  0
 12 30  1  0  0  0  0
 12 31  1  0  0  0  0
 13 32  1  0  0  0  0
 13 33  1  0  0  0  0
 14 34  1  0  0  0  0
 14 35  1  0  0  0  0
 16 36  1  0  0  0  0
 17 37  1  0  0  0  0
 19 38  1  0  0  0  0
 19 39  1  0  0  0  0
 19 40  1  0  0  0  0
 20 41  1  0  0  0  0
 21 42  1  0  0  0  0
M  END
$$$$
