 
WItclserve11290013443D 0   0.00000     0.00000cramer
 
 26 27  0  0  0  0  0  0  0  0  1 V2000
   -0.5193   -1.3636   -0.0159 N   0  0  0  0  0  0  0  0  0  0  0  0
   -1.6639   -0.5643    0.0322 C   0  0  0  0  0  0  0  0  0  0  0  0
   -2.8540   -1.0181   -0.5236 C   0  0  0  0  0  0  0  0  0  0  0  0
   -3.9836   -0.2257   -0.4738 C   0  0  0  0  0  0  0  0  0  0  0  0
   -3.9314    1.0187    0.1278 C   0  0  0  0  0  0  0  0  0  0  0  0
   -2.7488    1.4736    0.6814 C   0  0  0  0  0  0  0  0  0  0  0  0
   -1.6166    0.6836    0.6407 C   0  0  0  0  0  0  0  0  0  0  0  0
    0.7486   -0.7700   -0.0370 C   0  0  0  0  0  0  0  0  0  0  0  0
    1.8412   -1.4469    0.4898 C   0  0  0  0  0  0  0  0  0  0  0  0
    3.0913   -0.8615    0.4690 C   0  0  0  0  0  0  0  0  0  0  0  0
    3.2565    0.4043   -0.0783 C   0  0  0  0  0  0  0  0  0  0  0  0
    4.5239    0.9979   -0.0989 N   0  0  0  0  0  0  0  0  0  0  0  0
    2.1644    1.0807   -0.6053 C   0  0  0  0  0  0  0  0  0  0  0  0
    0.9149    0.4930   -0.5897 C   0  0  0  0  0  0  0  0  0  0  0  0
   -0.6028   -2.3298   -0.0306 H   0  0  0  0  0  0  0  0  0  0  0  0
   -2.8952   -1.9893   -0.9941 H   0  0  0  0  0  0  0  0  0  0  0  0
   -4.9088   -0.5777   -0.9056 H   0  0  0  0  0  0  0  0  0  0  0  0
   -4.8164    1.6366    0.1650 H   0  0  0  0  0  0  0  0  0  0  0  0
   -2.7115    2.4460    1.1498 H   0  0  0  0  0  0  0  0  0  0  0  0
   -0.6932    1.0394    1.0733 H   0  0  0  0  0  0  0  0  0  0  0  0
    1.7126   -2.4308    0.9160 H   0  0  0  0  0  0  0  0  0  0  0  0
    3.9408   -1.3878    0.8786 H   0  0  0  0  0  0  0  0  0  0  0  0
    4.6393    1.8819   -0.4811 H   0  0  0  0  0  0  0  0  0  0  0  0
    5.2869    0.5252    0.2690 H   0  0  0  0  0  0  0  0  0  0  0  0
    2.2930    2.0649   -1.0312 H   0  0  0  0  0  0  0  0  0  0  0  0
    0.0654    1.0191   -0.9997 H   0  0  0  0  0  0  0  0  0  0  0  0
  1  2  1  0  0  0  0
  2  3  1  0  0  0  0
  3  4  2  0  0  0  0
  4  5  1  0  0  0  0
  5  6  2  0  0  0  0
  6  7  1  0  0  0  0
  2  7  2  0  0  0  0
  1  8  1  0  0  0  0
  8  9  1  0  0  0  0
  9 10  2  0  0  0  0
 10 11  1  0  0  0  0
 11 12  1  0  0  0  0
 11 13  2  0  0  0  0
 13 14  1  0  0  0  0
  8 14  2  0  0  0  0
  1 15  1  0  0  0  0
  3 16  1  0  0  0  0
  4 17  1  0  0  0  0
  5 18  1  0  0  0  0
  6 19  1  0  0  0  0
  7 20  1  0  0  0  0
  9 21  1  0  0  0  0
 10 22  1  0  0  0  0
 12 23  1  0  0  0  0
 12 24  1  0  0  0  0
 13 25  1  0  0  0  0
 14 26  1  0  0  0  0
M  END
$$$$
