 
WItclserve11290013443D 0   0.00000     0.00000cramer
 
 40 41  0  0  0  0  0  0  0  0  1 V2000
   -0.0311    2.2980   -0.2005 C   0  0  0  0  0  0  0  0  0  0  0  0
   -1.5864    3.1106   -0.6147 Cl  0  0  0  0  0  0  0  0  0  0  0  0
    0.0488    2.0248    1.5799 Cl  0  0  0  0  0  0  0  0  0  0  0  0
    0.0514    0.9540   -0.9270 C   0  0  0  0  0  0  0  0  0  0  0  0
    1.3265    0.2507   -0.5389 C   0  0  0  0  0  0  0  0  0  0  0  0
    1.4052   -1.1277   -0.6115 C   0  0  0  0  0  0  0  0  0  0  0  0
    2.5746   -1.7728   -0.2555 C   0  0  0  0  0  0  0  0  0  0  0  0
    3.6658   -1.0396    0.1726 C   0  0  0  0  0  0  0  0  0  0  0  0
    4.9407   -1.7429    0.5612 C   0  0  0  0  0  0  0  0  0  0  0  0
    5.8407   -1.8836   -0.6681 C   0  0  0  0  0  0  0  0  0  0  0  0
    3.5875    0.3385    0.2438 C   0  0  0  0  0  0  0  0  0  0  0  0
    2.4190    0.9840   -0.1159 C   0  0  0  0  0  0  0  0  0  0  0  0
   -1.1299    0.1014   -0.5416 C   0  0  0  0  0  0  0  0  0  0  0  0
   -2.1139   -0.1777   -1.4719 C   0  0  0  0  0  0  0  0  0  0  0  0
   -3.1973   -0.9596   -1.1184 C   0  0  0  0  0  0  0  0  0  0  0  0
   -3.2969   -1.4632    0.1654 C   0  0  0  0  0  0  0  0  0  0  0  0
   -4.4785   -2.3154    0.5509 C   0  0  0  0  0  0  0  0  0  0  0  0
   -4.1590   -3.7857    0.2736 C   0  0  0  0  0  0  0  0  0  0  0  0
   -2.3126   -1.1854    1.0950 C   0  0  0  0  0  0  0  0  0  0  0  0
   -1.2268   -0.4064    0.7403 C   0  0  0  0  0  0  0  0  0  0  0  0
    0.8022    2.9295   -0.5089 H   0  0  0  0  0  0  0  0  0  0  0  0
    0.0424    1.1219   -2.0039 H   0  0  0  0  0  0  0  0  0  0  0  0
    0.5529   -1.7005   -0.9459 H   0  0  0  0  0  0  0  0  0  0  0  0
    2.6359   -2.8496   -0.3115 H   0  0  0  0  0  0  0  0  0  0  0  0
    5.4576   -1.1624    1.3253 H   0  0  0  0  0  0  0  0  0  0  0  0
    4.7048   -2.7320    0.9538 H   0  0  0  0  0  0  0  0  0  0  0  0
    6.7628   -2.3923   -0.3871 H   0  0  0  0  0  0  0  0  0  0  0  0
    5.3238   -2.4641   -1.4323 H   0  0  0  0  0  0  0  0  0  0  0  0
    6.0765   -0.8945   -1.0608 H   0  0  0  0  0  0  0  0  0  0  0  0
    4.4400    0.9112    0.5779 H   0  0  0  0  0  0  0  0  0  0  0  0
    2.3578    2.0608   -0.0603 H   0  0  0  0  0  0  0  0  0  0  0  0
   -2.0361    0.2157   -2.4747 H   0  0  0  0  0  0  0  0  0  0  0  0
   -3.9663   -1.1770   -1.8449 H   0  0  0  0  0  0  0  0  0  0  0  0
   -4.6908   -2.1836    1.6119 H   0  0  0  0  0  0  0  0  0  0  0  0
   -5.3485   -2.0161   -0.0336 H   0  0  0  0  0  0  0  0  0  0  0  0
   -5.0136   -4.4021    0.5524 H   0  0  0  0  0  0  0  0  0  0  0  0
   -3.9467   -3.9176   -0.7874 H   0  0  0  0  0  0  0  0  0  0  0  0
   -3.2890   -4.0850    0.8581 H   0  0  0  0  0  0  0  0  0  0  0  0
   -2.3902   -1.5791    2.0977 H   0  0  0  0  0  0  0  0  0  0  0  0
   -0.4576   -0.1893    1.4667 H   0  0  0  0  0  0  0  0  0  0  0  0
  1  2  1  0  0  0  0
  1  3  1  0  0  0  0
  1  4  1  0  0  0  0
  4  5  1  0  0  0  0
  5  6  1  0  0  0  0
  6  7  2  0  0  0  0
  7  8  1  0  0  0  0
  8  9  1  0  0  0  0
  9 10  1  0  0  0  0
  8 11  2  0  0  0  0
 11 12  1  0  0  0  0
  5 12  2  0  0  0  0
  4 13  1  0  0  0  0
 13 14  1  0  0  0  0
 14 15  2  0  0  0  0
 15 16  1  0  0  0  0
 16 17  1  0  0  0  0
 17 18  1  0  0  0  0
 16 19  2  0  0  0  0
 19 20  1  0  0  0  0
 13 20  2  0  0  0  0
  1 21  1  0  0  0  0
  4 22  1  0  0  0  0
  6 23  1  0  0  0  0
  7 24  1  0  0  0  0
  9 25  1  0  0  0  0
  9 26  1  0  0  0  0
 10 27  1  0  0  0  0
 10 28  1  0  0  0  0
 10 29  1  0  0  0  0
 11 30  1  0  0  0  0
 12 31  1  0  0  0  0
 14 32  1  0  0  0  0
 15 33  1  0  0  0  0
 17 34  1  0  0  0  0
 17 35  1  0  0  0  0
 18 36  1  0  0  0  0
 18 37  1  0  0  0  0
 18 38  1  0  0  0  0
 19 39  1  0  0  0  0
 20 40  1  0  0  0  0
M  END
$$$$
