 
WItclserve11290013453D 0   0.00000     0.00000cramer
 
 63 66  0  0  0  0  0  0  0  0  1 V2000
   -1.2601   -1.5391   -0.0695 C   0  0  0  0  0  0  0  0  0  0  0  0
   -2.5041   -2.1122    0.1500 C   0  0  0  0  0  0  0  0  0  0  0  0
   -3.6574   -1.3920   -0.1275 C   0  0  0  0  0  0  0  0  0  0  0  0
   -4.9017   -1.9703    0.0941 N   0  0  0  0  0  0  0  0  0  0  0  0
   -4.9922   -3.3352    0.6187 C   0  0  0  0  0  0  0  0  0  0  0  0
   -6.4634   -3.7275    0.7686 C   0  0  0  0  0  0  0  0  0  0  0  0
   -3.5772   -0.0903   -0.6273 C   0  0  0  0  0  0  0  0  0  0  0  0
   -4.8390    0.6788   -0.9230 C   0  0  0  0  0  0  0  0  0  0  0  0
   -2.3627    0.4878   -0.8483 C   0  0  0  0  0  0  0  0  0  0  0  0
   -1.1882   -0.2264   -0.5742 C   0  0  0  0  0  0  0  0  0  0  0  0
    0.1241    0.3866   -0.8093 C   0  0  0  0  0  0  0  0  0  0  0  0
    1.2669   -0.3800   -0.5158 C   0  0  0  0  0  0  0  0  0  0  0  0
    2.5593    0.1495   -0.7197 C   0  0  0  0  0  0  0  0  0  0  0  0
    3.6485   -0.5999   -0.4334 C   0  0  0  0  0  0  0  0  0  0  0  0
    5.0290   -0.0360   -0.6506 C   0  0  0  0  0  0  0  0  0  0  0  0
    3.4869   -1.9563    0.0870 C   0  0  0  0  0  0  0  0  0  0  0  0
    4.5574   -2.6892    0.3679 N   0  0  0  0  0  0  0  0  0  0  0  0
    4.4030   -3.9910    1.0219 C   0  0  0  0  0  0  0  0  0  0  0  0
    4.8451   -5.0988    0.0637 C   0  0  0  0  0  0  0  0  0  0  0  0
    2.1967   -2.4888    0.2922 C   0  0  0  0  0  0  0  0  0  0  0  0
    1.0959   -1.7360    0.0040 C   0  0  0  0  0  0  0  0  0  0  0  0
   -0.1402   -2.2403    0.2067 O   0  0  0  0  0  0  0  0  0  0  0  0
    0.2412    1.7589   -1.3356 C   0  0  0  0  0  0  0  0  0  0  0  0
    0.2970    1.9811   -2.7121 C   0  0  0  0  0  0  0  0  0  0  0  0
    0.4067    3.2682   -3.1992 C   0  0  0  0  0  0  0  0  0  0  0  0
    0.4626    4.3452   -2.3302 C   0  0  0  0  0  0  0  0  0  0  0  0
    0.4088    4.1466   -0.9641 C   0  0  0  0  0  0  0  0  0  0  0  0
    0.2918    2.8563   -0.4517 C   0  0  0  0  0  0  0  0  0  0  0  0
    0.2340    2.6386    1.0075 C   0  0  0  0  0  0  0  0  0  0  0  0
    0.1319    1.5118    1.4499 O   0  0  0  0  0  0  0  0  0  0  0  0
    0.2944    3.6896    1.8484 O   0  0  0  0  0  0  0  0  0  0  0  0
    0.2375    3.4755    3.2834 C   0  0  0  0  0  0  0  0  0  0  0  0
    0.3248    4.8224    4.0039 C   0  0  0  0  0  0  0  0  0  0  0  0
   -2.5751   -3.1182    0.5363 H   0  0  0  0  0  0  0  0  0  0  0  0
   -5.7102   -1.4702   -0.0986 H   0  0  0  0  0  0  0  0  0  0  0  0
   -4.5013   -4.0225   -0.0703 H   0  0  0  0  0  0  0  0  0  0  0  0
   -4.5023   -3.3839    1.5911 H   0  0  0  0  0  0  0  0  0  0  0  0
   -6.5307   -4.7430    1.1589 H   0  0  0  0  0  0  0  0  0  0  0  0
   -6.9543   -3.0401    1.4576 H   0  0  0  0  0  0  0  0  0  0  0  0
   -6.9533   -3.6788   -0.2039 H   0  0  0  0  0  0  0  0  0  0  0  0
   -5.1436    1.2325   -0.0350 H   0  0  0  0  0  0  0  0  0  0  0  0
   -4.6565    1.3757   -1.7410 H   0  0  0  0  0  0  0  0  0  0  0  0
   -5.6297   -0.0157   -1.2070 H   0  0  0  0  0  0  0  0  0  0  0  0
   -2.3055    1.4949   -1.2342 H   0  0  0  0  0  0  0  0  0  0  0  0
    2.6785    1.1516   -1.1041 H   0  0  0  0  0  0  0  0  0  0  0  0
    4.9498    0.9792   -1.0395 H   0  0  0  0  0  0  0  0  0  0  0  0
    5.5685   -0.0212    0.2964 H   0  0  0  0  0  0  0  0  0  0  0  0
    5.5672   -0.6581   -1.3657 H   0  0  0  0  0  0  0  0  0  0  0  0
    5.0185   -4.0212    1.9210 H   0  0  0  0  0  0  0  0  0  0  0  0
    3.3576   -4.1401    1.2921 H   0  0  0  0  0  0  0  0  0  0  0  0
    5.8905   -4.9497   -0.2065 H   0  0  0  0  0  0  0  0  0  0  0  0
    4.7302   -6.0674    0.5503 H   0  0  0  0  0  0  0  0  0  0  0  0
    4.2296   -5.0686   -0.8354 H   0  0  0  0  0  0  0  0  0  0  0  0
    2.0805   -3.4914    0.6765 H   0  0  0  0  0  0  0  0  0  0  0  0
    0.2548    1.1464   -3.3962 H   0  0  0  0  0  0  0  0  0  0  0  0
    0.4496    3.4363   -4.2651 H   0  0  0  0  0  0  0  0  0  0  0  0
    0.5491    5.3474   -2.7234 H   0  0  0  0  0  0  0  0  0  0  0  0
    0.4530    4.9920   -0.2935 H   0  0  0  0  0  0  0  0  0  0  0  0
   -0.7018    2.9860    3.5408 H   0  0  0  0  0  0  0  0  0  0  0  0
    1.0719    2.8446    3.5900 H   0  0  0  0  0  0  0  0  0  0  0  0
   -0.5096    5.4532    3.6973 H   0  0  0  0  0  0  0  0  0  0  0  0
    0.2821    4.6616    5.0811 H   0  0  0  0  0  0  0  0  0  0  0  0
    1.2641    5.3119    3.7465 H   0  0  0  0  0  0  0  0  0  0  0  0
  1  2  1  0  0  0  0
  2  3  2  0  0  0  0
  3  4  1  0  0  0  0
  4  5  1  0  0  0  0
  5  6  1  0  0  0  0
  3  7  1  0  0  0  0
  7  8  1  0  0  0  0
  7  9  2  0  0  0  0
  9 10  1  0  0  0  0
  1 10  2  0  0  0  0
 10 11  1  0  0  0  0
 11 12  2  0  0  0  0
 12 13  1  0  0  0  0
 13 14  2  0  0  0  0
 14 15  1  0  0  0  0
 14 16  1  0  0  0  0
 16 17  2  0  0  0  0
 17 18  1  0  0  0  0
 18 19  1  0  0  0  0
 16 20  1  0  0  0  0
 20 21  2  0  0  0  0
 12 21  1  0  0  0  0
 21 22  1  0  0  0  0
  1 22  1  0  0  0  0
 11 23  1  0  0  0  0
 23 24  1  0  0  0  0
 24 25  2  0  0  0  0
 25 26  1  0  0  0  0
 26 27  2  0  0  0  0
 27 28  1  0  0  0  0
 23 28  2  0  0  0  0
 28 29  1  0  0  0  0
 29 30  2  0  0  0  0
 29 31  1  0  0  0  0
 31 32  1  0  0  0  0
 32 33  1  0  0  0  0
  2 34  1  0  0  0  0
  4 35  1  0  0  0  0
  5 36  1  0  0  0  0
  5 37  1  0  0  0  0
  6 38  1  0  0  0  0
  6 39  1  0  0  0  0
  6 40  1  0  0  0  0
  8 41  1  0  0  0  0
  8 42  1  0  0  0  0
  8 43  1  0  0  0  0
  9 44  1  0  0  0  0
 13 45  1  0  0  0  0
 15 46  1  0  0  0  0
 15 47  1  0  0  0  0
 15 48  1  0  0  0  0
 18 49  1  0  0  0  0
 18 50  1  0  0  0  0
 19 51  1  0  0  0  0
 19 52  1  0  0  0  0
 19 53  1  0  0  0  0
 20 54  1  0  0  0  0
 24 55  1  0  0  0  0
 25 56  1  0  0  0  0
 26 57  1  0  0  0  0
 27 58  1  0  0  0  0
 32 59  1  0  0  0  0
 32 60  1  0  0  0  0
 33 61  1  0  0  0  0
 33 62  1  0  0  0  0
 33 63  1  0  0  0  0
M  END
$$$$
