 
WItclserve11290013453D 0   0.00000     0.00000cramer
 
 53 56  0  0  0  0  0  0  0  0  2 V2000
    1.3618   -2.8207    0.0242 C   0  0  0  0  0  0  0  0  0  0  0  0
    0.1731   -3.5507   -0.1260 C   0  0  0  0  0  0  0  0  0  0  0  0
    0.1940   -4.9502   -0.2649 C   0  0  0  0  0  0  0  0  0  0  0  0
   -0.9769   -5.6307   -0.4087 C   0  0  0  0  0  0  0  0  0  0  0  0
   -2.1977   -4.9614   -0.4207 C   0  0  0  0  0  0  0  0  0  0  0  0
   -2.2546   -3.6050   -0.2888 C   0  0  0  0  0  0  0  0  0  0  0  0
   -1.0716   -2.8730   -0.1382 C   0  0  0  0  0  0  0  0  0  0  0  0
   -1.0944   -1.4175    0.0063 C   0  0  0  0  0  0  0  0  0  0  0  0
   -2.2734   -0.7403   -0.0025 N   0  0  0  0  0  0  0  0  0  0  0  0
   -2.2809    0.5433    0.1258 N   0  0  0  0  0  0  0  0  0  0  0  0
   -3.4644    1.2231    0.1169 C   0  0  0  0  0  0  0  0  0  0  0  0
   -4.6708    0.5326   -0.0310 C   0  0  0  0  0  0  0  0  0  0  0  0
   -5.8623    1.2256   -0.0392 C   0  0  0  0  0  0  0  0  0  0  0  0
   -5.8701    2.6038    0.0986 C   0  0  0  0  0  0  0  0  0  0  0  0
   -4.6846    3.2987    0.2451 C   0  0  0  0  0  0  0  0  0  0  0  0
   -3.4778    2.6183    0.2619 C   0  0  0  0  0  0  0  0  0  0  0  0
   -2.3126    3.3002    0.4058 O   0  0  0  0  0  0  0  0  0  0  0  0
   -2.6542    4.6835    0.5146 C   0  0  0  0  0  0  0  0  0  0  0  0
   -7.1393    0.4937   -0.1963 N   0  3  0  0  0  0  0  0  0  0  0  0
   -8.1937    1.1033   -0.2039 O   0  0  0  0  0  0  0  0  0  0  0  0
   -7.1356   -0.7182   -0.3180 O   0  5  0  0  0  0  0  0  0  0  0  0
    0.1136   -0.7362    0.1539 C   0  0  0  0  0  0  0  0  0  0  0  0
    0.1158    0.6121    0.2898 O   0  0  0  0  0  0  0  0  0  0  0  0
    1.3305   -1.4433    0.1608 C   0  0  0  0  0  0  0  0  0  0  0  0
    2.5971   -0.7026    0.3181 C   0  0  0  0  0  0  0  0  0  0  0  0
    2.5829    0.5071    0.4402 O   0  0  0  0  0  0  0  0  0  0  0  0
    3.7697   -1.3670    0.3264 N   0  0  0  0  0  0  0  0  0  0  0  0
    4.9748   -0.6581    0.3585 C   0  0  0  0  0  0  0  0  0  0  0  0
    6.0832   -1.1981    0.9985 C   0  0  0  0  0  0  0  0  0  0  0  0
    7.2717   -0.4958    1.0280 C   0  0  0  0  0  0  0  0  0  0  0  0
    7.3594    0.7439    0.4212 C   0  0  0  0  0  0  0  0  0  0  0  0
    6.2580    1.2844   -0.2163 C   0  0  0  0  0  0  0  0  0  0  0  0
    5.0677    0.5846   -0.2543 C   0  0  0  0  0  0  0  0  0  0  0  0
    6.3560    2.6119   -0.8635 N   0  3  0  0  0  0  0  0  0  0  0  0
    7.4066    3.2276   -0.8344 O   0  0  0  0  0  0  0  0  0  0  0  0
    5.3861    3.0887   -1.4253 O   0  5  0  0  0  0  0  0  0  0  0  0
    2.3095   -3.3384    0.0379 H   0  0  0  0  0  0  0  0  0  0  0  0
    1.1337   -5.4823   -0.2581 H   0  0  0  0  0  0  0  0  0  0  0  0
   -0.9581   -6.7053   -0.5152 H   0  0  0  0  0  0  0  0  0  0  0  0
   -3.1123   -5.5240   -0.5365 H   0  0  0  0  0  0  0  0  0  0  0  0
   -3.2083   -3.0984   -0.3006 H   0  0  0  0  0  0  0  0  0  0  0  0
   -4.6693   -0.5420   -0.1391 H   0  0  0  0  0  0  0  0  0  0  0  0
   -6.8083    3.1386    0.0911 H   0  0  0  0  0  0  0  0  0  0  0  0
   -4.6992    4.3733    0.3516 H   0  0  0  0  0  0  0  0  0  0  0  0
   -1.7455    5.2739    0.6324 H   0  0  0  0  0  0  0  0  0  0  0  0
   -3.1789    5.0001   -0.3868 H   0  0  0  0  0  0  0  0  0  0  0  0
   -3.2986    4.8315    1.3812 H   0  0  0  0  0  0  0  0  0  0  0  0
    0.0562    0.7976    1.2370 H   0  0  0  0  0  0  0  0  0  0  0  0
    3.7778   -2.3368    0.3102 H   0  0  0  0  0  0  0  0  0  0  0  0
    6.0153   -2.1660    1.4729 H   0  0  0  0  0  0  0  0  0  0  0  0
    8.1337   -0.9149    1.5257 H   0  0  0  0  0  0  0  0  0  0  0  0
    8.2902    1.2912    0.4456 H   0  0  0  0  0  0  0  0  0  0  0  0
    4.2077    1.0073   -0.7524 H   0  0  0  0  0  0  0  0  0  0  0  0
  1  2  1  0  0  0  0
  2  3  2  0  0  0  0
  3  4  1  0  0  0  0
  4  5  2  0  0  0  0
  5  6  1  0  0  0  0
  6  7  2  0  0  0  0
  2  7  1  0  0  0  0
  7  8  1  0  0  0  0
  8  9  1  0  0  0  0
  9 10  2  0  0  0  0
 10 11  1  0  0  0  0
 11 12  1  0  0  0  0
 12 13  2  0  0  0  0
 13 14  1  0  0  0  0
 14 15  2  0  0  0  0
 15 16  1  0  0  0  0
 11 16  2  0  0  0  0
 16 17  1  0  0  0  0
 17 18  1  0  0  0  0
 13 19  1  0  0  0  0
 19 20  2  0  0  0  0
 19 21  1  0  0  0  0
  8 22  2  0  0  0  0
 22 23  1  0  0  0  0
 22 24  1  0  0  0  0
  1 24  2  0  0  0  0
 24 25  1  0  0  0  0
 25 26  2  0  0  0  0
 25 27  1  0  0  0  0
 27 28  1  0  0  0  0
 28 29  1  0  0  0  0
 29 30  2  0  0  0  0
 30 31  1  0  0  0  0
 31 32  2  0  0  0  0
 32 33  1  0  0  0  0
 28 33  2  0  0  0  0
 32 34  1  0  0  0  0
 34 35  2  0  0  0  0
 34 36  1  0  0  0  0
  1 37  1  0  0  0  0
  3 38  1  0  0  0  0
  4 39  1  0  0  0  0
  5 40  1  0  0  0  0
  6 41  1  0  0  0  0
 12 42  1  0  0  0  0
 14 43  1  0  0  0  0
 15 44  1  0  0  0  0
 18 45  1  0  0  0  0
 18 46  1  0  0  0  0
 18 47  1  0  0  0  0
 23 48  1  0  0  0  0
 27 49  1  0  0  0  0
 29 50  1  0  0  0  0
 30 51  1  0  0  0  0
 31 52  1  0  0  0  0
 33 53  1  0  0  0  0
M  CHG  4  19   1  21  -1  34   1  36  -1
M  END
$$$$
