 
WItclserve11290013453D 0   0.00000     0.00000cramer
 
 31 31  0  0  0  0  0  0  0  0  2 V2000
   -2.4466    0.1522    0.0440 C   0  0  0  0  0  0  0  0  0  0  0  0
   -1.7946    0.5872    1.1829 C   0  0  0  0  0  0  0  0  0  0  0  0
   -0.4133    0.5946    1.2323 C   0  0  0  0  0  0  0  0  0  0  0  0
    0.3218    0.1644    0.1373 C   0  0  0  0  0  0  0  0  0  0  0  0
   -0.3360   -0.2742   -1.0098 C   0  0  0  0  0  0  0  0  0  0  0  0
   -1.7205   -0.2781   -1.0513 C   0  0  0  0  0  0  0  0  0  0  0  0
    0.3795   -0.6972   -2.0864 O   0  0  0  0  0  0  0  0  0  0  0  0
    1.7207    0.1714    0.1846 N   0  0  0  0  0  0  0  0  0  0  0  0
    2.1283    1.5639    0.4142 C   0  0  0  0  0  0  0  0  0  0  0  0
    3.6197    1.7158    0.1083 C   0  0  0  0  0  0  0  0  0  0  0  0
    3.8470    1.4809   -1.2828 O   0  0  0  0  0  0  0  0  0  0  0  0
    2.1063   -0.5845    1.3837 C   0  0  0  0  0  0  0  0  0  0  0  0
    1.9188   -2.0808    1.1255 C   0  0  0  0  0  0  0  0  0  0  0  0
    2.8040   -2.4992    0.0846 O   0  0  0  0  0  0  0  0  0  0  0  0
   -3.9260    0.1412   -0.0007 N   0  3  0  0  0  0  0  0  0  0  0  0
   -4.5672    0.5151    0.9649 O   0  0  0  0  0  0  0  0  0  0  0  0
   -4.5021   -0.2417   -1.0032 O   0  5  0  0  0  0  0  0  0  0  0  0
   -2.3659    0.9223    2.0359 H   0  0  0  0  0  0  0  0  0  0  0  0
    0.0936    0.9356    2.1229 H   0  0  0  0  0  0  0  0  0  0  0  0
   -2.2330   -0.6180   -1.9391 H   0  0  0  0  0  0  0  0  0  0  0  0
    0.5192   -1.6473   -1.9733 H   0  0  0  0  0  0  0  0  0  0  0  0
    1.5548    2.2226   -0.2379 H   0  0  0  0  0  0  0  0  0  0  0  0
    1.9418    1.8303    1.4545 H   0  0  0  0  0  0  0  0  0  0  0  0
    3.9420    2.7252    0.3637 H   0  0  0  0  0  0  0  0  0  0  0  0
    4.1865    0.9937    0.6960 H   0  0  0  0  0  0  0  0  0  0  0  0
    4.7965    1.5862   -1.4326 H   0  0  0  0  0  0  0  0  0  0  0  0
    3.1517   -0.3845    1.6187 H   0  0  0  0  0  0  0  0  0  0  0  0
    1.4806   -0.2793    2.2224 H   0  0  0  0  0  0  0  0  0  0  0  0
    2.1403   -2.6373    2.0362 H   0  0  0  0  0  0  0  0  0  0  0  0
    0.8886   -2.2714    0.8248 H   0  0  0  0  0  0  0  0  0  0  0  0
    2.5991   -3.4258   -0.1010 H   0  0  0  0  0  0  0  0  0  0  0  0
  1  2  1  0  0  0  0
  2  3  2  0  0  0  0
  3  4  1  0  0  0  0
  4  5  2  0  0  0  0
  5  6  1  0  0  0  0
  1  6  2  0  0  0  0
  5  7  1  0  0  0  0
  4  8  1  0  0  0  0
  8  9  1  0  0  0  0
  9 10  1  0  0  0  0
 10 11  1  0  0  0  0
  8 12  1  0  0  0  0
 12 13  1  0  0  0  0
 13 14  1  0  0  0  0
  1 15  1  0  0  0  0
 15 16  2  0  0  0  0
 15 17  1  0  0  0  0
  2 18  1  0  0  0  0
  3 19  1  0  0  0  0
  6 20  1  0  0  0  0
  7 21  1  0  0  0  0
  9 22  1  0  0  0  0
  9 23  1  0  0  0  0
 10 24  1  0  0  0  0
 10 25  1  0  0  0  0
 11 26  1  0  0  0  0
 12 27  1  0  0  0  0
 12 28  1  0  0  0  0
 13 29  1  0  0  0  0
 13 30  1  0  0  0  0
 14 31  1  0  0  0  0
M  CHG  2  15   1  17  -1
M  END
$$$$
