 
WItclserve11290013453D 0   0.00000     0.00000cramer
 
 21 22  0  0  0  0  0  0  0  0  1 V2000
    0.5712   -2.5956    0.0013 O   0  0  0  0  0  0  0  0  0  0  0  0
    0.4137   -1.3884    0.0013 C   0  0  0  0  0  0  0  0  0  0  0  0
    1.4753   -0.5534    0.0007 N   0  0  0  0  0  0  0  0  0  0  0  0
    2.8310   -1.1087    0.0000 C   0  0  0  0  0  0  0  0  0  0  0  0
    1.3054    0.7792    0.0002 C   0  0  0  0  0  0  0  0  0  0  0  0
    2.2877    1.4959   -0.0008 O   0  0  0  0  0  0  0  0  0  0  0  0
    0.0870    1.3482    0.0004 N   0  0  0  0  0  0  0  0  0  0  0  0
   -0.0296    2.8086   -0.0001 C   0  0  0  0  0  0  0  0  0  0  0  0
   -1.0515    0.5755    0.0006 C   0  0  0  0  0  0  0  0  0  0  0  0
   -0.9306   -0.8090   -0.0041 C   0  0  0  0  0  0  0  0  0  0  0  0
   -2.1832   -1.3247   -0.0028 N   0  0  0  0  0  0  0  0  0  0  0  0
   -3.0451   -0.3493    0.0023 C   0  0  0  0  0  0  0  0  0  0  0  0
   -2.3837    0.8443    0.0004 N   0  0  0  0  0  0  0  0  0  0  0  0
    2.7777   -2.1974    0.0001 H   0  0  0  0  0  0  0  0  0  0  0  0
    3.3615   -0.7709   -0.8903 H   0  0  0  0  0  0  0  0  0  0  0  0
    3.3625   -0.7708    0.8896 H   0  0  0  0  0  0  0  0  0  0  0  0
    0.9659    3.2526   -0.0006 H   0  0  0  0  0  0  0  0  0  0  0  0
   -0.5710    3.1295   -0.8900 H   0  0  0  0  0  0  0  0  0  0  0  0
   -0.5704    3.1302    0.8899 H   0  0  0  0  0  0  0  0  0  0  0  0
   -4.1187   -0.4666    0.0045 H   0  0  0  0  0  0  0  0  0  0  0  0
   -2.7906    1.7249    0.0036 H   0  0  0  0  0  0  0  0  0  0  0  0
  1  2  2  0  0  0  0
  2  3  1  0  0  0  0
  3  4  1  0  0  0  0
  3  5  1  0  0  0  0
  5  6  2  0  0  0  0
  5  7  1  0  0  0  0
  7  8  1  0  0  0  0
  7  9  1  0  0  0  0
  9 10  2  0  0  0  0
  2 10  1  0  0  0  0
 10 11  1  0  0  0  0
 11 12  2  0  0  0  0
 12 13  1  0  0  0  0
  9 13  1  0  0  0  0
  4 14  1  0  0  0  0
  4 15  1  0  0  0  0
  4 16  1  0  0  0  0
  8 17  1  0  0  0  0
  8 18  1  0  0  0  0
  8 19  1  0  0  0  0
 12 20  1  0  0  0  0
 13 21  1  0  0  0  0
M  END
$$$$
