 
WItclserve11290013443D 0   0.00000     0.00000cramer
 
 14 14  0  0  0  0  0  0  0  0  1 V2000
    0.7245   -1.1478    0.2445 C   0  0  0  0  0  0  0  0  0  0  0  0
   -0.7245   -1.1478   -0.2445 C   0  0  0  0  0  0  0  0  0  0  0  0
   -1.4034    0.0000    0.2665 O   0  0  0  0  0  0  0  0  0  0  0  0
   -0.7245    1.1478   -0.2445 C   0  0  0  0  0  0  0  0  0  0  0  0
    0.7245    1.1478    0.2445 C   0  0  0  0  0  0  0  0  0  0  0  0
    1.4034    0.0000   -0.2665 O   0  0  0  0  0  0  0  0  0  0  0  0
    0.7398   -1.1232    1.3341 H   0  0  0  0  0  0  0  0  0  0  0  0
    1.2252   -2.0509   -0.1046 H   0  0  0  0  0  0  0  0  0  0  0  0
   -0.7398   -1.1232   -1.3341 H   0  0  0  0  0  0  0  0  0  0  0  0
   -1.2252   -2.0509    0.1046 H   0  0  0  0  0  0  0  0  0  0  0  0
   -0.7398    1.1232   -1.3341 H   0  0  0  0  0  0  0  0  0  0  0  0
   -1.2252    2.0509    0.1046 H   0  0  0  0  0  0  0  0  0  0  0  0
    1.2252    2.0509   -0.1046 H   0  0  0  0  0  0  0  0  0  0  0  0
    0.7398    1.1232    1.3341 H   0  0  0  0  0  0  0  0  0  0  0  0
  1  2  1  0  0  0  0
  2  3  1  0  0  0  0
  3  4  1  0  0  0  0
  4  5  1  0  0  0  0
  5  6  1  0  0  0  0
  1  6  1  0  0  0  0
  1  7  1  0  0  0  0
  1  8  1  0  0  0  0
  2  9  1  0  0  0  0
  2 10  1  0  0  0  0
  4 11  1  0  0  0  0
  4 12  1  0  0  0  0
  5 13  1  0  0  0  0
  5 14  1  0  0  0  0
M  END
$$$$
