 
WItclserve11290013443D 0   0.00000     0.00000cramer
 
 17 17  0  0  0  0  0  0  0  0  2 V2000
    3.0918   -0.8584    0.0066 O   0  5  0  0  0  0  0  0  0  0  0  0
    2.3373    0.0978    0.0060 N   0  3  0  0  0  0  0  0  0  0  0  0
    2.7882    1.2292    0.0072 O   0  0  0  0  0  0  0  0  0  0  0  0
    0.8727   -0.1152   -0.0023 C   0  0  0  0  0  0  0  0  0  0  0  0
    0.3628   -1.4003   -0.0094 C   0  0  0  0  0  0  0  0  0  0  0  0
   -1.0047   -1.6055   -0.0172 C   0  0  0  0  0  0  0  0  0  0  0  0
   -1.8680   -0.5224   -0.0174 C   0  0  0  0  0  0  0  0  0  0  0  0
   -3.2132   -0.7228   -0.0246 O   0  0  0  0  0  0  0  0  0  0  0  0
   -1.3550    0.7729   -0.0098 C   0  0  0  0  0  0  0  0  0  0  0  0
   -2.2226    1.8712   -0.0096 N   0  0  0  0  0  0  0  0  0  0  0  0
    0.0180    0.9710    0.0028 C   0  0  0  0  0  0  0  0  0  0  0  0
    1.0343   -2.2462   -0.0092 H   0  0  0  0  0  0  0  0  0  0  0  0
   -1.3998   -2.6107   -0.0234 H   0  0  0  0  0  0  0  0  0  0  0  0
   -3.4941   -0.7673    0.8996 H   0  0  0  0  0  0  0  0  0  0  0  0
   -3.1824    1.7311   -0.0147 H   0  0  0  0  0  0  0  0  0  0  0  0
   -1.8640    2.7725   -0.0043 H   0  0  0  0  0  0  0  0  0  0  0  0
    0.4190    1.9738    0.0087 H   0  0  0  0  0  0  0  0  0  0  0  0
  1  2  1  0  0  0  0
  2  3  2  0  0  0  0
  2  4  1  0  0  0  0
  4  5  1  0  0  0  0
  5  6  2  0  0  0  0
  6  7  1  0  0  0  0
  7  8  1  0  0  0  0
  7  9  2  0  0  0  0
  9 10  1  0  0  0  0
  9 11  1  0  0  0  0
  4 11  2  0  0  0  0
  5 12  1  0  0  0  0
  6 13  1  0  0  0  0
  8 14  1  0  0  0  0
 10 15  1  0  0  0  0
 10 16  1  0  0  0  0
 11 17  1  0  0  0  0
M  CHG  2   1  -1   2   1
M  END
$$$$
