 
WItclserve11290013453D 0   0.00000     0.00000cramer
 
 12 11  0  0  0  0  0  0  0  0  1 V2000
   -0.6913    0.8307    0.2182 C   0  0  0  0  0  0  0  0  0  0  0  0
   -1.0888   -1.0750   -0.0568 Br  0  0  0  0  0  0  0  0  0  0  0  0
    0.5740    1.2047   -0.5564 C   0  0  0  0  0  0  0  0  0  0  0  0
    2.0819    0.1210    0.0892 Br  0  0  0  0  0  0  0  0  0  0  0  0
   -1.8649    1.6741   -0.2842 C   0  0  0  0  0  0  0  0  0  0  0  0
   -3.0467    1.3248    0.4392 O   0  0  0  0  0  0  0  0  0  0  0  0
   -0.5364    1.0199    1.2804 H   0  0  0  0  0  0  0  0  0  0  0  0
    0.4190    1.0155   -1.6186 H   0  0  0  0  0  0  0  0  0  0  0  0
    0.7943    2.2613   -0.4039 H   0  0  0  0  0  0  0  0  0  0  0  0
   -1.6445    2.7306   -0.1317 H   0  0  0  0  0  0  0  0  0  0  0  0
   -2.0198    1.4849   -1.3464 H   0  0  0  0  0  0  0  0  0  0  0  0
   -3.7603    1.8777    0.0926 H   0  0  0  0  0  0  0  0  0  0  0  0
  1  2  1  0  0  0  0
  1  3  1  0  0  0  0
  3  4  1  0  0  0  0
  1  5  1  0  0  0  0
  5  6  1  0  0  0  0
  1  7  1  0  0  0  0
  3  8  1  0  0  0  0
  3  9  1  0  0  0  0
  5 10  1  0  0  0  0
  5 11  1  0  0  0  0
  6 12  1  0  0  0  0
M  END
$$$$
