 
WItclserve11290013453D 0   0.00000     0.00000cramer
 
 13 13  0  0  0  0  0  0  0  0  1 V2000
   -1.2014    0.9311   -0.0085 C   0  0  0  0  0  0  0  0  0  0  0  0
   -2.7057    1.7975   -0.0115 Cl  0  0  0  0  0  0  0  0  0  0  0  0
    0.0000    1.6259   -0.0100 C   0  0  0  0  0  0  0  0  0  0  0  0
    0.0000    2.9856   -0.0138 O   0  0  0  0  0  0  0  0  0  0  0  0
    1.2012    0.9314   -0.0071 C   0  0  0  0  0  0  0  0  0  0  0  0
    2.7054    1.7980   -0.0084 Cl  0  0  0  0  0  0  0  0  0  0  0  0
    1.1994   -0.4525   -0.0027 C   0  0  0  0  0  0  0  0  0  0  0  0
    2.7020   -1.3219    0.0009 Cl  0  0  0  0  0  0  0  0  0  0  0  0
    0.0002   -1.1438   -0.0008 C   0  0  0  0  0  0  0  0  0  0  0  0
    0.0003   -2.8798    0.0052 Cl  0  0  0  0  0  0  0  0  0  0  0  0
   -1.1995   -0.4524    0.0012 C   0  0  0  0  0  0  0  0  0  0  0  0
   -2.7020   -1.3219    0.0036 Cl  0  0  0  0  0  0  0  0  0  0  0  0
   -0.0004    3.2677    0.9111 H   0  0  0  0  0  0  0  0  0  0  0  0
  1  2  1  0  0  0  0
  1  3  1  0  0  0  0
  3  4  1  0  0  0  0
  3  5  2  0  0  0  0
  5  6  1  0  0  0  0
  5  7  1  0  0  0  0
  7  8  1  0  0  0  0
  7  9  2  0  0  0  0
  9 10  1  0  0  0  0
  9 11  1  0  0  0  0
  1 11  2  0  0  0  0
 11 12  1  0  0  0  0
  4 13  1  0  0  0  0
M  END
$$$$
