 
WItclserve11290013443D 0   0.00000     0.00000cramer
 
 12 12  0  0  0  0  0  0  0  0  1 V2000
   -0.2693   -1.1979   -0.0005 C   0  0  0  0  0  0  0  0  0  0  0  0
   -1.6516   -1.1973    0.0001 C   0  0  0  0  0  0  0  0  0  0  0  0
   -2.3425   -0.0002    0.0001 C   0  0  0  0  0  0  0  0  0  0  0  0
   -1.6515    1.1974    0.0001 C   0  0  0  0  0  0  0  0  0  0  0  0
   -0.2696    1.1981    0.0001 C   0  0  0  0  0  0  0  0  0  0  0  0
    0.4226   -0.0001   -0.0004 C   0  0  0  0  0  0  0  0  0  0  0  0
    2.1586    0.0000    0.0001 Cl  0  0  0  0  0  0  0  0  0  0  0  0
    0.2704   -2.1334    0.0036 H   0  0  0  0  0  0  0  0  0  0  0  0
   -2.1919   -2.1325    0.0000 H   0  0  0  0  0  0  0  0  0  0  0  0
   -3.4225   -0.0002   -0.0002 H   0  0  0  0  0  0  0  0  0  0  0  0
   -2.1919    2.1325   -0.0002 H   0  0  0  0  0  0  0  0  0  0  0  0
    0.2701    2.1336   -0.0003 H   0  0  0  0  0  0  0  0  0  0  0  0
  1  2  1  0  0  0  0
  2  3  2  0  0  0  0
  3  4  1  0  0  0  0
  4  5  2  0  0  0  0
  5  6  1  0  0  0  0
  1  6  2  0  0  0  0
  6  7  1  0  0  0  0
  1  8  1  0  0  0  0
  2  9  1  0  0  0  0
  3 10  1  0  0  0  0
  4 11  1  0  0  0  0
  5 12  1  0  0  0  0
M  END
$$$$
