 
WItclserve11290013443D 0   0.00000     0.00000cramer
 
 36 36  0  0  0  0  0  0  0  0  1 V2000
    0.7309   -0.1223    1.0601 O   0  0  0  0  0  0  0  0  0  0  0  0
    1.1044   -0.7352    0.0787 C   0  0  0  0  0  0  0  0  0  0  0  0
    2.3555   -0.5584   -0.3904 N   0  0  0  0  0  0  0  0  0  0  0  0
    3.2653    0.3722    0.2822 C   0  0  0  0  0  0  0  0  0  0  0  0
    4.6110    0.3855   -0.4458 C   0  0  0  0  0  0  0  0  0  0  0  0
    5.5612    1.3574    0.2566 C   0  0  0  0  0  0  0  0  0  0  0  0
    6.9068    1.3708   -0.4713 C   0  0  0  0  0  0  0  0  0  0  0  0
    0.2692   -1.5955   -0.5367 N   0  0  0  0  0  0  0  0  0  0  0  0
   -1.2657   -1.8177    0.0437 S   0  0  0  0  0  0  0  0  0  0  0  0
   -1.9262   -2.6338   -0.9139 O   0  0  0  0  0  0  0  0  0  0  0  0
   -1.1162   -2.1251    1.4230 O   0  0  0  0  0  0  0  0  0  0  0  0
   -2.0816   -0.2570   -0.0132 C   0  0  0  0  0  0  0  0  0  0  0  0
   -2.7857    0.1141   -1.1436 C   0  0  0  0  0  0  0  0  0  0  0  0
   -3.4256    1.3384   -1.1882 C   0  0  0  0  0  0  0  0  0  0  0  0
   -3.3619    2.1917   -0.1023 C   0  0  0  0  0  0  0  0  0  0  0  0
   -4.0592    3.5268   -0.1511 C   0  0  0  0  0  0  0  0  0  0  0  0
   -2.6591    1.8201    1.0283 C   0  0  0  0  0  0  0  0  0  0  0  0
   -2.0222    0.5938    1.0744 C   0  0  0  0  0  0  0  0  0  0  0  0
    2.6535   -1.0474   -1.1733 H   0  0  0  0  0  0  0  0  0  0  0  0
    2.8354    1.3737    0.2694 H   0  0  0  0  0  0  0  0  0  0  0  0
    3.4136    0.0535    1.3140 H   0  0  0  0  0  0  0  0  0  0  0  0
    5.0409   -0.6160   -0.4330 H   0  0  0  0  0  0  0  0  0  0  0  0
    4.4627    0.7042   -1.4776 H   0  0  0  0  0  0  0  0  0  0  0  0
    5.1312    2.3590    0.2439 H   0  0  0  0  0  0  0  0  0  0  0  0
    5.7094    1.0388    1.2884 H   0  0  0  0  0  0  0  0  0  0  0  0
    7.3368    0.3692   -0.4586 H   0  0  0  0  0  0  0  0  0  0  0  0
    6.7586    1.6894   -1.5031 H   0  0  0  0  0  0  0  0  0  0  0  0
    7.5838    2.0632    0.0291 H   0  0  0  0  0  0  0  0  0  0  0  0
    0.5672   -2.0845   -1.3197 H   0  0  0  0  0  0  0  0  0  0  0  0
   -2.8355   -0.5524   -1.9919 H   0  0  0  0  0  0  0  0  0  0  0  0
   -3.9751    1.6286   -2.0715 H   0  0  0  0  0  0  0  0  0  0  0  0
   -5.0768    3.4192    0.2244 H   0  0  0  0  0  0  0  0  0  0  0  0
   -3.5175    4.2425    0.4673 H   0  0  0  0  0  0  0  0  0  0  0  0
   -4.0877    3.8844   -1.1804 H   0  0  0  0  0  0  0  0  0  0  0  0
   -2.6096    2.4865    1.8767 H   0  0  0  0  0  0  0  0  0  0  0  0
   -1.4731    0.3035    1.9579 H   0  0  0  0  0  0  0  0  0  0  0  0
  1  2  2  0  0  0  0
  2  3  1  0  0  0  0
  3  4  1  0  0  0  0
  4  5  1  0  0  0  0
  5  6  1  0  0  0  0
  6  7  1  0  0  0  0
  2  8  1  0  0  0  0
  8  9  1  0  0  0  0
  9 10  2  0  0  0  0
  9 11  2  0  0  0  0
  9 12  1  0  0  0  0
 12 13  1  0  0  0  0
 13 14  2  0  0  0  0
 14 15  1  0  0  0  0
 15 16  1  0  0  0  0
 15 17  2  0  0  0  0
 17 18  1  0  0  0  0
 12 18  2  0  0  0  0
  3 19  1  0  0  0  0
  4 20  1  0  0  0  0
  4 21  1  0  0  0  0
  5 22  1  0  0  0  0
  5 23  1  0  0  0  0
  6 24  1  0  0  0  0
  6 25  1  0  0  0  0
  7 26  1  0  0  0  0
  7 27  1  0  0  0  0
  7 28  1  0  0  0  0
  8 29  1  0  0  0  0
 13 30  1  0  0  0  0
 14 31  1  0  0  0  0
 16 32  1  0  0  0  0
 16 33  1  0  0  0  0
 16 34  1  0  0  0  0
 17 35  1  0  0  0  0
 18 36  1  0  0  0  0
M  END
$$$$
