 
WItclserve11290013443D 0   0.00000     0.00000cramer
 
 21 21  0  0  0  0  0  0  0  0  1 V2000
    2.0011   -0.1060   -0.0646 C   0  0  0  0  0  0  0  0  0  0  0  0
    2.9505   -1.0415   -0.2641 N   0  0  0  0  0  0  0  0  0  0  0  0
    2.4409    1.5418    0.0846 S   0  0  0  0  0  0  0  0  0  0  0  0
    0.5789   -0.5021    0.0192 C   0  0  0  0  0  0  0  0  0  0  0  0
    0.1970   -1.8426   -0.1058 C   0  0  0  0  0  0  0  0  0  0  0  0
   -1.1421   -2.1677   -0.0206 C   0  0  0  0  0  0  0  0  0  0  0  0
   -2.0541   -1.2357    0.1750 N   0  0  0  0  0  0  0  0  0  0  0  0
   -1.7380    0.0382    0.2981 C   0  0  0  0  0  0  0  0  0  0  0  0
   -2.8268    1.0561    0.5202 C   0  0  0  0  0  0  0  0  0  0  0  0
   -3.3269    1.5711   -0.8309 C   0  0  0  0  0  0  0  0  0  0  0  0
   -0.4220    0.4521    0.2316 C   0  0  0  0  0  0  0  0  0  0  0  0
    2.7013   -1.9751   -0.3486 H   0  0  0  0  0  0  0  0  0  0  0  0
    3.8831   -0.7812   -0.3231 H   0  0  0  0  0  0  0  0  0  0  0  0
    0.9385   -2.6112   -0.2668 H   0  0  0  0  0  0  0  0  0  0  0  0
   -1.4468   -3.1994   -0.1158 H   0  0  0  0  0  0  0  0  0  0  0  0
   -3.6524    0.5930    1.0607 H   0  0  0  0  0  0  0  0  0  0  0  0
   -2.4326    1.8886    1.1030 H   0  0  0  0  0  0  0  0  0  0  0  0
   -2.5014    2.0342   -1.3714 H   0  0  0  0  0  0  0  0  0  0  0  0
   -3.7212    0.7386   -1.4137 H   0  0  0  0  0  0  0  0  0  0  0  0
   -4.1145    2.3073   -0.6702 H   0  0  0  0  0  0  0  0  0  0  0  0
   -0.1702    1.4974    0.3336 H   0  0  0  0  0  0  0  0  0  0  0  0
  1  2  1  0  0  0  0
  1  3  2  0  0  0  0
  1  4  1  0  0  0  0
  4  5  1  0  0  0  0
  5  6  2  0  0  0  0
  6  7  1  0  0  0  0
  7  8  2  0  0  0  0
  8  9  1  0  0  0  0
  9 10  1  0  0  0  0
  8 11  1  0  0  0  0
  4 11  2  0  0  0  0
  2 12  1  0  0  0  0
  2 13  1  0  0  0  0
  5 14  1  0  0  0  0
  6 15  1  0  0  0  0
  9 16  1  0  0  0  0
  9 17  1  0  0  0  0
 10 18  1  0  0  0  0
 10 19  1  0  0  0  0
 10 20  1  0  0  0  0
 11 21  1  0  0  0  0
M  END
$$$$
