 
WItclserve11290013443D 0   0.00000     0.00000cramer
 
 15 16  0  0  0  0  0  0  0  0  1 V2000
   -2.6132    0.6913    0.0005 C   0  0  0  0  0  0  0  0  0  0  0  0
   -2.6132   -0.6913    0.0000 C   0  0  0  0  0  0  0  0  0  0  0  0
   -1.4190   -1.3941   -0.0002 C   0  0  0  0  0  0  0  0  0  0  0  0
   -0.2159   -0.7050   -0.0004 C   0  0  0  0  0  0  0  0  0  0  0  0
    1.2040   -1.1106    0.0001 C   0  0  0  0  0  0  0  0  0  0  0  0
    1.6148   -2.2530   -0.0001 O   0  0  0  0  0  0  0  0  0  0  0  0
    1.9676    0.0000    0.0004 O   0  0  0  0  0  0  0  0  0  0  0  0
    1.2040    1.1106    0.0001 C   0  0  0  0  0  0  0  0  0  0  0  0
    1.6147    2.2530   -0.0003 O   0  0  0  0  0  0  0  0  0  0  0  0
   -0.2159    0.7050   -0.0004 C   0  0  0  0  0  0  0  0  0  0  0  0
   -1.4190    1.3941    0.0003 C   0  0  0  0  0  0  0  0  0  0  0  0
   -3.5508    1.2274   -0.0035 H   0  0  0  0  0  0  0  0  0  0  0  0
   -3.5508   -1.2274    0.0002 H   0  0  0  0  0  0  0  0  0  0  0  0
   -1.4254   -2.4741    0.0002 H   0  0  0  0  0  0  0  0  0  0  0  0
   -1.4254    2.4741    0.0010 H   0  0  0  0  0  0  0  0  0  0  0  0
  1  2  1  0  0  0  0
  2  3  2  0  0  0  0
  3  4  1  0  0  0  0
  4  5  1  0  0  0  0
  5  6  2  0  0  0  0
  5  7  1  0  0  0  0
  7  8  1  0  0  0  0
  8  9  2  0  0  0  0
  8 10  1  0  0  0  0
  4 10  2  0  0  0  0
 10 11  1  0  0  0  0
  1 11  2  0  0  0  0
  1 12  1  0  0  0  0
  2 13  1  0  0  0  0
  3 14  1  0  0  0  0
 11 15  1  0  0  0  0
M  END
$$$$
