 
WItclserve11290013453D 0   0.00000     0.00000cramer
 
 26 26  0  0  0  0  0  0  0  0  1 V2000
   -1.8523   -0.7422   -0.4151 C   0  0  0  0  0  0  0  0  0  0  0  0
   -3.2547   -1.3450   -0.5186 C   0  0  0  0  0  0  0  0  0  0  0  0
   -1.9484    0.6818   -0.3426 O   0  0  0  0  0  0  0  0  0  0  0  0
   -0.6180    1.1899   -0.2647 C   0  0  0  0  0  0  0  0  0  0  0  0
   -0.6456    2.7101   -0.4353 C   0  0  0  0  0  0  0  0  0  0  0  0
   -0.0384    0.8668    0.9977 O   0  0  0  0  0  0  0  0  0  0  0  0
    0.1813   -0.5452    1.0118 C   0  0  0  0  0  0  0  0  0  0  0  0
   -1.1628   -1.2631    0.8502 C   0  0  0  0  0  0  0  0  0  0  0  0
    1.0616   -0.9106   -0.0835 O   0  0  0  0  0  0  0  0  0  0  0  0
    2.2977   -0.3918   -0.1528 C   0  0  0  0  0  0  0  0  0  0  0  0
    3.2114   -0.7710   -1.2896 C   0  0  0  0  0  0  0  0  0  0  0  0
    2.6777    0.3793    0.6963 O   0  0  0  0  0  0  0  0  0  0  0  0
   -1.2689   -1.0239   -1.2917 H   0  0  0  0  0  0  0  0  0  0  0  0
   -3.7468   -0.9685   -1.4153 H   0  0  0  0  0  0  0  0  0  0  0  0
   -3.1802   -2.4311   -0.5738 H   0  0  0  0  0  0  0  0  0  0  0  0
   -3.8363   -1.0650    0.3598 H   0  0  0  0  0  0  0  0  0  0  0  0
   -0.0161    0.7484   -1.0590 H   0  0  0  0  0  0  0  0  0  0  0  0
    0.3703    3.1008   -0.3762 H   0  0  0  0  0  0  0  0  0  0  0  0
   -1.0746    2.9590   -1.4059 H   0  0  0  0  0  0  0  0  0  0  0  0
   -1.2519    3.1534    0.3545 H   0  0  0  0  0  0  0  0  0  0  0  0
    0.6370   -0.8337    1.9590 H   0  0  0  0  0  0  0  0  0  0  0  0
   -1.7911   -1.0617    1.7178 H   0  0  0  0  0  0  0  0  0  0  0  0
   -0.9951   -2.3363    0.7594 H   0  0  0  0  0  0  0  0  0  0  0  0
    3.3782   -1.8481   -1.2779 H   0  0  0  0  0  0  0  0  0  0  0  0
    2.7522   -0.4847   -2.2358 H   0  0  0  0  0  0  0  0  0  0  0  0
    4.1647   -0.2545   -1.1773 H   0  0  0  0  0  0  0  0  0  0  0  0
  1  2  1  0  0  0  0
  1  3  1  0  0  0  0
  3  4  1  0  0  0  0
  4  5  1  0  0  0  0
  4  6  1  0  0  0  0
  6  7  1  0  0  0  0
  7  8  1  0  0  0  0
  1  8  1  0  0  0  0
  7  9  1  0  0  0  0
  9 10  1  0  0  0  0
 10 11  1  0  0  0  0
 10 12  2  0  0  0  0
  1 13  1  0  0  0  0
  2 14  1  0  0  0  0
  2 15  1  0  0  0  0
  2 16  1  0  0  0  0
  4 17  1  0  0  0  0
  5 18  1  0  0  0  0
  5 19  1  0  0  0  0
  5 20  1  0  0  0  0
  7 21  1  0  0  0  0
  8 22  1  0  0  0  0
  8 23  1  0  0  0  0
 11 24  1  0  0  0  0
 11 25  1  0  0  0  0
 11 26  1  0  0  0  0
M  END
$$$$
