 
WItclserve11290013453D 0   0.00000     0.00000cramer
 
 18 18  0  0  0  0  0  0  0  0  1 V2000
   -0.8106   -0.6435    0.3602 C   0  0  0  0  0  0  0  0  0  0  0  0
   -1.9966   -0.0542    0.0253 C   0  0  0  0  0  0  0  0  0  0  0  0
   -3.2283   -0.7531    0.2371 C   0  0  0  0  0  0  0  0  0  0  0  0
   -4.2055   -1.3075    0.4051 N   0  0  0  0  0  0  0  0  0  0  0  0
   -2.0080    1.2626   -0.5374 C   0  0  0  0  0  0  0  0  0  0  0  0
   -2.0171    2.3071   -0.9839 N   0  0  0  0  0  0  0  0  0  0  0  0
    0.4362    0.1258    0.2899 C   0  0  0  0  0  0  0  0  0  0  0  0
    0.4269    1.5063    0.5283 C   0  0  0  0  0  0  0  0  0  0  0  0
    1.6027    2.2212    0.4602 C   0  0  0  0  0  0  0  0  0  0  0  0
    2.7922    1.5799    0.1567 C   0  0  0  0  0  0  0  0  0  0  0  0
    2.8122    0.2171   -0.0808 C   0  0  0  0  0  0  0  0  0  0  0  0
    1.6452   -0.5167   -0.0104 C   0  0  0  0  0  0  0  0  0  0  0  0
    1.6722   -2.2267   -0.3087 Cl  0  0  0  0  0  0  0  0  0  0  0  0
   -0.7916   -1.6746    0.6809 H   0  0  0  0  0  0  0  0  0  0  0  0
   -0.4995    2.0088    0.7644 H   0  0  0  0  0  0  0  0  0  0  0  0
    1.5967    3.2855    0.6438 H   0  0  0  0  0  0  0  0  0  0  0  0
    3.7097    2.1472    0.1048 H   0  0  0  0  0  0  0  0  0  0  0  0
    3.7442   -0.2747   -0.3175 H   0  0  0  0  0  0  0  0  0  0  0  0
  1  2  2  0  0  0  0
  2  3  1  0  0  0  0
  3  4  3  0  0  0  0
  2  5  1  0  0  0  0
  5  6  3  0  0  0  0
  1  7  1  0  0  0  0
  7  8  1  0  0  0  0
  8  9  2  0  0  0  0
  9 10  1  0  0  0  0
 10 11  2  0  0  0  0
 11 12  1  0  0  0  0
  7 12  2  0  0  0  0
 12 13  1  0  0  0  0
  1 14  1  0  0  0  0
  8 15  1  0  0  0  0
  9 16  1  0  0  0  0
 10 17  1  0  0  0  0
 11 18  1  0  0  0  0
M  END
$$$$
