 
WItclserve11290013443D 0   0.00000     0.00000cramer
 
 17 17  0  0  0  0  0  0  0  0  1 V2000
   -0.7228   -1.3661   -0.0006 C   0  0  0  0  0  0  0  0  0  0  0  0
   -1.9012   -0.6456   -0.0001 C   0  0  0  0  0  0  0  0  0  0  0  0
   -1.8682    0.7367    0.0003 C   0  0  0  0  0  0  0  0  0  0  0  0
   -0.6560    1.4026    0.0002 C   0  0  0  0  0  0  0  0  0  0  0  0
    0.5258    0.6885    0.0002 C   0  0  0  0  0  0  0  0  0  0  0  0
    1.8462    1.4149   -0.0003 C   0  0  0  0  0  0  0  0  0  0  0  0
    0.4963   -0.7005   -0.0002 C   0  0  0  0  0  0  0  0  0  0  0  0
    1.6898   -1.4260    0.0003 N   0  0  0  0  0  0  0  0  0  0  0  0
   -0.7493   -2.4458    0.0032 H   0  0  0  0  0  0  0  0  0  0  0  0
   -2.8495   -1.1625   -0.0005 H   0  0  0  0  0  0  0  0  0  0  0  0
   -2.7911    1.2976    0.0002 H   0  0  0  0  0  0  0  0  0  0  0  0
   -0.6337    2.4824   -0.0002 H   0  0  0  0  0  0  0  0  0  0  0  0
    2.1647    1.5904    1.0272 H   0  0  0  0  0  0  0  0  0  0  0  0
    2.5934    0.8101   -0.5141 H   0  0  0  0  0  0  0  0  0  0  0  0
    1.7354    2.3696   -0.5145 H   0  0  0  0  0  0  0  0  0  0  0  0
    1.6679   -2.3958    0.0000 H   0  0  0  0  0  0  0  0  0  0  0  0
    2.5406   -0.9601    0.0009 H   0  0  0  0  0  0  0  0  0  0  0  0
  1  2  1  0  0  0  0
  2  3  2  0  0  0  0
  3  4  1  0  0  0  0
  4  5  2  0  0  0  0
  5  6  1  0  0  0  0
  5  7  1  0  0  0  0
  1  7  2  0  0  0  0
  7  8  1  0  0  0  0
  1  9  1  0  0  0  0
  2 10  1  0  0  0  0
  3 11  1  0  0  0  0
  4 12  1  0  0  0  0
  6 13  1  0  0  0  0
  6 14  1  0  0  0  0
  6 15  1  0  0  0  0
  8 16  1  0  0  0  0
  8 17  1  0  0  0  0
M  END
$$$$
