 
WItclserve11290013443D 0   0.00000     0.00000cramer
 
 14 14  0  0  0  0  0  0  0  0  1 V2000
   -2.4892    0.0001    0.4682 Cl  0  0  0  0  0  0  0  0  0  0  0  0
   -1.3784   -0.0028   -0.9520 C   0  0  0  0  0  0  0  0  0  0  0  0
    0.0502   -0.0144   -0.4723 C   0  0  0  0  0  0  0  0  0  0  0  0
    0.7074   -1.2157   -0.2529 C   0  0  0  0  0  0  0  0  0  0  0  0
    2.0210   -1.1780    0.1882 C   0  0  0  0  0  0  0  0  0  0  0  0
    2.6278    0.0469    0.3933 C   0  0  0  0  0  0  0  0  0  0  0  0
    1.9720    1.1695    0.1743 N   0  0  0  0  0  0  0  0  0  0  0  0
    0.7235    1.1717   -0.2510 C   0  0  0  0  0  0  0  0  0  0  0  0
   -1.5655   -0.8894   -1.5577 H   0  0  0  0  0  0  0  0  0  0  0  0
   -1.5531    0.8905   -1.5517 H   0  0  0  0  0  0  0  0  0  0  0  0
    0.2075   -2.1581   -0.4214 H   0  0  0  0  0  0  0  0  0  0  0  0
    2.5634   -2.0942    0.3697 H   0  0  0  0  0  0  0  0  0  0  0  0
    3.6509    0.0848    0.7373 H   0  0  0  0  0  0  0  0  0  0  0  0
    0.2188    2.1115   -0.4197 H   0  0  0  0  0  0  0  0  0  0  0  0
  1  2  1  0  0  0  0
  2  3  1  0  0  0  0
  3  4  1  0  0  0  0
  4  5  2  0  0  0  0
  5  6  1  0  0  0  0
  6  7  2  0  0  0  0
  7  8  1  0  0  0  0
  3  8  2  0  0  0  0
  2  9  1  0  0  0  0
  2 10  1  0  0  0  0
  4 11  1  0  0  0  0
  5 12  1  0  0  0  0
  6 13  1  0  0  0  0
  8 14  1  0  0  0  0
M  END
$$$$
