 
WItclserve11290013443D 0   0.00000     0.00000cramer
 
 14 14  0  0  0  0  0  0  0  0  1 V2000
    0.2271   -1.2020   -0.0003 C   0  0  0  0  0  0  0  0  0  0  0  0
   -1.1542   -1.1985   -0.0001 C   0  0  0  0  0  0  0  0  0  0  0  0
   -1.8440   -0.0002    0.0001 C   0  0  0  0  0  0  0  0  0  0  0  0
   -1.1540    1.1985    0.0000 C   0  0  0  0  0  0  0  0  0  0  0  0
    0.2268    1.2022    0.0002 C   0  0  0  0  0  0  0  0  0  0  0  0
    0.9231   -0.0001    0.0001 C   0  0  0  0  0  0  0  0  0  0  0  0
    2.3198    0.0000   -0.0001 N   0  0  0  0  0  0  0  0  0  0  0  0
    0.7653   -2.1384    0.0038 H   0  0  0  0  0  0  0  0  0  0  0  0
   -1.6960   -2.1327   -0.0004 H   0  0  0  0  0  0  0  0  0  0  0  0
   -2.9240   -0.0002   -0.0001 H   0  0  0  0  0  0  0  0  0  0  0  0
   -1.6959    2.1328   -0.0006 H   0  0  0  0  0  0  0  0  0  0  0  0
    0.7649    2.1386    0.0005 H   0  0  0  0  0  0  0  0  0  0  0  0
    2.8048   -0.8400   -0.0002 H   0  0  0  0  0  0  0  0  0  0  0  0
    2.8048    0.8400   -0.0002 H   0  0  0  0  0  0  0  0  0  0  0  0
  1  2  1  0  0  0  0
  2  3  2  0  0  0  0
  3  4  1  0  0  0  0
  4  5  2  0  0  0  0
  5  6  1  0  0  0  0
  1  6  2  0  0  0  0
  6  7  1  0  0  0  0
  1  8  1  0  0  0  0
  2  9  1  0  0  0  0
  3 10  1  0  0  0  0
  4 11  1  0  0  0  0
  5 12  1  0  0  0  0
  7 13  1  0  0  0  0
  7 14  1  0  0  0  0
M  END
$$$$
