 
WItclserve11290013443D 0   0.00000     0.00000cramer
 
 14 14  0  0  0  0  0  0  0  0  1 V2000
   -1.3610    0.0015   -0.9493 C   0  0  0  0  0  0  0  0  0  0  0  0
   -2.4748    0.0001    0.4686 Cl  0  0  0  0  0  0  0  0  0  0  0  0
    0.0666    0.0002   -0.4667 C   0  0  0  0  0  0  0  0  0  0  0  0
    0.7132   -1.2021   -0.2495 C   0  0  0  0  0  0  0  0  0  0  0  0
    2.0266   -1.1922    0.1940 C   0  0  0  0  0  0  0  0  0  0  0  0
    2.6433    0.0320    0.4035 C   0  0  0  0  0  0  0  0  0  0  0  0
    1.9333    1.1932    0.1648 C   0  0  0  0  0  0  0  0  0  0  0  0
    0.6862    1.1459   -0.2617 N   0  0  0  0  0  0  0  0  0  0  0  0
   -1.5411   -0.8876   -1.5536 H   0  0  0  0  0  0  0  0  0  0  0  0
   -1.5403    0.8923   -1.5512 H   0  0  0  0  0  0  0  0  0  0  0  0
    0.2016   -2.1373   -0.4228 H   0  0  0  0  0  0  0  0  0  0  0  0
    2.5568   -2.1160    0.3725 H   0  0  0  0  0  0  0  0  0  0  0  0
    3.6655    0.0774    0.7491 H   0  0  0  0  0  0  0  0  0  0  0  0
    2.4064    2.1507    0.3256 H   0  0  0  0  0  0  0  0  0  0  0  0
  1  2  1  0  0  0  0
  1  3  1  0  0  0  0
  3  4  1  0  0  0  0
  4  5  2  0  0  0  0
  5  6  1  0  0  0  0
  6  7  2  0  0  0  0
  7  8  1  0  0  0  0
  3  8  2  0  0  0  0
  1  9  1  0  0  0  0
  1 10  1  0  0  0  0
  4 11  1  0  0  0  0
  5 12  1  0  0  0  0
  6 13  1  0  0  0  0
  7 14  1  0  0  0  0
M  END
$$$$
