 
WItclserve11290013443D 0   0.00000     0.00000cramer
 
 12 12  0  0  0  0  0  0  0  0  1 V2000
   -1.2739   -1.3831   -0.0005 C   0  0  0  0  0  0  0  0  0  0  0  0
   -2.4707   -0.6911   -0.0001 C   0  0  0  0  0  0  0  0  0  0  0  0
   -2.4707    0.6911    0.0002 C   0  0  0  0  0  0  0  0  0  0  0  0
   -1.2739    1.3832    0.0002 C   0  0  0  0  0  0  0  0  0  0  0  0
   -0.0757    0.6924   -0.0001 C   0  0  0  0  0  0  0  0  0  0  0  0
    1.4274    1.5609   -0.0001 Cl  0  0  0  0  0  0  0  0  0  0  0  0
   -0.0757   -0.6924    0.0000 C   0  0  0  0  0  0  0  0  0  0  0  0
    1.4274   -1.5609    0.0001 Cl  0  0  0  0  0  0  0  0  0  0  0  0
   -1.2747   -2.4631    0.0034 H   0  0  0  0  0  0  0  0  0  0  0  0
   -3.4062   -1.2308   -0.0005 H   0  0  0  0  0  0  0  0  0  0  0  0
   -3.4062    1.2308    0.0001 H   0  0  0  0  0  0  0  0  0  0  0  0
   -1.2747    2.4631    0.0001 H   0  0  0  0  0  0  0  0  0  0  0  0
  1  2  1  0  0  0  0
  2  3  2  0  0  0  0
  3  4  1  0  0  0  0
  4  5  2  0  0  0  0
  5  6  1  0  0  0  0
  5  7  1  0  0  0  0
  1  7  2  0  0  0  0
  7  8  1  0  0  0  0
  1  9  1  0  0  0  0
  2 10  1  0  0  0  0
  3 11  1  0  0  0  0
  4 12  1  0  0  0  0
M  END
$$$$
