 
WItclserve11290013443D 0   0.00000     0.00000cramer
 
 20 20  0  0  0  0  0  0  0  0  1 V2000
    0.0005    2.0808    0.0021 N   0  0  0  0  0  0  0  0  0  0  0  0
    0.0002    0.6841    0.0017 C   0  0  0  0  0  0  0  0  0  0  0  0
   -1.2022   -0.0119    0.0001 C   0  0  0  0  0  0  0  0  0  0  0  0
   -2.5086    0.7392   -0.0012 C   0  0  0  0  0  0  0  0  0  0  0  0
   -1.1988   -1.3927   -0.0007 C   0  0  0  0  0  0  0  0  0  0  0  0
   -0.0002   -2.0829    0.0005 C   0  0  0  0  0  0  0  0  0  0  0  0
    1.1982   -1.3934    0.0021 C   0  0  0  0  0  0  0  0  0  0  0  0
    1.2020   -0.0121   -0.0028 C   0  0  0  0  0  0  0  0  0  0  0  0
    2.5087    0.7386   -0.0016 C   0  0  0  0  0  0  0  0  0  0  0  0
    0.8406    2.5657    0.0032 H   0  0  0  0  0  0  0  0  0  0  0  0
   -0.8395    2.5660   -0.0029 H   0  0  0  0  0  0  0  0  0  0  0  0
   -2.8224    0.9206   -1.0292 H   0  0  0  0  0  0  0  0  0  0  0  0
   -3.2678    0.1487    0.5116 H   0  0  0  0  0  0  0  0  0  0  0  0
   -2.3806    1.6918    0.5130 H   0  0  0  0  0  0  0  0  0  0  0  0
   -2.1331   -1.9344   -0.0019 H   0  0  0  0  0  0  0  0  0  0  0  0
   -0.0004   -3.1629    0.0006 H   0  0  0  0  0  0  0  0  0  0  0  0
    2.1323   -1.9354    0.0031 H   0  0  0  0  0  0  0  0  0  0  0  0
    2.8269    0.9159   -1.0290 H   0  0  0  0  0  0  0  0  0  0  0  0
    2.3789    1.6931    0.5084 H   0  0  0  0  0  0  0  0  0  0  0  0
    3.2656    0.1498    0.5166 H   0  0  0  0  0  0  0  0  0  0  0  0
  1  2  1  0  0  0  0
  2  3  1  0  0  0  0
  3  4  1  0  0  0  0
  3  5  2  0  0  0  0
  5  6  1  0  0  0  0
  6  7  2  0  0  0  0
  7  8  1  0  0  0  0
  2  8  2  0  0  0  0
  8  9  1  0  0  0  0
  1 10  1  0  0  0  0
  1 11  1  0  0  0  0
  4 12  1  0  0  0  0
  4 13  1  0  0  0  0
  4 14  1  0  0  0  0
  5 15  1  0  0  0  0
  6 16  1  0  0  0  0
  7 17  1  0  0  0  0
  9 18  1  0  0  0  0
  9 19  1  0  0  0  0
  9 20  1  0  0  0  0
M  END
$$$$
