 
WItclserve11290013453D 0   0.00000     0.00000cramer
 
 16 16  0  0  0  0  0  0  0  0  1 V2000
   -1.1983   -0.7576   -0.1310 C   0  0  0  0  0  0  0  0  0  0  0  0
   -2.6989   -1.6285   -0.1904 Cl  0  0  0  0  0  0  0  0  0  0  0  0
   -1.2024    0.6229   -0.0346 C   0  0  0  0  0  0  0  0  0  0  0  0
   -2.7087    1.4838    0.0265 Cl  0  0  0  0  0  0  0  0  0  0  0  0
   -0.0061    1.3177    0.0137 C   0  0  0  0  0  0  0  0  0  0  0  0
   -0.0136    3.0494    0.1359 Cl  0  0  0  0  0  0  0  0  0  0  0  0
    1.1965    0.6331   -0.0348 C   0  0  0  0  0  0  0  0  0  0  0  0
    2.6953    1.5069    0.0260 Cl  0  0  0  0  0  0  0  0  0  0  0  0
    1.2042   -0.7470   -0.1312 C   0  0  0  0  0  0  0  0  0  0  0  0
    2.7122   -1.6050   -0.1909 Cl  0  0  0  0  0  0  0  0  0  0  0  0
    0.0058   -1.4456   -0.1745 C   0  0  0  0  0  0  0  0  0  0  0  0
    0.0116   -2.8020   -0.2693 O   0  0  0  0  0  0  0  0  0  0  0  0
    0.0197   -3.3093    1.0666 C   0  0  0  0  0  0  0  0  0  0  0  0
    0.9103   -2.9539    1.5849 H   0  0  0  0  0  0  0  0  0  0  0  0
   -0.8697   -2.9621    1.5926 H   0  0  0  0  0  0  0  0  0  0  0  0
    0.0246   -4.3990    1.0414 H   0  0  0  0  0  0  0  0  0  0  0  0
  1  2  1  0  0  0  0
  1  3  1  0  0  0  0
  3  4  1  0  0  0  0
  3  5  2  0  0  0  0
  5  6  1  0  0  0  0
  5  7  1  0  0  0  0
  7  8  1  0  0  0  0
  7  9  2  0  0  0  0
  9 10  1  0  0  0  0
  9 11  1  0  0  0  0
  1 11  2  0  0  0  0
 11 12  1  0  0  0  0
 12 13  1  0  0  0  0
 13 14  1  0  0  0  0
 13 15  1  0  0  0  0
 13 16  1  0  0  0  0
M  END
$$$$
