 
WItclserve11290013443D 0   0.00000     0.00000cramer
 
 45 46  0  0  0  0  0  0  0  0  1 V2000
   -4.0120    0.4491    0.1909 C   0  0  0  0  0  0  0  0  0  0  0  0
   -4.0320   -0.9342    0.0647 C   0  0  0  0  0  0  0  0  0  0  0  0
   -5.2197   -1.5910    0.0639 O   0  0  0  0  0  0  0  0  0  0  0  0
   -2.8502   -1.6521   -0.0611 C   0  0  0  0  0  0  0  0  0  0  0  0
   -1.6321   -0.9865   -0.0561 C   0  0  0  0  0  0  0  0  0  0  0  0
   -0.3597   -1.7149   -0.1829 C   0  0  0  0  0  0  0  0  0  0  0  0
   -0.3054   -3.0296   -0.3145 C   0  0  0  0  0  0  0  0  0  0  0  0
    1.0423   -3.7012   -0.4361 C   0  0  0  0  0  0  0  0  0  0  0  0
    2.0840   -2.8760    0.3234 C   0  0  0  0  0  0  0  0  0  0  0  0
    2.7733   -1.9098   -0.6409 C   0  0  0  0  0  0  0  0  0  0  0  0
    3.6912   -0.9928    0.1254 C   0  0  0  0  0  0  0  0  0  0  0  0
    4.2586   -1.3926    1.1136 O   0  0  0  0  0  0  0  0  0  0  0  0
    3.9004    0.4246   -0.3440 C   0  0  0  0  0  0  0  0  0  0  0  0
    2.9425    1.3539    0.4045 C   0  0  0  0  0  0  0  0  0  0  0  0
    2.0751    2.1203   -0.5949 C   0  0  0  0  0  0  0  0  0  0  0  0
    1.1191    3.0503    0.1579 C   0  0  0  0  0  0  0  0  0  0  0  0
    1.0474    4.4010   -0.5574 C   0  0  0  0  0  0  0  0  0  0  0  0
   -0.2031    2.4392    0.1820 O   0  0  0  0  0  0  0  0  0  0  0  0
   -0.3073    1.1038    0.0643 C   0  0  0  0  0  0  0  0  0  0  0  0
    0.7063    0.4425   -0.0510 O   0  0  0  0  0  0  0  0  0  0  0  0
   -1.6043    0.4194    0.0709 C   0  0  0  0  0  0  0  0  0  0  0  0
   -2.8053    1.1297    0.1958 C   0  0  0  0  0  0  0  0  0  0  0  0
   -2.7867    2.4803    0.3205 O   0  0  0  0  0  0  0  0  0  0  0  0
   -4.9393    0.9954    0.2809 H   0  0  0  0  0  0  0  0  0  0  0  0
   -5.5105   -1.6416   -0.8570 H   0  0  0  0  0  0  0  0  0  0  0  0
   -2.8786   -2.7270   -0.1624 H   0  0  0  0  0  0  0  0  0  0  0  0
    0.5638   -1.1551   -0.1684 H   0  0  0  0  0  0  0  0  0  0  0  0
   -1.2125   -3.6155   -0.3344 H   0  0  0  0  0  0  0  0  0  0  0  0
    0.9899   -4.7031   -0.0100 H   0  0  0  0  0  0  0  0  0  0  0  0
    1.3240   -3.7654   -1.4871 H   0  0  0  0  0  0  0  0  0  0  0  0
    1.5923   -2.3101    1.1147 H   0  0  0  0  0  0  0  0  0  0  0  0
    2.8264   -3.5429    0.7617 H   0  0  0  0  0  0  0  0  0  0  0  0
    3.3529   -2.4768   -1.3694 H   0  0  0  0  0  0  0  0  0  0  0  0
    2.0202   -1.3173   -1.1604 H   0  0  0  0  0  0  0  0  0  0  0  0
    4.9290    0.7255   -0.1447 H   0  0  0  0  0  0  0  0  0  0  0  0
    3.7043    0.4858   -1.4144 H   0  0  0  0  0  0  0  0  0  0  0  0
    2.3033    0.7631    1.0604 H   0  0  0  0  0  0  0  0  0  0  0  0
    3.5174    2.0614    1.0021 H   0  0  0  0  0  0  0  0  0  0  0  0
    2.7140    2.7111   -1.2513 H   0  0  0  0  0  0  0  0  0  0  0  0
    1.4985    1.4133   -1.1915 H   0  0  0  0  0  0  0  0  0  0  0  0
    1.4765    3.1949    1.1774 H   0  0  0  0  0  0  0  0  0  0  0  0
    0.3665    5.0610   -0.0199 H   0  0  0  0  0  0  0  0  0  0  0  0
    2.0404    4.8495   -0.5872 H   0  0  0  0  0  0  0  0  0  0  0  0
    0.6841    4.2546   -1.5746 H   0  0  0  0  0  0  0  0  0  0  0  0
   -2.8279    2.8443   -0.5744 H   0  0  0  0  0  0  0  0  0  0  0  0
  1  2  1  0  0  0  0
  2  3  1  0  0  0  0
  2  4  2  0  0  0  0
  4  5  1  0  0  0  0
  5  6  1  0  0  0  0
  6  7  2  0  0  0  0
  7  8  1  0  0  0  0
  8  9  1  0  0  0  0
  9 10  1  0  0  0  0
 10 11  1  0  0  0  0
 11 12  2  0  0  0  0
 11 13  1  0  0  0  0
 13 14  1  0  0  0  0
 14 15  1  0  0  0  0
 15 16  1  0  0  0  0
 16 17  1  0  0  0  0
 16 18  1  0  0  0  0
 18 19  1  0  0  0  0
 19 20  2  0  0  0  0
 19 21  1  0  0  0  0
  5 21  2  0  0  0  0
 21 22  1  0  0  0  0
  1 22  2  0  0  0  0
 22 23  1  0  0  0  0
  1 24  1  0  0  0  0
  3 25  1  0  0  0  0
  4 26  1  0  0  0  0
  6 27  1  0  0  0  0
  7 28  1  0  0  0  0
  8 29  1  0  0  0  0
  8 30  1  0  0  0  0
  9 31  1  0  0  0  0
  9 32  1  0  0  0  0
 10 33  1  0  0  0  0
 10 34  1  0  0  0  0
 13 35  1  0  0  0  0
 13 36  1  0  0  0  0
 14 37  1  0  0  0  0
 14 38  1  0  0  0  0
 15 39  1  0  0  0  0
 15 40  1  0  0  0  0
 16 41  1  0  0  0  0
 17 42  1  0  0  0  0
 17 43  1  0  0  0  0
 17 44  1  0  0  0  0
 23 45  1  0  0  0  0
M  END
$$$$
