 
WItclserve11290013453D 0   0.00000     0.00000cramer
 
 26 28  0  0  0  0  0  0  0  0  1 V2000
    1.0394   -3.2008    0.0017 O   0  0  0  0  0  0  0  0  0  0  0  0
    1.3088   -2.0152    0.0017 C   0  0  0  0  0  0  0  0  0  0  0  0
    2.7206   -1.5772   -0.0004 C   0  0  0  0  0  0  0  0  0  0  0  0
    3.7470   -2.5175   -0.0010 C   0  0  0  0  0  0  0  0  0  0  0  0
    5.0658   -2.0988   -0.0019 C   0  0  0  0  0  0  0  0  0  0  0  0
    5.3726   -0.7502   -0.0018 C   0  0  0  0  0  0  0  0  0  0  0  0
    4.3649    0.1977   -0.0013 C   0  0  0  0  0  0  0  0  0  0  0  0
    3.0325   -0.2062   -0.0007 C   0  0  0  0  0  0  0  0  0  0  0  0
    1.9490    0.7988   -0.0005 C   0  0  0  0  0  0  0  0  0  0  0  0
    2.2178    1.9840   -0.0010 O   0  0  0  0  0  0  0  0  0  0  0  0
    0.5396    0.3601   -0.0002 C   0  0  0  0  0  0  0  0  0  0  0  0
   -0.4876    1.2993    0.0004 C   0  0  0  0  0  0  0  0  0  0  0  0
   -0.0785    3.1456    0.0008 Br  0  0  0  0  0  0  0  0  0  0  0  0
   -1.8114    0.8830    0.0002 C   0  0  0  0  0  0  0  0  0  0  0  0
   -2.1243   -0.4598    0.0004 C   0  0  0  0  0  0  0  0  0  0  0  0
   -3.9354   -1.0036    0.0001 Br  0  0  0  0  0  0  0  0  0  0  0  0
   -1.1102   -1.4204    0.0003 C   0  0  0  0  0  0  0  0  0  0  0  0
   -1.4290   -2.7697    0.0004 N   0  0  0  0  0  0  0  0  0  0  0  0
    0.2293   -1.0143   -0.0024 C   0  0  0  0  0  0  0  0  0  0  0  0
    3.5144   -3.5721   -0.0003 H   0  0  0  0  0  0  0  0  0  0  0  0
    5.8607   -2.8299   -0.0023 H   0  0  0  0  0  0  0  0  0  0  0  0
    6.4056   -0.4350   -0.0019 H   0  0  0  0  0  0  0  0  0  0  0  0
    4.6114    1.2492   -0.0009 H   0  0  0  0  0  0  0  0  0  0  0  0
   -2.6034    1.6173    0.0004 H   0  0  0  0  0  0  0  0  0  0  0  0
   -2.2798   -3.0670   -0.3581 H   0  0  0  0  0  0  0  0  0  0  0  0
   -0.8011   -3.4163    0.3590 H   0  0  0  0  0  0  0  0  0  0  0  0
  1  2  2  0  0  0  0
  2  3  1  0  0  0  0
  3  4  1  0  0  0  0
  4  5  2  0  0  0  0
  5  6  1  0  0  0  0
  6  7  2  0  0  0  0
  7  8  1  0  0  0  0
  3  8  2  0  0  0  0
  8  9  1  0  0  0  0
  9 10  2  0  0  0  0
  9 11  1  0  0  0  0
 11 12  1  0  0  0  0
 12 13  1  0  0  0  0
 12 14  2  0  0  0  0
 14 15  1  0  0  0  0
 15 16  1  0  0  0  0
 15 17  2  0  0  0  0
 17 18  1  0  0  0  0
 17 19  1  0  0  0  0
  2 19  1  0  0  0  0
 11 19  2  0  0  0  0
  4 20  1  0  0  0  0
  5 21  1  0  0  0  0
  6 22  1  0  0  0  0
  7 23  1  0  0  0  0
 14 24  1  0  0  0  0
 18 25  1  0  0  0  0
 18 26  1  0  0  0  0
M  END
$$$$
