 
WItclserve11290013453D 0   0.00000     0.00000cramer
 
 46 48  0  0  0  0  0  0  0  0  1 V2000
   -2.1745    2.0885    2.4086 Cl  0  0  0  0  0  0  0  0  0  0  0  0
   -1.8970    0.8608    1.2131 C   0  0  0  0  0  0  0  0  0  0  0  0
   -0.6157    0.3919    0.9985 C   0  0  0  0  0  0  0  0  0  0  0  0
   -0.3757   -0.5955    0.0411 C   0  0  0  0  0  0  0  0  0  0  0  0
    0.9943   -1.0956   -0.1821 C   0  0  0  0  0  0  0  0  0  0  0  0
    1.1991   -1.9556   -1.0168 O   0  0  0  0  0  0  0  0  0  0  0  0
    2.0188   -0.5991    0.5393 N   0  0  0  0  0  0  0  0  0  0  0  0
    3.3791   -1.0957    0.3177 C   0  0  0  0  0  0  0  0  0  0  0  0
    4.3842    0.0170    0.6224 C   0  0  0  0  0  0  0  0  0  0  0  0
    4.1240    1.1913   -0.2855 C   0  0  0  0  0  0  0  0  0  0  0  0
    3.2512    2.1889    0.1076 C   0  0  0  0  0  0  0  0  0  0  0  0
    3.0125    3.2659   -0.7251 C   0  0  0  0  0  0  0  0  0  0  0  0
    3.6469    3.3459   -1.9510 C   0  0  0  0  0  0  0  0  0  0  0  0
    4.5201    2.3491   -2.3435 C   0  0  0  0  0  0  0  0  0  0  0  0
    4.7622    1.2739   -1.5087 C   0  0  0  0  0  0  0  0  0  0  0  0
    3.6394   -2.2700    1.2256 C   0  0  0  0  0  0  0  0  0  0  0  0
    2.7770   -2.6529    1.9803 O   0  0  0  0  0  0  0  0  0  0  0  0
    4.8292   -2.8907    1.1958 O   0  0  0  0  0  0  0  0  0  0  0  0
   -1.4446   -1.1092   -0.7065 C   0  0  0  0  0  0  0  0  0  0  0  0
   -1.2278   -2.0664   -1.6393 O   0  0  0  0  0  0  0  0  0  0  0  0
   -2.7374   -0.6245   -0.4800 C   0  0  0  0  0  0  0  0  0  0  0  0
   -3.8745   -1.1502   -1.2660 C   0  0  0  0  0  0  0  0  0  0  0  0
   -3.7067   -1.9017   -2.2059 O   0  0  0  0  0  0  0  0  0  0  0  0
   -5.1172   -0.7509   -0.8843 O   0  0  0  0  0  0  0  0  0  0  0  0
   -5.2535    0.6395   -0.4631 C   0  0  0  0  0  0  0  0  0  0  0  0
   -6.7081    0.9176   -0.0786 C   0  0  0  0  0  0  0  0  0  0  0  0
   -4.3493    0.8852    0.7447 C   0  0  0  0  0  0  0  0  0  0  0  0
   -2.9625    0.3567    0.4877 C   0  0  0  0  0  0  0  0  0  0  0  0
    0.2056    0.7918    1.5746 H   0  0  0  0  0  0  0  0  0  0  0  0
    1.8554    0.0870    1.2053 H   0  0  0  0  0  0  0  0  0  0  0  0
    3.4871   -1.4085   -0.7208 H   0  0  0  0  0  0  0  0  0  0  0  0
    4.2762    0.3297    1.6609 H   0  0  0  0  0  0  0  0  0  0  0  0
    5.3963   -0.3525    0.4575 H   0  0  0  0  0  0  0  0  0  0  0  0
    2.7556    2.1264    1.0651 H   0  0  0  0  0  0  0  0  0  0  0  0
    2.3301    4.0448   -0.4184 H   0  0  0  0  0  0  0  0  0  0  0  0
    3.4598    4.1871   -2.6019 H   0  0  0  0  0  0  0  0  0  0  0  0
    5.0154    2.4114   -3.3012 H   0  0  0  0  0  0  0  0  0  0  0  0
    5.4445    0.4950   -1.8155 H   0  0  0  0  0  0  0  0  0  0  0  0
    4.9961   -3.6442    1.7784 H   0  0  0  0  0  0  0  0  0  0  0  0
   -1.3165   -2.9186   -1.1911 H   0  0  0  0  0  0  0  0  0  0  0  0
   -4.9599    1.2985   -1.2802 H   0  0  0  0  0  0  0  0  0  0  0  0
   -7.3526    0.7342   -0.9383 H   0  0  0  0  0  0  0  0  0  0  0  0
   -6.9994    0.2603    0.7407 H   0  0  0  0  0  0  0  0  0  0  0  0
   -6.8085    1.9564    0.2358 H   0  0  0  0  0  0  0  0  0  0  0  0
   -4.2970    1.9559    0.9425 H   0  0  0  0  0  0  0  0  0  0  0  0
   -4.7673    0.3797    1.6152 H   0  0  0  0  0  0  0  0  0  0  0  0
  1  2  1  0  0  0  0
  2  3  1  0  0  0  0
  3  4  2  0  0  0  0
  4  5  1  0  0  0  0
  5  6  2  0  0  0  0
  5  7  1  0  0  0  0
  7  8  1  0  0  0  0
  8  9  1  0  0  0  0
  9 10  1  0  0  0  0
 10 11  1  0  0  0  0
 11 12  2  0  0  0  0
 12 13  1  0  0  0  0
 13 14  2  0  0  0  0
 14 15  1  0  0  0  0
 10 15  2  0  0  0  0
  8 16  1  0  0  0  0
 16 17  2  0  0  0  0
 16 18  1  0  0  0  0
  4 19  1  0  0  0  0
 19 20  1  0  0  0  0
 19 21  2  0  0  0  0
 21 22  1  0  0  0  0
 22 23  2  0  0  0  0
 22 24  1  0  0  0  0
 24 25  1  0  0  0  0
 25 26  1  0  0  0  0
 25 27  1  0  0  0  0
 27 28  1  0  0  0  0
  2 28  2  0  0  0  0
 21 28  1  0  0  0  0
  3 29  1  0  0  0  0
  7 30  1  0  0  0  0
  8 31  1  0  0  0  0
  9 32  1  0  0  0  0
  9 33  1  0  0  0  0
 11 34  1  0  0  0  0
 12 35  1  0  0  0  0
 13 36  1  0  0  0  0
 14 37  1  0  0  0  0
 15 38  1  0  0  0  0
 18 39  1  0  0  0  0
 20 40  1  0  0  0  0
 25 41  1  0  0  0  0
 26 42  1  0  0  0  0
 26 43  1  0  0  0  0
 26 44  1  0  0  0  0
 27 45  1  0  0  0  0
 27 46  1  0  0  0  0
M  END
$$$$
