 
WItclserve11290013453D 0   0.00000     0.00000cramer
 
 80 87  0  0  0  0  0  0  0  0  2 V2000
    8.1682   -0.9906    0.0184 C   0  0  0  0  0  0  0  0  0  0  0  0
    8.1934   -2.3471    0.4060 C   0  0  0  0  0  0  0  0  0  0  0  0
    7.0204   -3.0953    0.4218 N   0  0  0  0  0  0  0  0  0  0  0  0
    9.3936   -2.9245    0.7689 C   0  0  0  0  0  0  0  0  0  0  0  0
   10.5704   -2.1842    0.7533 C   0  0  0  0  0  0  0  0  0  0  0  0
   10.5727   -0.8735    0.3795 C   0  0  0  0  0  0  0  0  0  0  0  0
    9.3735   -0.2477    0.0028 C   0  0  0  0  0  0  0  0  0  0  0  0
    9.3573    1.1050   -0.3924 C   0  0  0  0  0  0  0  0  0  0  0  0
    8.1855    1.7024   -0.7219 C   0  0  0  0  0  0  0  0  0  0  0  0
    6.9733    0.9909   -0.6803 C   0  0  0  0  0  0  0  0  0  0  0  0
    6.9602   -0.3673   -0.3589 C   0  0  0  0  0  0  0  0  0  0  0  0
    5.8343   -1.1114   -0.4483 O   0  0  0  0  0  0  0  0  0  0  0  0
    4.9578   -0.8153    0.7426 Cu  0  4  0  0  0  0  0  0  0  0  0  0
    3.8553   -0.2058    1.5754 O   0  0  0  0  0  0  0  0  0  0  0  0
    2.9866    0.4229    0.7428 C   0  0  0  0  0  0  0  0  0  0  0  0
    1.6339    0.3823    1.0199 C   0  0  0  0  0  0  0  0  0  0  0  0
    0.7232    1.0472    0.2022 C   0  0  0  0  0  0  0  0  0  0  0  0
    1.1807    1.7619   -0.9077 C   0  0  0  0  0  0  0  0  0  0  0  0
    2.5114    1.7986   -1.1978 C   0  0  0  0  0  0  0  0  0  0  0  0
    3.4417    1.1228   -0.3919 C   0  0  0  0  0  0  0  0  0  0  0  0
    4.7237    1.1232   -0.6789 N   0  0  0  0  0  0  0  0  0  0  0  0
    5.7975    1.6476   -0.9245 N   0  0  0  0  0  0  0  0  0  0  0  0
   -0.7250    0.9972    0.5085 C   0  0  0  0  0  0  0  0  0  0  0  0
   -1.1621    1.0817    1.8328 C   0  0  0  0  0  0  0  0  0  0  0  0
   -2.4955    1.0378    2.1187 C   0  0  0  0  0  0  0  0  0  0  0  0
   -3.4379    0.9189    1.0922 C   0  0  0  0  0  0  0  0  0  0  0  0
   -4.7530    0.8573    1.3581 N   0  0  0  0  0  0  0  0  0  0  0  0
   -5.7259    1.3615    0.7839 N   0  0  0  0  0  0  0  0  0  0  0  0
   -6.9180    0.8303    0.4674 C   0  0  0  0  0  0  0  0  0  0  0  0
   -6.9886   -0.4847    0.0014 C   0  0  0  0  0  0  0  0  0  0  0  0
   -5.8700   -1.2376   -0.1374 O   0  0  0  0  0  0  0  0  0  0  0  0
   -4.8521   -0.4163   -0.8888 Cu  0  4  0  0  0  0  0  0  0  0  0  0
   -3.8988    0.6939   -1.2560 O   0  0  0  0  0  0  0  0  0  0  0  0
   -3.0046    0.8236   -0.2433 C   0  0  0  0  0  0  0  0  0  0  0  0
   -1.6519    0.8717   -0.5250 C   0  0  0  0  0  0  0  0  0  0  0  0
   -8.2427   -1.0305   -0.3256 C   0  0  0  0  0  0  0  0  0  0  0  0
   -8.3541   -2.3519   -0.8103 C   0  0  0  0  0  0  0  0  0  0  0  0
   -7.2171   -3.1363   -0.9780 N   0  0  0  0  0  0  0  0  0  0  0  0
   -9.6009   -2.8585   -1.1165 C   0  0  0  0  0  0  0  0  0  0  0  0
  -10.7426   -2.0819   -0.9529 C   0  0  0  0  0  0  0  0  0  0  0  0
  -10.6623   -0.8027   -0.4887 C   0  0  0  0  0  0  0  0  0  0  0  0
   -9.4132   -0.2481   -0.1690 C   0  0  0  0  0  0  0  0  0  0  0  0
   -9.3083    1.0747    0.3037 C   0  0  0  0  0  0  0  0  0  0  0  0
   -8.0944    1.5943    0.6086 C   0  0  0  0  0  0  0  0  0  0  0  0
   -7.9848    3.2524    1.1947 S   0  0  0  0  0  0  0  0  0  0  0  0
   -6.6558    3.6726    0.9181 O   0  0  0  0  0  0  0  0  0  0  0  0
   -9.1642    3.9015    0.7396 O   0  0  0  0  0  0  0  0  0  0  0  0
   -8.0969    3.2071    2.7119 O   0  0  0  0  0  0  0  0  0  0  0  0
   -6.2468    3.0173    3.4198 Na  0  0  0  0  0  0  0  0  0  0  0  0
  -12.3183   -2.7622   -1.3515 S   0  0  0  0  0  0  0  0  0  0  0  0
  -13.1674   -1.6502   -1.5997 O   0  0  0  0  0  0  0  0  0  0  0  0
  -12.0621   -3.8211   -2.2638 O   0  0  0  0  0  0  0  0  0  0  0  0
  -12.8602   -3.4233   -0.0922 O   0  0  0  0  0  0  0  0  0  0  0  0
  -13.8989   -2.0352    0.8847 Na  0  0  0  0  0  0  0  0  0  0  0  0
    8.1816    3.3957   -1.2092 S   0  0  0  0  0  0  0  0  0  0  0  0
    6.8611    3.8631   -0.9700 O   0  0  0  0  0  0  0  0  0  0  0  0
    9.3653    3.9582   -0.6600 O   0  0  0  0  0  0  0  0  0  0  0  0
    8.3671    3.4351   -2.7193 O   0  0  0  0  0  0  0  0  0  0  0  0
    6.5479    3.3783   -3.5239 Na  0  0  0  0  0  0  0  0  0  0  0  0
   12.0840   -2.9531    1.2250 S   0  0  0  0  0  0  0  0  0  0  0  0
   12.9474   -1.8960    1.6201 O   0  0  0  0  0  0  0  0  0  0  0  0
   11.7178   -4.0621    2.0345 O   0  0  0  0  0  0  0  0  0  0  0  0
   12.7044   -3.5458   -0.0321 O   0  0  0  0  0  0  0  0  0  0  0  0
   13.8666   -2.1355   -0.8198 Na  0  0  0  0  0  0  0  0  0  0  0  0
    6.3179   -2.9095   -0.2208 H   0  0  0  0  0  0  0  0  0  0  0  0
    6.9051   -3.8028    1.0753 H   0  0  0  0  0  0  0  0  0  0  0  0
    9.4187   -3.9619    1.0685 H   0  0  0  0  0  0  0  0  0  0  0  0
   11.4975   -0.3157    0.3735 H   0  0  0  0  0  0  0  0  0  0  0  0
   10.2791    1.6665   -0.4325 H   0  0  0  0  0  0  0  0  0  0  0  0
    1.2795   -0.1699    1.8777 H   0  0  0  0  0  0  0  0  0  0  0  0
    0.4776    2.2868   -1.5374 H   0  0  0  0  0  0  0  0  0  0  0  0
    2.8548    2.3535   -2.0584 H   0  0  0  0  0  0  0  0  0  0  0  0
   -0.4428    1.1817    2.6322 H   0  0  0  0  0  0  0  0  0  0  0  0
   -2.8257    1.0948    3.1454 H   0  0  0  0  0  0  0  0  0  0  0  0
   -1.3122    0.8076   -1.5482 H   0  0  0  0  0  0  0  0  0  0  0  0
   -6.4463   -3.0020   -0.4047 H   0  0  0  0  0  0  0  0  0  0  0  0
   -7.1953   -3.8174   -1.6683 H   0  0  0  0  0  0  0  0  0  0  0  0
   -9.6907   -3.8687   -1.4876 H   0  0  0  0  0  0  0  0  0  0  0  0
  -11.5605   -0.2155   -0.3671 H   0  0  0  0  0  0  0  0  0  0  0  0
  -10.1971    1.6767    0.4218 H   0  0  0  0  0  0  0  0  0  0  0  0
  1  2  1  0  0  0  0
  2  3  1  0  0  0  0
  2  4  2  0  0  0  0
  4  5  1  0  0  0  0
  5  6  2  0  0  0  0
  6  7  1  0  0  0  0
  1  7  2  0  0  0  0
  7  8  1  0  0  0  0
  8  9  2  0  0  0  0
  9 10  1  0  0  0  0
 10 11  2  0  0  0  0
  1 11  1  0  0  0  0
 11 12  1  0  0  0  0
 12 13  1  0  0  0  0
 13 14  1  0  0  0  0
 14 15  1  0  0  0  0
 15 16  1  0  0  0  0
 16 17  2  0  0  0  0
 17 18  1  0  0  0  0
 18 19  2  0  0  0  0
 19 20  1  0  0  0  0
 15 20  2  0  0  0  0
 20 21  1  0  0  0  0
 21 22  2  0  0  0  0
 10 22  1  0  0  0  0
 17 23  1  0  0  0  0
 23 24  1  0  0  0  0
 24 25  2  0  0  0  0
 25 26  1  0  0  0  0
 26 27  1  0  0  0  0
 27 28  2  0  0  0  0
 28 29  1  0  0  0  0
 29 30  1  0  0  0  0
 30 31  1  0  0  0  0
 31 32  1  0  0  0  0
 32 33  1  0  0  0  0
 33 34  1  0  0  0  0
 26 34  2  0  0  0  0
 34 35  1  0  0  0  0
 23 35  2  0  0  0  0
 30 36  2  0  0  0  0
 36 37  1  0  0  0  0
 37 38  1  0  0  0  0
 37 39  2  0  0  0  0
 39 40  1  0  0  0  0
 40 41  2  0  0  0  0
 41 42  1  0  0  0  0
 36 42  1  0  0  0  0
 42 43  2  0  0  0  0
 43 44  1  0  0  0  0
 29 44  2  0  0  0  0
 44 45  1  0  0  0  0
 45 46  2  0  0  0  0
 45 47  2  0  0  0  0
 45 48  1  0  0  0  0
 48 49  1  0  0  0  0
 40 50  1  0  0  0  0
 50 51  2  0  0  0  0
 50 52  2  0  0  0  0
 50 53  1  0  0  0  0
 53 54  1  0  0  0  0
  9 55  1  0  0  0  0
 55 56  2  0  0  0  0
 55 57  2  0  0  0  0
 55 58  1  0  0  0  0
 58 59  1  0  0  0  0
  5 60  1  0  0  0  0
 60 61  2  0  0  0  0
 60 62  2  0  0  0  0
 60 63  1  0  0  0  0
 63 64  1  0  0  0  0
  3 65  1  0  0  0  0
  3 66  1  0  0  0  0
  4 67  1  0  0  0  0
  6 68  1  0  0  0  0
  8 69  1  0  0  0  0
 16 70  1  0  0  0  0
 18 71  1  0  0  0  0
 19 72  1  0  0  0  0
 24 73  1  0  0  0  0
 25 74  1  0  0  0  0
 35 75  1  0  0  0  0
 38 76  1  0  0  0  0
 38 77  1  0  0  0  0
 39 78  1  0  0  0  0
 41 79  1  0  0  0  0
 43 80  1  0  0  0  0
M  RAD  2  13   2  32   2
M  END
$$$$
