 
WItclserve11290013453D 0   0.00000     0.00000cramer
 
 28 29  0  0  0  0  0  0  0  0  1 V2000
    0.1212    2.9756    0.1938 C   0  0  0  0  0  0  0  0  0  0  0  0
    0.3706    1.4927    0.0944 C   0  0  0  0  0  0  0  0  0  0  0  0
    1.6122    1.0272    0.0442 C   0  0  0  0  0  0  0  0  0  0  0  0
    1.8860   -0.4487   -0.0718 C   0  0  0  0  0  0  0  0  0  0  0  0
    2.0016   -0.8291   -1.5492 C   0  0  0  0  0  0  0  0  0  0  0  0
    3.1982   -0.7794    0.6420 C   0  0  0  0  0  0  0  0  0  0  0  0
    0.7926   -1.2117    0.5440 N   0  0  0  0  0  0  0  0  0  0  0  0
   -0.5204   -0.8120    0.2884 C   0  0  0  0  0  0  0  0  0  0  0  0
   -1.5649   -1.7172    0.2624 C   0  0  0  0  0  0  0  0  0  0  0  0
   -2.8491   -1.2739    0.0009 C   0  0  0  0  0  0  0  0  0  0  0  0
   -3.0942    0.0681   -0.2350 C   0  0  0  0  0  0  0  0  0  0  0  0
   -2.0604    0.9839   -0.2104 C   0  0  0  0  0  0  0  0  0  0  0  0
   -0.7651    0.5502    0.0585 C   0  0  0  0  0  0  0  0  0  0  0  0
    1.0744    3.5039    0.2122 H   0  0  0  0  0  0  0  0  0  0  0  0
   -0.4601    3.3048   -0.6674 H   0  0  0  0  0  0  0  0  0  0  0  0
   -0.4311    3.1906    1.1086 H   0  0  0  0  0  0  0  0  0  0  0  0
    2.4406    1.7189    0.0869 H   0  0  0  0  0  0  0  0  0  0  0  0
    2.1998   -1.8975   -1.6348 H   0  0  0  0  0  0  0  0  0  0  0  0
    1.0687   -0.5907   -2.0599 H   0  0  0  0  0  0  0  0  0  0  0  0
    2.8187   -0.2703   -2.0055 H   0  0  0  0  0  0  0  0  0  0  0  0
    3.3978   -1.8478    0.5589 H   0  0  0  0  0  0  0  0  0  0  0  0
    4.0131   -0.2207    0.1817 H   0  0  0  0  0  0  0  0  0  0  0  0
    3.1186   -0.5055    1.6940 H   0  0  0  0  0  0  0  0  0  0  0  0
    0.9781   -1.9741    1.1143 H   0  0  0  0  0  0  0  0  0  0  0  0
   -1.3793   -2.7653    0.4450 H   0  0  0  0  0  0  0  0  0  0  0  0
   -3.6662   -1.9799   -0.0198 H   0  0  0  0  0  0  0  0  0  0  0  0
   -4.1009    0.4013   -0.4401 H   0  0  0  0  0  0  0  0  0  0  0  0
   -2.2565    2.0299   -0.3947 H   0  0  0  0  0  0  0  0  0  0  0  0
  1  2  1  0  0  0  0
  2  3  2  0  0  0  0
  3  4  1  0  0  0  0
  4  5  1  0  0  0  0
  4  6  1  0  0  0  0
  4  7  1  0  0  0  0
  7  8  1  0  0  0  0
  8  9  1  0  0  0  0
  9 10  2  0  0  0  0
 10 11  1  0  0  0  0
 11 12  2  0  0  0  0
 12 13  1  0  0  0  0
  2 13  1  0  0  0  0
  8 13  2  0  0  0  0
  1 14  1  0  0  0  0
  1 15  1  0  0  0  0
  1 16  1  0  0  0  0
  3 17  1  0  0  0  0
  5 18  1  0  0  0  0
  5 19  1  0  0  0  0
  5 20  1  0  0  0  0
  6 21  1  0  0  0  0
  6 22  1  0  0  0  0
  6 23  1  0  0  0  0
  7 24  1  0  0  0  0
  9 25  1  0  0  0  0
 10 26  1  0  0  0  0
 11 27  1  0  0  0  0
 12 28  1  0  0  0  0
M  END
$$$$
