 
WItclserve11290013453D 0   0.00000     0.00000cramer
 
 27 27  0  0  0  0  0  0  0  0  1 V2000
   -1.7986   -1.8573   -0.1844 O   0  0  0  0  0  0  0  0  0  0  0  0
   -0.9829   -3.0260   -0.0805 C   0  0  0  0  0  0  0  0  0  0  0  0
   -0.9835   -0.7891    0.0255 C   0  0  0  0  0  0  0  0  0  0  0  0
    0.3646   -0.9837    0.2798 C   0  0  0  0  0  0  0  0  0  0  0  0
    1.1918    0.1032    0.4930 C   0  0  0  0  0  0  0  0  0  0  0  0
    2.6578   -0.1104    0.7689 C   0  0  0  0  0  0  0  0  0  0  0  0
    3.4183   -0.1151   -0.5321 C   0  0  0  0  0  0  0  0  0  0  0  0
    4.3611    0.7697   -0.7429 C   0  0  0  0  0  0  0  0  0  0  0  0
    0.6771    1.3857    0.4533 C   0  0  0  0  0  0  0  0  0  0  0  0
   -0.6670    1.5869    0.2002 C   0  0  0  0  0  0  0  0  0  0  0  0
   -1.5005    0.5021   -0.0201 C   0  0  0  0  0  0  0  0  0  0  0  0
   -2.8229    0.6983   -0.2693 O   0  0  0  0  0  0  0  0  0  0  0  0
   -3.0440    2.1097   -0.2387 C   0  0  0  0  0  0  0  0  0  0  0  0
   -0.1947   -2.9870   -0.8324 H   0  0  0  0  0  0  0  0  0  0  0  0
   -0.5358   -3.0698    0.9127 H   0  0  0  0  0  0  0  0  0  0  0  0
   -1.5960   -3.9125   -0.2423 H   0  0  0  0  0  0  0  0  0  0  0  0
    0.7691   -1.9846    0.3117 H   0  0  0  0  0  0  0  0  0  0  0  0
    3.0290    0.6941    1.4038 H   0  0  0  0  0  0  0  0  0  0  0  0
    2.7969   -1.0659    1.2746 H   0  0  0  0  0  0  0  0  0  0  0  0
    3.1861   -0.8480   -1.2907 H   0  0  0  0  0  0  0  0  0  0  0  0
    4.5933    1.5025    0.0156 H   0  0  0  0  0  0  0  0  0  0  0  0
    4.9061    0.7663   -1.6753 H   0  0  0  0  0  0  0  0  0  0  0  0
    1.3264    2.2323    0.6208 H   0  0  0  0  0  0  0  0  0  0  0  0
   -1.0665    2.5898    0.1697 H   0  0  0  0  0  0  0  0  0  0  0  0
   -4.0961    2.3170   -0.4343 H   0  0  0  0  0  0  0  0  0  0  0  0
   -2.7734    2.4987    0.7429 H   0  0  0  0  0  0  0  0  0  0  0  0
   -2.4312    2.5901   -1.0015 H   0  0  0  0  0  0  0  0  0  0  0  0
  1  2  1  0  0  0  0
  1  3  1  0  0  0  0
  3  4  1  0  0  0  0
  4  5  2  0  0  0  0
  5  6  1  0  0  0  0
  6  7  1  0  0  0  0
  7  8  2  0  0  0  0
  5  9  1  0  0  0  0
  9 10  2  0  0  0  0
 10 11  1  0  0  0  0
  3 11  2  0  0  0  0
 11 12  1  0  0  0  0
 12 13  1  0  0  0  0
  2 14  1  0  0  0  0
  2 15  1  0  0  0  0
  2 16  1  0  0  0  0
  4 17  1  0  0  0  0
  6 18  1  0  0  0  0
  6 19  1  0  0  0  0
  7 20  1  0  0  0  0
  8 21  1  0  0  0  0
  8 22  1  0  0  0  0
  9 23  1  0  0  0  0
 10 24  1  0  0  0  0
 13 25  1  0  0  0  0
 13 26  1  0  0  0  0
 13 27  1  0  0  0  0
M  END
$$$$
