 
WItclserve11290013443D 0   0.00000     0.00000cramer
 
 22 21  0  0  0  0  0  0  0  0  1 V2000
    1.6078    3.2925   -0.2484 O   0  0  0  0  0  0  0  0  0  0  0  0
    1.2934    2.0196    0.0391 C   0  0  0  0  0  0  0  0  0  0  0  0
    2.0080    1.3699    0.7651 O   0  0  0  0  0  0  0  0  0  0  0  0
    0.0491    1.4008   -0.5438 C   0  0  0  0  0  0  0  0  0  0  0  0
   -0.0696    0.0115   -0.0815 N   0  0  0  0  0  0  0  0  0  0  0  0
   -1.2958   -0.5301   -0.6825 C   0  0  0  0  0  0  0  0  0  0  0  0
   -2.4960    0.0104    0.0514 C   0  0  0  0  0  0  0  0  0  0  0  0
   -3.7334   -0.2839   -0.3774 O   0  0  0  0  0  0  0  0  0  0  0  0
   -2.3444    0.7086    1.0258 O   0  0  0  0  0  0  0  0  0  0  0  0
    1.0530   -0.7279   -0.6739 C   0  0  0  0  0  0  0  0  0  0  0  0
    1.2251   -2.0409    0.0454 C   0  0  0  0  0  0  0  0  0  0  0  0
    2.1142   -2.9407   -0.4037 O   0  0  0  0  0  0  0  0  0  0  0  0
    0.5628   -2.2837    1.0264 O   0  0  0  0  0  0  0  0  0  0  0  0
    2.4063    3.6896    0.1257 H   0  0  0  0  0  0  0  0  0  0  0  0
   -0.8242    1.9672   -0.2203 H   0  0  0  0  0  0  0  0  0  0  0  0
    0.1104    1.4176   -1.6320 H   0  0  0  0  0  0  0  0  0  0  0  0
   -1.3477   -0.2352   -1.7305 H   0  0  0  0  0  0  0  0  0  0  0  0
   -1.2857   -1.6177   -0.6111 H   0  0  0  0  0  0  0  0  0  0  0  0
   -4.5035    0.0629    0.0935 H   0  0  0  0  0  0  0  0  0  0  0  0
    0.8488   -0.9152   -1.7281 H   0  0  0  0  0  0  0  0  0  0  0  0
    1.9657   -0.1396   -0.5796 H   0  0  0  0  0  0  0  0  0  0  0  0
    2.2246   -3.7832    0.0579 H   0  0  0  0  0  0  0  0  0  0  0  0
  1  2  1  0  0  0  0
  2  3  2  0  0  0  0
  2  4  1  0  0  0  0
  4  5  1  0  0  0  0
  5  6  1  0  0  0  0
  6  7  1  0  0  0  0
  7  8  1  0  0  0  0
  7  9  2  0  0  0  0
  5 10  1  0  0  0  0
 10 11  1  0  0  0  0
 11 12  1  0  0  0  0
 11 13  2  0  0  0  0
  1 14  1  0  0  0  0
  4 15  1  0  0  0  0
  4 16  1  0  0  0  0
  6 17  1  0  0  0  0
  6 18  1  0  0  0  0
  8 19  1  0  0  0  0
 10 20  1  0  0  0  0
 10 21  1  0  0  0  0
 12 22  1  0  0  0  0
M  END
$$$$
