 
WItclserve11290013443D 0   0.00000     0.00000cramer
 
 43 44  0  0  0  0  0  0  0  0  1 V2000
   -0.9280   -0.7002    1.1633 C   0  0  0  0  0  0  0  0  0  0  0  0
   -1.8788   -1.6694    0.5094 C   0  0  0  0  0  0  0  0  0  0  0  0
   -1.3904   -2.6726   -0.3071 C   0  0  0  0  0  0  0  0  0  0  0  0
   -2.2624   -3.5615   -0.9069 C   0  0  0  0  0  0  0  0  0  0  0  0
   -3.6231   -3.4478   -0.6900 C   0  0  0  0  0  0  0  0  0  0  0  0
   -4.1114   -2.4455    0.1269 C   0  0  0  0  0  0  0  0  0  0  0  0
   -3.2387   -1.5590    0.7303 C   0  0  0  0  0  0  0  0  0  0  0  0
   -0.7230    0.4557    0.2803 N   0  0  0  0  0  0  0  0  0  0  0  0
   -2.0100    1.1594    0.2002 C   0  0  0  0  0  0  0  0  0  0  0  0
   -1.9207    2.2678   -0.8506 C   0  0  0  0  0  0  0  0  0  0  0  0
   -3.4988    3.1347   -0.9453 Cl  0  0  0  0  0  0  0  0  0  0  0  0
    0.2081    1.3563    0.9731 C   0  0  0  0  0  0  0  0  0  0  0  0
   -0.2337    1.5255    2.4282 C   0  0  0  0  0  0  0  0  0  0  0  0
    1.6172    0.7616    0.9339 C   0  0  0  0  0  0  0  0  0  0  0  0
    2.0441    0.6372   -0.4242 O   0  0  0  0  0  0  0  0  0  0  0  0
    3.3321    0.2048   -0.3931 C   0  0  0  0  0  0  0  0  0  0  0  0
    4.0588    0.1007   -1.5705 C   0  0  0  0  0  0  0  0  0  0  0  0
    5.3677   -0.3390   -1.5362 C   0  0  0  0  0  0  0  0  0  0  0  0
    5.9539   -0.6758   -0.3298 C   0  0  0  0  0  0  0  0  0  0  0  0
    5.2318   -0.5734    0.8446 C   0  0  0  0  0  0  0  0  0  0  0  0
    3.9243   -0.1278    0.8164 C   0  0  0  0  0  0  0  0  0  0  0  0
   -1.3475   -0.3634    2.1113 H   0  0  0  0  0  0  0  0  0  0  0  0
    0.0270   -1.1937    1.3435 H   0  0  0  0  0  0  0  0  0  0  0  0
   -0.3274   -2.7614   -0.4765 H   0  0  0  0  0  0  0  0  0  0  0  0
   -1.8809   -4.3446   -1.5452 H   0  0  0  0  0  0  0  0  0  0  0  0
   -4.3046   -4.1419   -1.1593 H   0  0  0  0  0  0  0  0  0  0  0  0
   -5.1743   -2.3565    0.2960 H   0  0  0  0  0  0  0  0  0  0  0  0
   -3.6202   -0.7758    1.3687 H   0  0  0  0  0  0  0  0  0  0  0  0
   -2.7925    0.4546   -0.0807 H   0  0  0  0  0  0  0  0  0  0  0  0
   -2.2460    1.5966    1.1704 H   0  0  0  0  0  0  0  0  0  0  0  0
   -1.1361    2.9710   -0.5712 H   0  0  0  0  0  0  0  0  0  0  0  0
   -1.6877    1.8303   -1.8213 H   0  0  0  0  0  0  0  0  0  0  0  0
    0.2098    2.3277    0.4786 H   0  0  0  0  0  0  0  0  0  0  0  0
   -0.1865    0.5625    2.9365 H   0  0  0  0  0  0  0  0  0  0  0  0
    0.4272    2.2332    2.9286 H   0  0  0  0  0  0  0  0  0  0  0  0
   -1.2564    1.9013    2.4560 H   0  0  0  0  0  0  0  0  0  0  0  0
    2.3030    1.4161    1.4718 H   0  0  0  0  0  0  0  0  0  0  0  0
    1.6098   -0.2219    1.4039 H   0  0  0  0  0  0  0  0  0  0  0  0
    3.6013    0.3630   -2.5130 H   0  0  0  0  0  0  0  0  0  0  0  0
    5.9338   -0.4202   -2.4524 H   0  0  0  0  0  0  0  0  0  0  0  0
    6.9773   -1.0198   -0.3051 H   0  0  0  0  0  0  0  0  0  0  0  0
    5.6916   -0.8374    1.7855 H   0  0  0  0  0  0  0  0  0  0  0  0
    3.3606   -0.0479    1.7341 H   0  0  0  0  0  0  0  0  0  0  0  0
  1  2  1  0  0  0  0
  2  3  1  0  0  0  0
  3  4  2  0  0  0  0
  4  5  1  0  0  0  0
  5  6  2  0  0  0  0
  6  7  1  0  0  0  0
  2  7  2  0  0  0  0
  1  8  1  0  0  0  0
  8  9  1  0  0  0  0
  9 10  1  0  0  0  0
 10 11  1  0  0  0  0
  8 12  1  0  0  0  0
 12 13  1  0  0  0  0
 12 14  1  0  0  0  0
 14 15  1  0  0  0  0
 15 16  1  0  0  0  0
 16 17  1  0  0  0  0
 17 18  2  0  0  0  0
 18 19  1  0  0  0  0
 19 20  2  0  0  0  0
 20 21  1  0  0  0  0
 16 21  2  0  0  0  0
  1 22  1  0  0  0  0
  1 23  1  0  0  0  0
  3 24  1  0  0  0  0
  4 25  1  0  0  0  0
  5 26  1  0  0  0  0
  6 27  1  0  0  0  0
  7 28  1  0  0  0  0
  9 29  1  0  0  0  0
  9 30  1  0  0  0  0
 10 31  1  0  0  0  0
 10 32  1  0  0  0  0
 12 33  1  0  0  0  0
 13 34  1  0  0  0  0
 13 35  1  0  0  0  0
 13 36  1  0  0  0  0
 14 37  1  0  0  0  0
 14 38  1  0  0  0  0
 17 39  1  0  0  0  0
 18 40  1  0  0  0  0
 19 41  1  0  0  0  0
 20 42  1  0  0  0  0
 21 43  1  0  0  0  0
M  END
$$$$
