 
WItclserve11290013443D 0   0.00000     0.00000cramer
 
  8  7  0  0  0  0  0  0  0  0  1 V2000
    0.2705   -1.5883   -0.0680 Cl  0  0  0  0  0  0  0  0  0  0  0  0
    0.4259    0.1449    0.4040 C   0  0  0  0  0  0  0  0  0  0  0  0
    2.0800    0.7335   -0.0061 Cl  0  0  0  0  0  0  0  0  0  0  0  0
   -0.6130    0.9747   -0.3529 C   0  0  0  0  0  0  0  0  0  0  0  0
   -2.2671    0.3861    0.0573 Cl  0  0  0  0  0  0  0  0  0  0  0  0
    0.2600    0.2456    1.4766 H   0  0  0  0  0  0  0  0  0  0  0  0
   -0.5190    2.0225   -0.0675 H   0  0  0  0  0  0  0  0  0  0  0  0
   -0.4471    0.8740   -1.4254 H   0  0  0  0  0  0  0  0  0  0  0  0
  1  2  1  0  0  0  0
  2  3  1  0  0  0  0
  2  4  1  0  0  0  0
  4  5  1  0  0  0  0
  2  6  1  0  0  0  0
  4  7  1  0  0  0  0
  4  8  1  0  0  0  0
M  END
$$$$
