 
WItclserve11290013453D 0   0.00000     0.00000cramer
 
109 108  0  0  0  0  0  0  0  0  1 V2000
    1.8561   -7.3917   -0.4491 C   0  0  0  0  0  0  0  0  0  0  0  0
    2.4140   -8.5132    0.0334 O   0  0  0  0  0  0  0  0  0  0  0  0
    2.1178   -7.0201   -1.5686 O   0  0  0  0  0  0  0  0  0  0  0  0
    0.8985   -6.5995    0.4033 C   0  0  0  0  0  0  0  0  0  0  0  0
    0.4114   -5.3776   -0.3781 C   0  0  0  0  0  0  0  0  0  0  0  0
   -0.5608   -4.5733    0.4873 C   0  0  0  0  0  0  0  0  0  0  0  0
   -1.1799   -3.4761   -0.3398 C   0  0  0  0  0  0  0  0  0  0  0  0
   -0.9956   -3.4421   -1.5334 O   0  0  0  0  0  0  0  0  0  0  0  0
   -1.9361   -2.5367    0.2496 O   0  0  0  0  0  0  0  0  0  0  0  0
   -2.4609   -1.4313   -0.5322 C   0  0  0  0  0  0  0  0  0  0  0  0
   -3.8952   -1.7461   -0.9616 C   0  0  0  0  0  0  0  0  0  0  0  0
   -3.8743   -2.5195   -2.2816 C   0  0  0  0  0  0  0  0  0  0  0  0
   -4.5757   -2.5936    0.1153 C   0  0  0  0  0  0  0  0  0  0  0  0
   -4.6694   -1.7893    1.4135 C   0  0  0  0  0  0  0  0  0  0  0  0
   -5.5367   -2.5467    2.4211 C   0  0  0  0  0  0  0  0  0  0  0  0
   -5.7287   -1.6900    3.6741 C   0  0  0  0  0  0  0  0  0  0  0  0
   -2.4501   -0.1572    0.3148 C   0  0  0  0  0  0  0  0  0  0  0  0
   -1.0494    0.0605    0.8908 C   0  0  0  0  0  0  0  0  0  0  0  0
   -1.0387    1.3346    1.7378 C   0  0  0  0  0  0  0  0  0  0  0  0
   -2.0446    1.1949    2.8821 C   0  0  0  0  0  0  0  0  0  0  0  0
    0.3620    1.5522    2.3138 C   0  0  0  0  0  0  0  0  0  0  0  0
    1.3398    1.8545    1.1765 C   0  0  0  0  0  0  0  0  0  0  0  0
    0.9989    3.1050    0.5749 O   0  0  0  0  0  0  0  0  0  0  0  0
    2.7630    1.9276    1.7335 C   0  0  0  0  0  0  0  0  0  0  0  0
    3.7408    2.2298    0.5962 C   0  0  0  0  0  0  0  0  0  0  0  0
    5.1639    2.3030    1.1532 C   0  0  0  0  0  0  0  0  0  0  0  0
    6.1418    2.6052    0.0159 C   0  0  0  0  0  0  0  0  0  0  0  0
    7.5649    2.6783    0.5729 C   0  0  0  0  0  0  0  0  0  0  0  0
    7.9058    1.4278    1.1745 O   0  0  0  0  0  0  0  0  0  0  0  0
    8.5428    2.9805   -0.5644 C   0  0  0  0  0  0  0  0  0  0  0  0
    9.9659    3.0537   -0.0074 C   0  0  0  0  0  0  0  0  0  0  0  0
   10.3068    1.8031    0.5942 O   0  0  0  0  0  0  0  0  0  0  0  0
   10.9438    3.3559   -1.1447 C   0  0  0  0  0  0  0  0  0  0  0  0
   12.3669    3.4290   -0.5878 C   0  0  0  0  0  0  0  0  0  0  0  0
   10.8667    2.2903   -2.1529 N   0  0  0  0  0  0  0  0  0  0  0  0
   -2.8144    0.9780   -0.5140 O   0  0  0  0  0  0  0  0  0  0  0  0
   -3.9831    1.6072   -0.3143 C   0  0  0  0  0  0  0  0  0  0  0  0
   -4.7163    1.2509    0.5776 O   0  0  0  0  0  0  0  0  0  0  0  0
   -4.3808    2.7579   -1.2024 C   0  0  0  0  0  0  0  0  0  0  0  0
   -5.7167    3.3318   -0.7260 C   0  0  0  0  0  0  0  0  0  0  0  0
   -6.0476    4.5898   -1.5316 C   0  0  0  0  0  0  0  0  0  0  0  0
   -7.2854    5.2372   -0.9661 C   0  0  0  0  0  0  0  0  0  0  0  0
   -7.7329    6.3933   -1.4808 O   0  0  0  0  0  0  0  0  0  0  0  0
   -7.8749    4.7157   -0.0494 O   0  0  0  0  0  0  0  0  0  0  0  0
   -6.8035    2.3071   -0.9257 C   0  0  0  0  0  0  0  0  0  0  0  0
   -7.4580    1.8076    0.1344 O   0  0  0  0  0  0  0  0  0  0  0  0
   -7.0856    1.9350   -2.0401 O   0  0  0  0  0  0  0  0  0  0  0  0
    1.5901   -4.5134   -0.7452 C   0  0  0  0  0  0  0  0  0  0  0  0
    1.4480   -3.5349   -1.6530 O   0  0  0  0  0  0  0  0  0  0  0  0
    2.6630   -4.7013   -0.2223 O   0  0  0  0  0  0  0  0  0  0  0  0
    3.0254   -9.0237   -0.5150 H   0  0  0  0  0  0  0  0  0  0  0  0
    0.0460   -7.2246    0.6688 H   0  0  0  0  0  0  0  0  0  0  0  0
    1.4056   -6.2720    1.3109 H   0  0  0  0  0  0  0  0  0  0  0  0
   -0.0957   -5.7051   -1.2856 H   0  0  0  0  0  0  0  0  0  0  0  0
   -1.3443   -5.2321    0.8618 H   0  0  0  0  0  0  0  0  0  0  0  0
   -0.0222   -4.1351    1.3275 H   0  0  0  0  0  0  0  0  0  0  0  0
   -1.8406   -1.2850   -1.4165 H   0  0  0  0  0  0  0  0  0  0  0  0
   -4.4472   -0.8157   -1.0944 H   0  0  0  0  0  0  0  0  0  0  0  0
   -4.8950   -2.6568   -2.6385 H   0  0  0  0  0  0  0  0  0  0  0  0
   -3.3027   -1.9596   -3.0218 H   0  0  0  0  0  0  0  0  0  0  0  0
   -3.4102   -3.4933   -2.1248 H   0  0  0  0  0  0  0  0  0  0  0  0
   -5.5775   -2.8664   -0.2162 H   0  0  0  0  0  0  0  0  0  0  0  0
   -3.9918   -3.4974    0.2892 H   0  0  0  0  0  0  0  0  0  0  0  0
   -3.6707   -1.6490    1.8269 H   0  0  0  0  0  0  0  0  0  0  0  0
   -5.1171   -0.8172    1.2071 H   0  0  0  0  0  0  0  0  0  0  0  0
   -6.5079   -2.7614    1.9754 H   0  0  0  0  0  0  0  0  0  0  0  0
   -5.0464   -3.4818    2.6919 H   0  0  0  0  0  0  0  0  0  0  0  0
   -4.7673   -1.5476    4.1678 H   0  0  0  0  0  0  0  0  0  0  0  0
   -6.1394   -0.7205    3.3920 H   0  0  0  0  0  0  0  0  0  0  0  0
   -6.4161   -2.1915    4.3553 H   0  0  0  0  0  0  0  0  0  0  0  0
   -3.1667   -0.2568    1.1300 H   0  0  0  0  0  0  0  0  0  0  0  0
   -0.7760   -0.7917    1.5130 H   0  0  0  0  0  0  0  0  0  0  0  0
   -0.3328    0.1600    0.0756 H   0  0  0  0  0  0  0  0  0  0  0  0
   -1.3121    2.1868    1.1156 H   0  0  0  0  0  0  0  0  0  0  0  0
   -1.8384    0.2799    3.4375 H   0  0  0  0  0  0  0  0  0  0  0  0
   -1.9574    2.0524    3.5493 H   0  0  0  0  0  0  0  0  0  0  0  0
   -3.0548    1.1527    2.4747 H   0  0  0  0  0  0  0  0  0  0  0  0
    0.3425    2.3916    3.0090 H   0  0  0  0  0  0  0  0  0  0  0  0
    0.6826    0.6527    2.8392 H   0  0  0  0  0  0  0  0  0  0  0  0
    1.2826    1.0638    0.4284 H   0  0  0  0  0  0  0  0  0  0  0  0
    1.0618    3.7754    1.2689 H   0  0  0  0  0  0  0  0  0  0  0  0
    2.8202    2.7183    2.4816 H   0  0  0  0  0  0  0  0  0  0  0  0
    3.0230    0.9737    2.1924 H   0  0  0  0  0  0  0  0  0  0  0  0
    3.6836    1.4391   -0.1519 H   0  0  0  0  0  0  0  0  0  0  0  0
    3.4808    3.1837    0.1373 H   0  0  0  0  0  0  0  0  0  0  0  0
    5.2211    3.0936    1.9013 H   0  0  0  0  0  0  0  0  0  0  0  0
    5.4240    1.3491    1.6121 H   0  0  0  0  0  0  0  0  0  0  0  0
    6.0846    1.8145   -0.7322 H   0  0  0  0  0  0  0  0  0  0  0  0
    5.8817    3.5591   -0.4430 H   0  0  0  0  0  0  0  0  0  0  0  0
    7.6221    3.4690    1.3210 H   0  0  0  0  0  0  0  0  0  0  0  0
    7.8429    0.7573    0.4805 H   0  0  0  0  0  0  0  0  0  0  0  0
    8.4856    2.1898   -1.3125 H   0  0  0  0  0  0  0  0  0  0  0  0
    8.2827    3.9344   -1.0233 H   0  0  0  0  0  0  0  0  0  0  0  0
   10.0231    3.8443    0.7407 H   0  0  0  0  0  0  0  0  0  0  0  0
   10.2439    1.1327   -0.0998 H   0  0  0  0  0  0  0  0  0  0  0  0
   10.6837    4.3098   -1.6036 H   0  0  0  0  0  0  0  0  0  0  0  0
   12.4241    4.2197    0.1603 H   0  0  0  0  0  0  0  0  0  0  0  0
   12.6269    2.4751   -0.1288 H   0  0  0  0  0  0  0  0  0  0  0  0
   13.0635    3.6443   -1.3980 H   0  0  0  0  0  0  0  0  0  0  0  0
   11.1139    1.4308   -1.6858 H   0  0  0  0  0  0  0  0  0  0  0  0
    9.8957    2.2089   -2.4151 H   0  0  0  0  0  0  0  0  0  0  0  0
   -3.6157    3.5329   -1.1574 H   0  0  0  0  0  0  0  0  0  0  0  0
   -4.4819    2.4063   -2.2292 H   0  0  0  0  0  0  0  0  0  0  0  0
   -5.6466    3.5857    0.3317 H   0  0  0  0  0  0  0  0  0  0  0  0
   -5.2131    5.2885   -1.4733 H   0  0  0  0  0  0  0  0  0  0  0  0
   -6.2226    4.3189   -2.5728 H   0  0  0  0  0  0  0  0  0  0  0  0
   -8.5272    6.8088   -1.1179 H   0  0  0  0  0  0  0  0  0  0  0  0
   -8.1554    1.1501    0.0063 H   0  0  0  0  0  0  0  0  0  0  0  0
    2.2044   -2.9804   -1.8886 H   0  0  0  0  0  0  0  0  0  0  0  0
  1  2  1  0  0  0  0
  1  3  2  0  0  0  0
  1  4  1  0  0  0  0
  4  5  1  0  0  0  0
  5  6  1  0  0  0  0
  6  7  1  0  0  0  0
  7  8  2  0  0  0  0
  7  9  1  0  0  0  0
  9 10  1  0  0  0  0
 10 11  1  0  0  0  0
 11 12  1  0  0  0  0
 11 13  1  0  0  0  0
 13 14  1  0  0  0  0
 14 15  1  0  0  0  0
 15 16  1  0  0  0  0
 10 17  1  0  0  0  0
 17 18  1  0  0  0  0
 18 19  1  0  0  0  0
 19 20  1  0  0  0  0
 19 21  1  0  0  0  0
 21 22  1  0  0  0  0
 22 23  1  0  0  0  0
 22 24  1  0  0  0  0
 24 25  1  0  0  0  0
 25 26  1  0  0  0  0
 26 27  1  0  0  0  0
 27 28  1  0  0  0  0
 28 29  1  0  0  0  0
 28 30  1  0  0  0  0
 30 31  1  0  0  0  0
 31 32  1  0  0  0  0
 31 33  1  0  0  0  0
 33 34  1  0  0  0  0
 33 35  1  0  0  0  0
 17 36  1  0  0  0  0
 36 37  1  0  0  0  0
 37 38  2  0  0  0  0
 37 39  1  0  0  0  0
 39 40  1  0  0  0  0
 40 41  1  0  0  0  0
 41 42  1  0  0  0  0
 42 43  1  0  0  0  0
 42 44  2  0  0  0  0
 40 45  1  0  0  0  0
 45 46  1  0  0  0  0
 45 47  2  0  0  0  0
  5 48  1  0  0  0  0
 48 49  1  0  0  0  0
 48 50  2  0  0  0  0
  2 51  1  0  0  0  0
  4 52  1  0  0  0  0
  4 53  1  0  0  0  0
  5 54  1  0  0  0  0
  6 55  1  0  0  0  0
  6 56  1  0  0  0  0
 10 57  1  0  0  0  0
 11 58  1  0  0  0  0
 12 59  1  0  0  0  0
 12 60  1  0  0  0  0
 12 61  1  0  0  0  0
 13 62  1  0  0  0  0
 13 63  1  0  0  0  0
 14 64  1  0  0  0  0
 14 65  1  0  0  0  0
 15 66  1  0  0  0  0
 15 67  1  0  0  0  0
 16 68  1  0  0  0  0
 16 69  1  0  0  0  0
 16 70  1  0  0  0  0
 17 71  1  0  0  0  0
 18 72  1  0  0  0  0
 18 73  1  0  0  0  0
 19 74  1  0  0  0  0
 20 75  1  0  0  0  0
 20 76  1  0  0  0  0
 20 77  1  0  0  0  0
 21 78  1  0  0  0  0
 21 79  1  0  0  0  0
 22 80  1  0  0  0  0
 23 81  1  0  0  0  0
 24 82  1  0  0  0  0
 24 83  1  0  0  0  0
 25 84  1  0  0  0  0
 25 85  1  0  0  0  0
 26 86  1  0  0  0  0
 26 87  1  0  0  0  0
 27 88  1  0  0  0  0
 27 89  1  0  0  0  0
 28 90  1  0  0  0  0
 29 91  1  0  0  0  0
 30 92  1  0  0  0  0
 30 93  1  0  0  0  0
 31 94  1  0  0  0  0
 32 95  1  0  0  0  0
 33 96  1  0  0  0  0
 34 97  1  0  0  0  0
 34 98  1  0  0  0  0
 34 99  1  0  0  0  0
 35 100  1  0  0  0  0
 35 101  1  0  0  0  0
 39 102  1  0  0  0  0
 39 103  1  0  0  0  0
 40 104  1  0  0  0  0
 41 105  1  0  0  0  0
 41 106  1  0  0  0  0
 43 107  1  0  0  0  0
 46 108  1  0  0  0  0
 49 109  1  0  0  0  0
M  END
$$$$
