 
WItclserve11290013443D 0   0.00000     0.00000cramer
 
 30 32  0  0  0  0  0  0  0  0  1 V2000
   -2.3735   -0.8543    0.1443 O   0  0  0  0  0  0  0  0  0  0  0  0
   -3.4118    0.1254    0.2076 C   0  0  0  0  0  0  0  0  0  0  0  0
   -4.7696   -0.5751    0.2898 C   0  0  0  0  0  0  0  0  0  0  0  0
   -6.0209    0.3021    0.3661 C   0  0  0  0  0  0  0  0  0  0  0  0
   -5.6653   -0.4227   -0.8131 O   0  0  0  0  0  0  0  0  0  0  0  0
   -1.1978   -0.1765    0.0731 C   0  0  0  0  0  0  0  0  0  0  0  0
   -1.1951    1.2114    0.0734 C   0  0  0  0  0  0  0  0  0  0  0  0
   -0.0002    1.9010    0.0011 C   0  0  0  0  0  0  0  0  0  0  0  0
    1.1951    1.2112   -0.0717 C   0  0  0  0  0  0  0  0  0  0  0  0
    1.1977   -0.1763   -0.0723 C   0  0  0  0  0  0  0  0  0  0  0  0
    0.0001   -0.8707    0.0060 C   0  0  0  0  0  0  0  0  0  0  0  0
    2.3734   -0.8541   -0.1447 O   0  0  0  0  0  0  0  0  0  0  0  0
    3.4117    0.1256   -0.2083 C   0  0  0  0  0  0  0  0  0  0  0  0
    4.7694   -0.5749   -0.2920 C   0  0  0  0  0  0  0  0  0  0  0  0
    6.0206    0.3022   -0.3686 C   0  0  0  0  0  0  0  0  0  0  0  0
    5.6660   -0.4232    0.8104 O   0  0  0  0  0  0  0  0  0  0  0  0
   -3.2703    0.7483    1.0908 H   0  0  0  0  0  0  0  0  0  0  0  0
   -3.3781    0.7488   -0.6859 H   0  0  0  0  0  0  0  0  0  0  0  0
   -4.7807   -1.5235    0.8269 H   0  0  0  0  0  0  0  0  0  0  0  0
   -6.8631   -0.0645    0.9529 H   0  0  0  0  0  0  0  0  0  0  0  0
   -5.8843    1.3835    0.3581 H   0  0  0  0  0  0  0  0  0  0  0  0
   -2.1279    1.7527    0.1298 H   0  0  0  0  0  0  0  0  0  0  0  0
   -0.0002    2.9810    0.0010 H   0  0  0  0  0  0  0  0  0  0  0  0
    2.1279    1.7525   -0.1285 H   0  0  0  0  0  0  0  0  0  0  0  0
    0.0001   -1.9507    0.0057 H   0  0  0  0  0  0  0  0  0  0  0  0
    3.2695    0.7490   -1.0910 H   0  0  0  0  0  0  0  0  0  0  0  0
    3.3787    0.7485    0.6856 H   0  0  0  0  0  0  0  0  0  0  0  0
    4.7801   -1.5231   -0.8296 H   0  0  0  0  0  0  0  0  0  0  0  0
    6.8624   -0.0640   -0.9564 H   0  0  0  0  0  0  0  0  0  0  0  0
    5.8842    1.3836   -0.3599 H   0  0  0  0  0  0  0  0  0  0  0  0
  1  2  1  0  0  0  0
  2  3  1  0  0  0  0
  3  4  1  0  0  0  0
  4  5  1  0  0  0  0
  3  5  1  0  0  0  0
  1  6  1  0  0  0  0
  6  7  1  0  0  0  0
  7  8  2  0  0  0  0
  8  9  1  0  0  0  0
  9 10  2  0  0  0  0
 10 11  1  0  0  0  0
  6 11  2  0  0  0  0
 10 12  1  0  0  0  0
 12 13  1  0  0  0  0
 13 14  1  0  0  0  0
 14 15  1  0  0  0  0
 15 16  1  0  0  0  0
 14 16  1  0  0  0  0
  2 17  1  0  0  0  0
  2 18  1  0  0  0  0
  3 19  1  0  0  0  0
  4 20  1  0  0  0  0
  4 21  1  0  0  0  0
  7 22  1  0  0  0  0
  8 23  1  0  0  0  0
  9 24  1  0  0  0  0
 11 25  1  0  0  0  0
 13 26  1  0  0  0  0
 13 27  1  0  0  0  0
 14 28  1  0  0  0  0
 15 29  1  0  0  0  0
 15 30  1  0  0  0  0
M  END
$$$$
