 
WItclserve11290013453D 0   0.00000     0.00000cramer
 
 16 15  0  0  0  0  0  0  0  0  1 V2000
   -1.5181    0.0273   -0.3726 C   0  0  0  0  0  0  0  0  0  0  0  0
   -2.7877   -0.7331    0.0156 C   0  0  0  0  0  0  0  0  0  0  0  0
   -1.5868    1.4515    0.1822 C   0  0  0  0  0  0  0  0  0  0  0  0
   -0.2971   -0.6882    0.2088 C   0  0  0  0  0  0  0  0  0  0  0  0
    0.9077    0.0335   -0.1597 O   0  0  0  0  0  0  0  0  0  0  0  0
    1.9965   -0.3724    0.2056 N   0  0  0  0  0  0  0  0  0  0  0  0
    3.0072    0.2329   -0.1035 O   0  0  0  0  0  0  0  0  0  0  0  0
   -1.4346    0.0642   -1.4588 H   0  0  0  0  0  0  0  0  0  0  0  0
   -2.8713   -0.7700    1.1018 H   0  0  0  0  0  0  0  0  0  0  0  0
   -3.6576   -0.2234   -0.3986 H   0  0  0  0  0  0  0  0  0  0  0  0
   -2.7388   -1.7477   -0.3797 H   0  0  0  0  0  0  0  0  0  0  0  0
   -2.4567    1.9612   -0.2320 H   0  0  0  0  0  0  0  0  0  0  0  0
   -1.6704    1.4146    1.2684 H   0  0  0  0  0  0  0  0  0  0  0  0
   -0.6824    1.9932   -0.0944 H   0  0  0  0  0  0  0  0  0  0  0  0
   -0.3807   -0.7251    1.2950 H   0  0  0  0  0  0  0  0  0  0  0  0
   -0.2482   -1.7028   -0.1865 H   0  0  0  0  0  0  0  0  0  0  0  0
  1  2  1  0  0  0  0
  1  3  1  0  0  0  0
  1  4  1  0  0  0  0
  4  5  1  0  0  0  0
  5  6  1  0  0  0  0
  6  7  2  0  0  0  0
  1  8  1  0  0  0  0
  2  9  1  0  0  0  0
  2 10  1  0  0  0  0
  2 11  1  0  0  0  0
  3 12  1  0  0  0  0
  3 13  1  0  0  0  0
  3 14  1  0  0  0  0
  4 15  1  0  0  0  0
  4 16  1  0  0  0  0
M  END
$$$$
