 
WItclserve11290013443D 0   0.00000     0.00000cramer
 
  8  7  0  0  0  0  0  0  0  0  1 V2000
   -0.5800    0.4987   -0.6112 C   0  0  0  0  0  0  0  0  0  0  0  0
   -2.1440   -0.3983   -0.6112 Cl  0  0  0  0  0  0  0  0  0  0  0  0
   -0.4816    1.5352    0.8608 Cl  0  0  0  0  0  0  0  0  0  0  0  0
    0.5800   -0.4988   -0.6111 C   0  0  0  0  0  0  0  0  0  0  0  0
    2.1440    0.3982   -0.6112 Cl  0  0  0  0  0  0  0  0  0  0  0  0
    0.4816   -1.5350    0.8611 Cl  0  0  0  0  0  0  0  0  0  0  0  0
   -0.5205    1.1251   -1.5013 H   0  0  0  0  0  0  0  0  0  0  0  0
    0.5205   -1.1254   -1.5011 H   0  0  0  0  0  0  0  0  0  0  0  0
  1  2  1  0  0  0  0
  1  3  1  0  0  0  0
  1  4  1  0  0  0  0
  4  5  1  0  0  0  0
  4  6  1  0  0  0  0
  1  7  1  0  0  0  0
  4  8  1  0  0  0  0
M  END
$$$$
