 
WItclserve11290013443D 0   0.00000     0.00000cramer
 
 39 41  0  0  0  0  0  0  0  0  1 V2000
   -0.0016   -0.0450    0.0049 C   0  0  0  0  0  0  0  0  0  0  0  0
    0.0419   -1.4523    0.0030 C   0  0  0  0  0  0  0  0  0  0  0  0
   -1.1597   -2.1951   -0.0222 C   0  0  0  0  0  0  0  0  0  0  0  0
   -1.1202   -3.5480   -0.0245 C   0  0  0  0  0  0  0  0  0  0  0  0
    0.1274   -4.2193   -0.0015 C   0  0  0  0  0  0  0  0  0  0  0  0
    0.1684   -5.5446   -0.0042 N   0  0  0  0  0  0  0  0  0  0  0  0
    1.3312   -3.4723    0.0238 C   0  0  0  0  0  0  0  0  0  0  0  0
    1.2871   -2.1195    0.0206 C   0  0  0  0  0  0  0  0  0  0  0  0
    1.2475    0.7286    0.0312 C   0  0  0  0  0  0  0  0  0  0  0  0
    2.1851    0.5852   -1.0011 C   0  0  0  0  0  0  0  0  0  0  0  0
    3.3440    1.3063   -0.9728 C   0  0  0  0  0  0  0  0  0  0  0  0
    3.5955    2.1839    0.0801 C   0  0  0  0  0  0  0  0  0  0  0  0
    4.7762    2.9162    0.1045 N   0  0  0  0  0  0  0  0  0  0  0  0
    2.6665    2.3297    1.1081 C   0  0  0  0  0  0  0  0  0  0  0  0
    1.5023    1.6163    1.0853 C   0  0  0  0  0  0  0  0  0  0  0  0
   -1.2958    0.6501   -0.0255 C   0  0  0  0  0  0  0  0  0  0  0  0
   -2.2277    0.4462    1.0017 C   0  0  0  0  0  0  0  0  0  0  0  0
   -3.4289    1.0941    0.9694 C   0  0  0  0  0  0  0  0  0  0  0  0
   -3.7294    1.9570   -0.0829 C   0  0  0  0  0  0  0  0  0  0  0  0
   -4.9532    2.6147   -0.1114 N   0  0  0  0  0  0  0  0  0  0  0  0
   -2.8064    2.1627   -1.1059 C   0  0  0  0  0  0  0  0  0  0  0  0
   -1.6000    1.5233   -1.0787 C   0  0  0  0  0  0  0  0  0  0  0  0
   -2.1104   -1.6830   -0.0394 H   0  0  0  0  0  0  0  0  0  0  0  0
   -2.0390   -4.1154   -0.0435 H   0  0  0  0  0  0  0  0  0  0  0  0
    1.0228   -6.0035    0.0116 H   0  0  0  0  0  0  0  0  0  0  0  0
    2.2832   -3.9820    0.0414 H   0  0  0  0  0  0  0  0  0  0  0  0
    2.2044   -1.5497    0.0399 H   0  0  0  0  0  0  0  0  0  0  0  0
    1.9911   -0.0950   -1.8172 H   0  0  0  0  0  0  0  0  0  0  0  0
    4.0670    1.1962   -1.7674 H   0  0  0  0  0  0  0  0  0  0  0  0
    4.9528    3.5275    0.8367 H   0  0  0  0  0  0  0  0  0  0  0  0
    5.4239    2.8161   -0.6106 H   0  0  0  0  0  0  0  0  0  0  0  0
    2.8657    3.0107    1.9223 H   0  0  0  0  0  0  0  0  0  0  0  0
    0.7825    1.7302    1.8824 H   0  0  0  0  0  0  0  0  0  0  0  0
   -1.9957   -0.2227    1.8174 H   0  0  0  0  0  0  0  0  0  0  0  0
   -4.1476    0.9373    1.7602 H   0  0  0  0  0  0  0  0  0  0  0  0
   -5.1639    3.2157   -0.8431 H   0  0  0  0  0  0  0  0  0  0  0  0
   -5.5968    2.4728    0.6003 H   0  0  0  0  0  0  0  0  0  0  0  0
   -3.0436    2.8321   -1.9196 H   0  0  0  0  0  0  0  0  0  0  0  0
   -0.8849    1.6835   -1.8720 H   0  0  0  0  0  0  0  0  0  0  0  0
  1  2  2  0  0  0  0
  2  3  1  0  0  0  0
  3  4  2  0  0  0  0
  4  5  1  0  0  0  0
  5  6  2  0  0  0  0
  5  7  1  0  0  0  0
  7  8  2  0  0  0  0
  2  8  1  0  0  0  0
  1  9  1  0  0  0  0
  9 10  1  0  0  0  0
 10 11  2  0  0  0  0
 11 12  1  0  0  0  0
 12 13  1  0  0  0  0
 12 14  2  0  0  0  0
 14 15  1  0  0  0  0
  9 15  2  0  0  0  0
  1 16  1  0  0  0  0
 16 17  1  0  0  0  0
 17 18  2  0  0  0  0
 18 19  1  0  0  0  0
 19 20  1  0  0  0  0
 19 21  2  0  0  0  0
 21 22  1  0  0  0  0
 16 22  2  0  0  0  0
  3 23  1  0  0  0  0
  4 24  1  0  0  0  0
  6 25  1  0  0  0  0
  7 26  1  0  0  0  0
  8 27  1  0  0  0  0
 10 28  1  0  0  0  0
 11 29  1  0  0  0  0
 13 30  1  0  0  0  0
 13 31  1  0  0  0  0
 14 32  1  0  0  0  0
 15 33  1  0  0  0  0
 17 34  1  0  0  0  0
 18 35  1  0  0  0  0
 20 36  1  0  0  0  0
 20 37  1  0  0  0  0
 21 38  1  0  0  0  0
 22 39  1  0  0  0  0
M  END
$$$$
