 
WItclserve11290013453D 0   0.00000     0.00000cramer
 
 24 26  0  0  0  0  0  0  0  0  1 V2000
   -1.2794   -0.7031    0.0025 C   0  0  0  0  0  0  0  0  0  0  0  0
   -2.4887   -1.3923    0.0027 C   0  0  0  0  0  0  0  0  0  0  0  0
   -3.6821   -0.6914    0.0014 C   0  0  0  0  0  0  0  0  0  0  0  0
   -3.6821    0.6914   -0.0001 C   0  0  0  0  0  0  0  0  0  0  0  0
   -2.4887    1.3923   -0.0008 C   0  0  0  0  0  0  0  0  0  0  0  0
   -1.2793    0.7031    0.0009 C   0  0  0  0  0  0  0  0  0  0  0  0
    0.0000    1.4432   -0.0003 C   0  0  0  0  0  0  0  0  0  0  0  0
    0.0000    2.6582   -0.0019 O   0  0  0  0  0  0  0  0  0  0  0  0
    1.2794    0.7032    0.0008 C   0  0  0  0  0  0  0  0  0  0  0  0
    2.4888    1.3923   -0.0012 C   0  0  0  0  0  0  0  0  0  0  0  0
    3.6821    0.6914   -0.0006 C   0  0  0  0  0  0  0  0  0  0  0  0
    3.6821   -0.6915    0.0016 C   0  0  0  0  0  0  0  0  0  0  0  0
    2.4887   -1.3923    0.0031 C   0  0  0  0  0  0  0  0  0  0  0  0
    1.2793   -0.7031    0.0034 C   0  0  0  0  0  0  0  0  0  0  0  0
    0.0000   -1.4432   -0.0022 C   0  0  0  0  0  0  0  0  0  0  0  0
    0.0000   -2.6582   -0.0066 O   0  0  0  0  0  0  0  0  0  0  0  0
   -2.4958   -2.4723    0.0035 H   0  0  0  0  0  0  0  0  0  0  0  0
   -4.6194   -1.2280    0.0011 H   0  0  0  0  0  0  0  0  0  0  0  0
   -4.6194    1.2279   -0.0011 H   0  0  0  0  0  0  0  0  0  0  0  0
   -2.4958    2.4723   -0.0019 H   0  0  0  0  0  0  0  0  0  0  0  0
    2.4958    2.4723   -0.0036 H   0  0  0  0  0  0  0  0  0  0  0  0
    4.6195    1.2279   -0.0022 H   0  0  0  0  0  0  0  0  0  0  0  0
    4.6194   -1.2280    0.0017 H   0  0  0  0  0  0  0  0  0  0  0  0
    2.4957   -2.4723    0.0041 H   0  0  0  0  0  0  0  0  0  0  0  0
  1  2  1  0  0  0  0
  2  3  2  0  0  0  0
  3  4  1  0  0  0  0
  4  5  2  0  0  0  0
  5  6  1  0  0  0  0
  1  6  2  0  0  0  0
  6  7  1  0  0  0  0
  7  8  2  0  0  0  0
  7  9  1  0  0  0  0
  9 10  1  0  0  0  0
 10 11  2  0  0  0  0
 11 12  1  0  0  0  0
 12 13  2  0  0  0  0
 13 14  1  0  0  0  0
  9 14  2  0  0  0  0
 14 15  1  0  0  0  0
  1 15  1  0  0  0  0
 15 16  2  0  0  0  0
  2 17  1  0  0  0  0
  3 18  1  0  0  0  0
  4 19  1  0  0  0  0
  5 20  1  0  0  0  0
 10 21  1  0  0  0  0
 11 22  1  0  0  0  0
 12 23  1  0  0  0  0
 13 24  1  0  0  0  0
M  END
$$$$
