 
WItclserve11290013443D 0   0.00000     0.00000cramer
 
 21 21  0  0  0  0  0  0  0  0  1 V2000
   -2.2486    0.0783    0.0018 O   0  0  0  0  0  0  0  0  0  0  0  0
   -2.7778   -1.2491   -0.0002 C   0  0  0  0  0  0  0  0  0  0  0  0
   -0.8935   -0.0388    0.0013 C   0  0  0  0  0  0  0  0  0  0  0  0
   -0.3051   -1.2926   -0.0007 C   0  0  0  0  0  0  0  0  0  0  0  0
    1.0728   -1.4102   -0.0011 C   0  0  0  0  0  0  0  0  0  0  0  0
    1.8669   -0.2784    0.0006 C   0  0  0  0  0  0  0  0  0  0  0  0
    3.3678   -0.4134    0.0001 C   0  0  0  0  0  0  0  0  0  0  0  0
    1.2875    0.9765    0.0022 C   0  0  0  0  0  0  0  0  0  0  0  0
   -0.0941    1.1021   -0.0028 C   0  0  0  0  0  0  0  0  0  0  0  0
   -0.6832    2.3718   -0.0011 N   0  0  0  0  0  0  0  0  0  0  0  0
   -2.4353   -1.7755   -0.8911 H   0  0  0  0  0  0  0  0  0  0  0  0
   -2.4350   -1.7783    0.8888 H   0  0  0  0  0  0  0  0  0  0  0  0
   -3.8670   -1.2060    0.0000 H   0  0  0  0  0  0  0  0  0  0  0  0
   -0.9225   -2.1787   -0.0017 H   0  0  0  0  0  0  0  0  0  0  0  0
    1.5298   -2.3887   -0.0024 H   0  0  0  0  0  0  0  0  0  0  0  0
    3.7296   -0.4443   -1.0276 H   0  0  0  0  0  0  0  0  0  0  0  0
    3.8095    0.4397    0.5153 H   0  0  0  0  0  0  0  0  0  0  0  0
    3.6501   -1.3331    0.5125 H   0  0  0  0  0  0  0  0  0  0  0  0
    1.9102    1.8589    0.0031 H   0  0  0  0  0  0  0  0  0  0  0  0
   -0.1254    3.1653    0.0035 H   0  0  0  0  0  0  0  0  0  0  0  0
   -1.6494    2.4581   -0.0046 H   0  0  0  0  0  0  0  0  0  0  0  0
  1  2  1  0  0  0  0
  1  3  1  0  0  0  0
  3  4  1  0  0  0  0
  4  5  2  0  0  0  0
  5  6  1  0  0  0  0
  6  7  1  0  0  0  0
  6  8  2  0  0  0  0
  8  9  1  0  0  0  0
  3  9  2  0  0  0  0
  9 10  1  0  0  0  0
  2 11  1  0  0  0  0
  2 12  1  0  0  0  0
  2 13  1  0  0  0  0
  4 14  1  0  0  0  0
  5 15  1  0  0  0  0
  7 16  1  0  0  0  0
  7 17  1  0  0  0  0
  7 18  1  0  0  0  0
  8 19  1  0  0  0  0
 10 20  1  0  0  0  0
 10 21  1  0  0  0  0
M  END
$$$$
