 
WItclserve11290013443D 0   0.00000     0.00000cramer
 
 66 66  0  0  0  0  0  0  0  0  1 V2000
    0.8636   -4.5529    0.7146 C   0  0  0  0  0  0  0  0  0  0  0  0
   -0.5035   -4.6893    0.5504 C   0  0  0  0  0  0  0  0  0  0  0  0
   -1.2726   -3.6089    0.1608 C   0  0  0  0  0  0  0  0  0  0  0  0
   -0.6722   -2.3737   -0.0690 C   0  0  0  0  0  0  0  0  0  0  0  0
   -1.4905   -1.2150   -0.4854 C   0  0  0  0  0  0  0  0  0  0  0  0
   -1.2140   -0.6101   -1.5016 O   0  0  0  0  0  0  0  0  0  0  0  0
   -2.5428   -0.8301    0.2623 O   0  0  0  0  0  0  0  0  0  0  0  0
   -3.3465    0.3080   -0.1467 C   0  0  0  0  0  0  0  0  0  0  0  0
   -4.4690    0.5309    0.8688 C   0  0  0  0  0  0  0  0  0  0  0  0
   -3.8632    0.8033    2.2470 C   0  0  0  0  0  0  0  0  0  0  0  0
   -4.9818    0.8935    3.2870 C   0  0  0  0  0  0  0  0  0  0  0  0
   -5.3158    1.7301    0.4378 C   0  0  0  0  0  0  0  0  0  0  0  0
   -6.0282    1.4053   -0.8767 C   0  0  0  0  0  0  0  0  0  0  0  0
   -6.7783    2.6443   -1.3699 C   0  0  0  0  0  0  0  0  0  0  0  0
   -7.4906    2.3196   -2.6845 C   0  0  0  0  0  0  0  0  0  0  0  0
    0.7187   -2.2350    0.0981 C   0  0  0  0  0  0  0  0  0  0  0  0
    1.4771   -3.3346    0.4910 C   0  0  0  0  0  0  0  0  0  0  0  0
    1.3702   -0.9299   -0.1428 C   0  0  0  0  0  0  0  0  0  0  0  0
    0.6946    0.0527   -0.3735 O   0  0  0  0  0  0  0  0  0  0  0  0
    2.7130   -0.8305   -0.1062 O   0  0  0  0  0  0  0  0  0  0  0  0
    3.3529    0.4513   -0.3427 C   0  0  0  0  0  0  0  0  0  0  0  0
    4.8711    0.2892   -0.2449 C   0  0  0  0  0  0  0  0  0  0  0  0
    5.3450   -0.7187   -1.2940 C   0  0  0  0  0  0  0  0  0  0  0  0
    6.8400   -0.9851   -1.1066 C   0  0  0  0  0  0  0  0  0  0  0  0
    5.5453    1.6398   -0.4942 C   0  0  0  0  0  0  0  0  0  0  0  0
    5.1750    2.6097    0.6297 C   0  0  0  0  0  0  0  0  0  0  0  0
    5.7494    3.9934    0.3191 C   0  0  0  0  0  0  0  0  0  0  0  0
    5.3791    4.9633    1.4429 C   0  0  0  0  0  0  0  0  0  0  0  0
    1.4544   -5.4025    1.0237 H   0  0  0  0  0  0  0  0  0  0  0  0
   -0.9725   -5.6459    0.7274 H   0  0  0  0  0  0  0  0  0  0  0  0
   -2.3391   -3.7228    0.0342 H   0  0  0  0  0  0  0  0  0  0  0  0
   -2.7185    1.1976   -0.1952 H   0  0  0  0  0  0  0  0  0  0  0  0
   -3.7781    0.1139   -1.1286 H   0  0  0  0  0  0  0  0  0  0  0  0
   -5.0970   -0.3587    0.9173 H   0  0  0  0  0  0  0  0  0  0  0  0
   -3.1848   -0.0075    2.5125 H   0  0  0  0  0  0  0  0  0  0  0  0
   -3.3131    1.7440    2.2227 H   0  0  0  0  0  0  0  0  0  0  0  0
   -5.6080    1.7596    3.0730 H   0  0  0  0  0  0  0  0  0  0  0  0
   -5.5879   -0.0116    3.2481 H   0  0  0  0  0  0  0  0  0  0  0  0
   -4.5463    0.9966    4.2809 H   0  0  0  0  0  0  0  0  0  0  0  0
   -6.0559    1.9478    1.2079 H   0  0  0  0  0  0  0  0  0  0  0  0
   -4.6717    2.5980    0.2972 H   0  0  0  0  0  0  0  0  0  0  0  0
   -5.2934    1.1043   -1.6234 H   0  0  0  0  0  0  0  0  0  0  0  0
   -6.7361    0.5924   -0.7152 H   0  0  0  0  0  0  0  0  0  0  0  0
   -7.5131    2.9454   -0.6232 H   0  0  0  0  0  0  0  0  0  0  0  0
   -6.0704    3.4572   -1.5315 H   0  0  0  0  0  0  0  0  0  0  0  0
   -8.1985    1.5066   -2.5229 H   0  0  0  0  0  0  0  0  0  0  0  0
   -8.0250    3.2022   -3.0358 H   0  0  0  0  0  0  0  0  0  0  0  0
   -6.7558    2.0185   -3.4312 H   0  0  0  0  0  0  0  0  0  0  0  0
    2.5446   -3.2355    0.6215 H   0  0  0  0  0  0  0  0  0  0  0  0
    3.0892    0.8110   -1.3373 H   0  0  0  0  0  0  0  0  0  0  0  0
    3.0153    1.1693    0.4047 H   0  0  0  0  0  0  0  0  0  0  0  0
    5.1348   -0.0705    0.7496 H   0  0  0  0  0  0  0  0  0  0  0  0
    4.7925   -1.6510   -1.1778 H   0  0  0  0  0  0  0  0  0  0  0  0
    5.1702   -0.3146   -2.2911 H   0  0  0  0  0  0  0  0  0  0  0  0
    7.1959   -1.6360   -1.9051 H   0  0  0  0  0  0  0  0  0  0  0  0
    7.3839   -0.0410   -1.1377 H   0  0  0  0  0  0  0  0  0  0  0  0
    7.0050   -1.4680   -0.1434 H   0  0  0  0  0  0  0  0  0  0  0  0
    6.6270    1.5071   -0.5178 H   0  0  0  0  0  0  0  0  0  0  0  0
    5.2079    2.0437   -1.4486 H   0  0  0  0  0  0  0  0  0  0  0  0
    4.0900    2.6763    0.7093 H   0  0  0  0  0  0  0  0  0  0  0  0
    5.5870    2.2485    1.5719 H   0  0  0  0  0  0  0  0  0  0  0  0
    6.8345    3.9268    0.2394 H   0  0  0  0  0  0  0  0  0  0  0  0
    5.3374    4.3547   -0.6232 H   0  0  0  0  0  0  0  0  0  0  0  0
    4.2941    5.0299    1.5225 H   0  0  0  0  0  0  0  0  0  0  0  0
    5.7911    4.6021    2.3851 H   0  0  0  0  0  0  0  0  0  0  0  0
    5.7883    5.9491    1.2216 H   0  0  0  0  0  0  0  0  0  0  0  0
  1  2  1  0  0  0  0
  2  3  2  0  0  0  0
  3  4  1  0  0  0  0
  4  5  1  0  0  0  0
  5  6  2  0  0  0  0
  5  7  1  0  0  0  0
  7  8  1  0  0  0  0
  8  9  1  0  0  0  0
  9 10  1  0  0  0  0
 10 11  1  0  0  0  0
  9 12  1  0  0  0  0
 12 13  1  0  0  0  0
 13 14  1  0  0  0  0
 14 15  1  0  0  0  0
  4 16  2  0  0  0  0
 16 17  1  0  0  0  0
  1 17  2  0  0  0  0
 16 18  1  0  0  0  0
 18 19  2  0  0  0  0
 18 20  1  0  0  0  0
 20 21  1  0  0  0  0
 21 22  1  0  0  0  0
 22 23  1  0  0  0  0
 23 24  1  0  0  0  0
 22 25  1  0  0  0  0
 25 26  1  0  0  0  0
 26 27  1  0  0  0  0
 27 28  1  0  0  0  0
  1 29  1  0  0  0  0
  2 30  1  0  0  0  0
  3 31  1  0  0  0  0
  8 32  1  0  0  0  0
  8 33  1  0  0  0  0
  9 34  1  0  0  0  0
 10 35  1  0  0  0  0
 10 36  1  0  0  0  0
 11 37  1  0  0  0  0
 11 38  1  0  0  0  0
 11 39  1  0  0  0  0
 12 40  1  0  0  0  0
 12 41  1  0  0  0  0
 13 42  1  0  0  0  0
 13 43  1  0  0  0  0
 14 44  1  0  0  0  0
 14 45  1  0  0  0  0
 15 46  1  0  0  0  0
 15 47  1  0  0  0  0
 15 48  1  0  0  0  0
 17 49  1  0  0  0  0
 21 50  1  0  0  0  0
 21 51  1  0  0  0  0
 22 52  1  0  0  0  0
 23 53  1  0  0  0  0
 23 54  1  0  0  0  0
 24 55  1  0  0  0  0
 24 56  1  0  0  0  0
 24 57  1  0  0  0  0
 25 58  1  0  0  0  0
 25 59  1  0  0  0  0
 26 60  1  0  0  0  0
 26 61  1  0  0  0  0
 27 62  1  0  0  0  0
 27 63  1  0  0  0  0
 28 64  1  0  0  0  0
 28 65  1  0  0  0  0
 28 66  1  0  0  0  0
M  END
$$$$
