 
WItclserve11290013453D 0   0.00000     0.00000cramer
 
 56 59  0  0  0  0  0  0  0  0  1 V2000
   -3.6170   -0.8365   -0.1523 C   0  0  0  0  0  0  0  0  0  0  0  0
   -4.4962   -1.8603   -0.2259 C   0  0  0  0  0  0  0  0  0  0  0  0
   -5.8166   -1.6093   -0.3083 O   0  0  0  0  0  0  0  0  0  0  0  0
   -2.1553   -1.1543   -0.0617 C   0  0  0  0  0  0  0  0  0  0  0  0
   -1.3526    0.0656    0.4182 C   0  0  0  0  0  0  0  0  0  0  0  0
   -1.5987    0.2925    1.9061 C   0  0  0  0  0  0  0  0  0  0  0  0
   -1.7735    1.2766   -0.4291 C   0  0  0  0  0  0  0  0  0  0  0  0
   -3.2158    1.6681   -0.1022 C   0  0  0  0  0  0  0  0  0  0  0  0
   -4.1126    0.4681   -0.1701 C   0  0  0  0  0  0  0  0  0  0  0  0
   -5.3127    0.6382   -0.2386 O   0  0  0  0  0  0  0  0  0  0  0  0
   -0.8692    2.4868   -0.2168 C   0  0  0  0  0  0  0  0  0  0  0  0
    0.6082    2.1430   -0.4651 C   0  0  0  0  0  0  0  0  0  0  0  0
    0.9582    1.0239    0.5072 C   0  0  0  0  0  0  0  0  0  0  0  0
    0.1195   -0.2013    0.1231 C   0  0  0  0  0  0  0  0  0  0  0  0
    0.7101   -1.4495    0.7486 C   0  0  0  0  0  0  0  0  0  0  0  0
    2.0330   -1.7914    0.0368 C   0  0  0  0  0  0  0  0  0  0  0  0
    2.7852   -0.5310   -0.3121 C   0  0  0  0  0  0  0  0  0  0  0  0
    2.5838   -0.1828   -1.7894 C   0  0  0  0  0  0  0  0  0  0  0  0
    2.3978    0.6375    0.6133 C   0  0  0  0  0  0  0  0  0  0  0  0
    3.4365    1.7063    0.2446 C   0  0  0  0  0  0  0  0  0  0  0  0
    4.7364    0.8833    0.0315 C   0  0  0  0  0  0  0  0  0  0  0  0
    4.3060   -0.6016   -0.0669 C   0  0  0  0  0  0  0  0  0  0  0  0
    4.5843   -1.2833    1.1520 O   0  0  0  0  0  0  0  0  0  0  0  0
    4.9959   -1.2822   -1.2457 C   0  0  0  0  0  0  0  0  0  0  0  0
   -4.1398   -2.8798   -0.2185 H   0  0  0  0  0  0  0  0  0  0  0  0
   -6.4457   -2.3418   -0.3609 H   0  0  0  0  0  0  0  0  0  0  0  0
   -2.0117   -1.9726    0.6445 H   0  0  0  0  0  0  0  0  0  0  0  0
   -1.7899   -1.4568   -1.0422 H   0  0  0  0  0  0  0  0  0  0  0  0
   -1.2839   -0.5888    2.4650 H   0  0  0  0  0  0  0  0  0  0  0  0
   -1.0274    1.1583    2.2410 H   0  0  0  0  0  0  0  0  0  0  0  0
   -2.6606    0.4702    2.0758 H   0  0  0  0  0  0  0  0  0  0  0  0
   -1.7235    0.9875   -1.4897 H   0  0  0  0  0  0  0  0  0  0  0  0
   -3.2766    2.1231    0.8817 H   0  0  0  0  0  0  0  0  0  0  0  0
   -3.5600    2.3973   -0.8428 H   0  0  0  0  0  0  0  0  0  0  0  0
   -1.1612    3.2756   -0.9130 H   0  0  0  0  0  0  0  0  0  0  0  0
   -0.9799    2.8588    0.7994 H   0  0  0  0  0  0  0  0  0  0  0  0
    0.7349    1.8171   -1.4929 H   0  0  0  0  0  0  0  0  0  0  0  0
    1.2224    3.0190   -0.2637 H   0  0  0  0  0  0  0  0  0  0  0  0
    0.6489    1.3659    1.5105 H   0  0  0  0  0  0  0  0  0  0  0  0
    0.1807   -0.3209   -0.9703 H   0  0  0  0  0  0  0  0  0  0  0  0
    0.9042   -1.2796    1.8109 H   0  0  0  0  0  0  0  0  0  0  0  0
    0.0152   -2.2859    0.6452 H   0  0  0  0  0  0  0  0  0  0  0  0
    2.6385   -2.4280    0.6874 H   0  0  0  0  0  0  0  0  0  0  0  0
    1.8121   -2.3513   -0.8797 H   0  0  0  0  0  0  0  0  0  0  0  0
    2.9415   -1.0054   -2.4086 H   0  0  0  0  0  0  0  0  0  0  0  0
    1.5240   -0.0169   -1.9823 H   0  0  0  0  0  0  0  0  0  0  0  0
    3.1427    0.7219   -2.0288 H   0  0  0  0  0  0  0  0  0  0  0  0
    2.5940    0.3308    1.6610 H   0  0  0  0  0  0  0  0  0  0  0  0
    3.1598    2.2414   -0.6593 H   0  0  0  0  0  0  0  0  0  0  0  0
    3.5678    2.4078    1.0727 H   0  0  0  0  0  0  0  0  0  0  0  0
    5.2270    1.1920   -0.8909 H   0  0  0  0  0  0  0  0  0  0  0  0
    5.4078    1.0217    0.8783 H   0  0  0  0  0  0  0  0  0  0  0  0
    5.5411   -1.2392    1.2847 H   0  0  0  0  0  0  0  0  0  0  0  0
    6.0756   -1.2582   -1.0981 H   0  0  0  0  0  0  0  0  0  0  0  0
    4.6614   -2.3173   -1.3142 H   0  0  0  0  0  0  0  0  0  0  0  0
    4.7434   -0.7571   -2.1670 H   0  0  0  0  0  0  0  0  0  0  0  0
  1  2  2  0  0  0  0
  2  3  1  0  0  0  0
  1  4  1  0  0  0  0
  4  5  1  0  0  0  0
  5  6  1  0  0  0  0
  5  7  1  0  0  0  0
  7  8  1  0  0  0  0
  8  9  1  0  0  0  0
  1  9  1  0  0  0  0
  9 10  2  0  0  0  0
  7 11  1  0  0  0  0
 11 12  1  0  0  0  0
 12 13  1  0  0  0  0
 13 14  1  0  0  0  0
  5 14  1  0  0  0  0
 14 15  1  0  0  0  0
 15 16  1  0  0  0  0
 16 17  1  0  0  0  0
 17 18  1  0  0  0  0
 17 19  1  0  0  0  0
 13 19  1  0  0  0  0
 19 20  1  0  0  0  0
 20 21  1  0  0  0  0
 21 22  1  0  0  0  0
 17 22  1  0  0  0  0
 22 23  1  0  0  0  0
 22 24  1  0  0  0  0
  2 25  1  0  0  0  0
  3 26  1  0  0  0  0
  4 27  1  0  0  0  0
  4 28  1  0  0  0  0
  6 29  1  0  0  0  0
  6 30  1  0  0  0  0
  6 31  1  0  0  0  0
  7 32  1  0  0  0  0
  8 33  1  0  0  0  0
  8 34  1  0  0  0  0
 11 35  1  0  0  0  0
 11 36  1  0  0  0  0
 12 37  1  0  0  0  0
 12 38  1  0  0  0  0
 13 39  1  0  0  0  0
 14 40  1  0  0  0  0
 15 41  1  0  0  0  0
 15 42  1  0  0  0  0
 16 43  1  0  0  0  0
 16 44  1  0  0  0  0
 18 45  1  0  0  0  0
 18 46  1  0  0  0  0
 18 47  1  0  0  0  0
 19 48  1  0  0  0  0
 20 49  1  0  0  0  0
 20 50  1  0  0  0  0
 21 51  1  0  0  0  0
 21 52  1  0  0  0  0
 23 53  1  0  0  0  0
 24 54  1  0  0  0  0
 24 55  1  0  0  0  0
 24 56  1  0  0  0  0
M  END
$$$$
