 
WItclserve11290013443D 0   0.00000     0.00000cramer
 
 27 29  0  0  0  0  0  0  0  0  1 V2000
    3.5890   -0.8885   -0.0006 C   0  0  0  0  0  0  0  0  0  0  0  0
    2.4441   -1.6160   -0.0003 C   0  0  0  0  0  0  0  0  0  0  0  0
    1.1970   -0.9581   -0.0005 C   0  0  0  0  0  0  0  0  0  0  0  0
   -0.0002   -1.6781    0.0002 C   0  0  0  0  0  0  0  0  0  0  0  0
   -1.1968   -0.9582    0.0004 C   0  0  0  0  0  0  0  0  0  0  0  0
   -2.4444   -1.6162    0.0007 C   0  0  0  0  0  0  0  0  0  0  0  0
   -3.5889   -0.8888    0.0004 C   0  0  0  0  0  0  0  0  0  0  0  0
   -3.5653    0.5131   -0.0001 C   0  0  0  0  0  0  0  0  0  0  0  0
   -4.7687    1.2143   -0.0003 N   0  0  0  0  0  0  0  0  0  0  0  0
   -2.3802    1.2113    0.0001 C   0  0  0  0  0  0  0  0  0  0  0  0
   -1.1601    0.5080   -0.0001 C   0  0  0  0  0  0  0  0  0  0  0  0
   -0.0001    1.1587    0.0005 N   0  0  0  0  0  0  0  0  0  0  0  0
    1.1603    0.5080   -0.0011 C   0  0  0  0  0  0  0  0  0  0  0  0
    2.3799    1.2112    0.0003 C   0  0  0  0  0  0  0  0  0  0  0  0
    3.5654    0.5128   -0.0011 C   0  0  0  0  0  0  0  0  0  0  0  0
    4.7688    1.2141    0.0008 N   0  0  0  0  0  0  0  0  0  0  0  0
    4.5399   -1.4006    0.0041 H   0  0  0  0  0  0  0  0  0  0  0  0
    2.4876   -2.6952   -0.0003 H   0  0  0  0  0  0  0  0  0  0  0  0
   -0.0002   -2.7581    0.0002 H   0  0  0  0  0  0  0  0  0  0  0  0
   -2.4880   -2.6953    0.0007 H   0  0  0  0  0  0  0  0  0  0  0  0
   -4.5398   -1.4008    0.0003 H   0  0  0  0  0  0  0  0  0  0  0  0
   -5.6106    0.7326   -0.0001 H   0  0  0  0  0  0  0  0  0  0  0  0
   -4.7648    2.1843   -0.0007 H   0  0  0  0  0  0  0  0  0  0  0  0
   -2.3853    2.2913   -0.0003 H   0  0  0  0  0  0  0  0  0  0  0  0
    2.3850    2.2912    0.0017 H   0  0  0  0  0  0  0  0  0  0  0  0
    5.6108    0.7325   -0.0002 H   0  0  0  0  0  0  0  0  0  0  0  0
    4.7649    2.1841    0.0030 H   0  0  0  0  0  0  0  0  0  0  0  0
  1  2  1  0  0  0  0
  2  3  2  0  0  0  0
  3  4  1  0  0  0  0
  4  5  2  0  0  0  0
  5  6  1  0  0  0  0
  6  7  2  0  0  0  0
  7  8  1  0  0  0  0
  8  9  1  0  0  0  0
  8 10  2  0  0  0  0
 10 11  1  0  0  0  0
  5 11  1  0  0  0  0
 11 12  2  0  0  0  0
 12 13  1  0  0  0  0
  3 13  1  0  0  0  0
 13 14  2  0  0  0  0
 14 15  1  0  0  0  0
  1 15  2  0  0  0  0
 15 16  1  0  0  0  0
  1 17  1  0  0  0  0
  2 18  1  0  0  0  0
  4 19  1  0  0  0  0
  6 20  1  0  0  0  0
  7 21  1  0  0  0  0
  9 22  1  0  0  0  0
  9 23  1  0  0  0  0
 10 24  1  0  0  0  0
 14 25  1  0  0  0  0
 16 26  1  0  0  0  0
 16 27  1  0  0  0  0
M  END
$$$$
