 
WItclserve11290013443D 0   0.00000     0.00000cramer
 
 36 37  0  0  0  0  0  0  0  0  1 V2000
   -0.0128   -0.6158   -0.8208 C   0  0  0  0  0  0  0  0  0  0  0  0
   -1.2007    0.2133   -0.4056 C   0  0  0  0  0  0  0  0  0  0  0  0
   -1.2581    0.7476    0.8686 C   0  0  0  0  0  0  0  0  0  0  0  0
   -2.3460    1.5075    1.2518 C   0  0  0  0  0  0  0  0  0  0  0  0
   -3.3816    1.7350    0.3568 C   0  0  0  0  0  0  0  0  0  0  0  0
   -4.4528    2.4827    0.7313 O   0  0  0  0  0  0  0  0  0  0  0  0
   -5.3341    2.5336   -0.3925 C   0  0  0  0  0  0  0  0  0  0  0  0
   -3.3214    1.1984   -0.9209 C   0  0  0  0  0  0  0  0  0  0  0  0
   -2.2286    0.4433   -1.3010 C   0  0  0  0  0  0  0  0  0  0  0  0
    1.2574    0.1187   -0.4770 C   0  0  0  0  0  0  0  0  0  0  0  0
    2.0542   -0.3289    0.5608 C   0  0  0  0  0  0  0  0  0  0  0  0
    3.2186    0.3429    0.8783 C   0  0  0  0  0  0  0  0  0  0  0  0
    3.5888    1.4674    0.1546 C   0  0  0  0  0  0  0  0  0  0  0  0
    4.7342    2.1298    0.4647 O   0  0  0  0  0  0  0  0  0  0  0  0
    4.8367    3.2262   -0.4460 C   0  0  0  0  0  0  0  0  0  0  0  0
    2.7880    1.9141   -0.8862 C   0  0  0  0  0  0  0  0  0  0  0  0
    1.6268    1.2356   -1.2032 C   0  0  0  0  0  0  0  0  0  0  0  0
   -0.0429   -1.9556   -0.0827 C   0  0  0  0  0  0  0  0  0  0  0  0
   -0.2055   -1.6622    1.6888 Cl  0  0  0  0  0  0  0  0  0  0  0  0
   -1.4454   -2.9295   -0.6618 Cl  0  0  0  0  0  0  0  0  0  0  0  0
    1.4867   -2.8540   -0.4052 Cl  0  0  0  0  0  0  0  0  0  0  0  0
   -0.0508   -0.7923   -1.8958 H   0  0  0  0  0  0  0  0  0  0  0  0
   -0.4517    0.5702    1.5649 H   0  0  0  0  0  0  0  0  0  0  0  0
   -2.3906    1.9239    2.2473 H   0  0  0  0  0  0  0  0  0  0  0  0
   -5.6421    1.5225   -0.6588 H   0  0  0  0  0  0  0  0  0  0  0  0
   -6.2130    3.1262   -0.1384 H   0  0  0  0  0  0  0  0  0  0  0  0
   -4.8194    2.9911   -1.2374 H   0  0  0  0  0  0  0  0  0  0  0  0
   -4.1264    1.3738   -1.6192 H   0  0  0  0  0  0  0  0  0  0  0  0
   -2.1811    0.0256   -2.2958 H   0  0  0  0  0  0  0  0  0  0  0  0
    1.7657   -1.2042    1.1238 H   0  0  0  0  0  0  0  0  0  0  0  0
    3.8403   -0.0067    1.6893 H   0  0  0  0  0  0  0  0  0  0  0  0
    4.8731    2.8478   -1.4676 H   0  0  0  0  0  0  0  0  0  0  0  0
    3.9700    3.8770   -0.3303 H   0  0  0  0  0  0  0  0  0  0  0  0
    5.7453    3.7901   -0.2349 H   0  0  0  0  0  0  0  0  0  0  0  0
    3.0737    2.7893   -1.4508 H   0  0  0  0  0  0  0  0  0  0  0  0
    1.0032    1.5827   -2.0137 H   0  0  0  0  0  0  0  0  0  0  0  0
  1  2  1  0  0  0  0
  2  3  1  0  0  0  0
  3  4  2  0  0  0  0
  4  5  1  0  0  0  0
  5  6  1  0  0  0  0
  6  7  1  0  0  0  0
  5  8  2  0  0  0  0
  8  9  1  0  0  0  0
  2  9  2  0  0  0  0
  1 10  1  0  0  0  0
 10 11  1  0  0  0  0
 11 12  2  0  0  0  0
 12 13  1  0  0  0  0
 13 14  1  0  0  0  0
 14 15  1  0  0  0  0
 13 16  2  0  0  0  0
 16 17  1  0  0  0  0
 10 17  2  0  0  0  0
  1 18  1  0  0  0  0
 18 19  1  0  0  0  0
 18 20  1  0  0  0  0
 18 21  1  0  0  0  0
  1 22  1  0  0  0  0
  3 23  1  0  0  0  0
  4 24  1  0  0  0  0
  7 25  1  0  0  0  0
  7 26  1  0  0  0  0
  7 27  1  0  0  0  0
  8 28  1  0  0  0  0
  9 29  1  0  0  0  0
 11 30  1  0  0  0  0
 12 31  1  0  0  0  0
 15 32  1  0  0  0  0
 15 33  1  0  0  0  0
 15 34  1  0  0  0  0
 16 35  1  0  0  0  0
 17 36  1  0  0  0  0
M  END
$$$$
