 
WItclserve11290013443D 0   0.00000     0.00000cramer
 
 80 79  0  0  0  0  0  0  0  0  1 V2000
   -0.3823   -1.1601    0.0899 P   0  0  0  0  0  0  0  0  0  0  0  0
   -0.7190   -2.3796   -0.6782 O   0  0  0  0  0  0  0  0  0  0  0  0
   -0.1179    0.0592   -0.9277 O   0  0  0  0  0  0  0  0  0  0  0  0
    0.2006    1.2012   -0.1301 C   0  0  0  0  0  0  0  0  0  0  0  0
    0.4646    2.4019   -1.0409 C   0  0  0  0  0  0  0  0  0  0  0  0
   -0.7848    2.6942   -1.8744 C   0  0  0  0  0  0  0  0  0  0  0  0
   -0.4767    3.8019   -2.8838 C   0  0  0  0  0  0  0  0  0  0  0  0
    0.8056    3.6247   -0.1869 C   0  0  0  0  0  0  0  0  0  0  0  0
    2.1318    3.3867    0.5380 C   0  0  0  0  0  0  0  0  0  0  0  0
    2.4188    4.5616    1.4750 C   0  0  0  0  0  0  0  0  0  0  0  0
    3.7450    4.3237    2.1999 C   0  0  0  0  0  0  0  0  0  0  0  0
   -1.6055   -0.7872    1.0681 O   0  0  0  0  0  0  0  0  0  0  0  0
   -2.7461   -0.5641    0.2365 C   0  0  0  0  0  0  0  0  0  0  0  0
   -3.9503   -0.2034    1.1087 C   0  0  0  0  0  0  0  0  0  0  0  0
   -3.6422    1.0672    1.9033 C   0  0  0  0  0  0  0  0  0  0  0  0
   -4.7863    1.3482    2.8796 C   0  0  0  0  0  0  0  0  0  0  0  0
   -5.1715    0.0354    0.2184 C   0  0  0  0  0  0  0  0  0  0  0  0
   -5.5661   -1.2739   -0.4679 C   0  0  0  0  0  0  0  0  0  0  0  0
   -6.7178   -1.0128   -1.4407 C   0  0  0  0  0  0  0  0  0  0  0  0
   -7.1125   -2.3220   -2.1270 C   0  0  0  0  0  0  0  0  0  0  0  0
    0.9428   -1.4258    0.9649 O   0  0  0  0  0  0  0  0  0  0  0  0
    1.9871   -1.7502    0.0450 C   0  0  0  0  0  0  0  0  0  0  0  0
    3.2817   -2.0157    0.8160 C   0  0  0  0  0  0  0  0  0  0  0  0
    3.0703   -3.1845    1.7805 C   0  0  0  0  0  0  0  0  0  0  0  0
    4.3146   -3.3563    2.6539 C   0  0  0  0  0  0  0  0  0  0  0  0
    4.3997   -2.3632   -0.1690 C   0  0  0  0  0  0  0  0  0  0  0  0
    4.7091   -1.1440   -1.0401 C   0  0  0  0  0  0  0  0  0  0  0  0
    5.7591   -1.5190   -2.0878 C   0  0  0  0  0  0  0  0  0  0  0  0
    6.0684   -0.2998   -2.9589 C   0  0  0  0  0  0  0  0  0  0  0  0
   -0.6346    1.4253    0.5335 H   0  0  0  0  0  0  0  0  0  0  0  0
    1.0906    0.9930    0.4637 H   0  0  0  0  0  0  0  0  0  0  0  0
    1.2998    2.1778   -1.7045 H   0  0  0  0  0  0  0  0  0  0  0  0
   -1.0863    1.7917   -2.4060 H   0  0  0  0  0  0  0  0  0  0  0  0
   -1.5928    3.0159   -1.2173 H   0  0  0  0  0  0  0  0  0  0  0  0
   -1.3860    4.0634   -3.4251 H   0  0  0  0  0  0  0  0  0  0  0  0
   -0.1023    4.6797   -2.3571 H   0  0  0  0  0  0  0  0  0  0  0  0
    0.2776    3.4518   -3.5885 H   0  0  0  0  0  0  0  0  0  0  0  0
    0.8940    4.5021   -0.8276 H   0  0  0  0  0  0  0  0  0  0  0  0
    0.0152    3.7880    0.5458 H   0  0  0  0  0  0  0  0  0  0  0  0
    2.0686    2.4662    1.1183 H   0  0  0  0  0  0  0  0  0  0  0  0
    2.9353    3.3007   -0.1935 H   0  0  0  0  0  0  0  0  0  0  0  0
    2.4820    5.4822    0.8947 H   0  0  0  0  0  0  0  0  0  0  0  0
    1.6153    4.6477    2.2065 H   0  0  0  0  0  0  0  0  0  0  0  0
    3.9495    5.1607    2.8675 H   0  0  0  0  0  0  0  0  0  0  0  0
    3.6818    3.4031    2.7802 H   0  0  0  0  0  0  0  0  0  0  0  0
    4.5485    4.2376    1.4684 H   0  0  0  0  0  0  0  0  0  0  0  0
   -2.5386    0.2543   -0.4529 H   0  0  0  0  0  0  0  0  0  0  0  0
   -2.9656   -1.4693   -0.3296 H   0  0  0  0  0  0  0  0  0  0  0  0
   -4.1577   -1.0218    1.7981 H   0  0  0  0  0  0  0  0  0  0  0  0
   -2.7147    0.9318    2.4597 H   0  0  0  0  0  0  0  0  0  0  0  0
   -3.5351    1.9076    1.2175 H   0  0  0  0  0  0  0  0  0  0  0  0
   -5.6929    1.5788    2.3202 H   0  0  0  0  0  0  0  0  0  0  0  0
   -4.9569    0.4697    3.5019 H   0  0  0  0  0  0  0  0  0  0  0  0
   -4.5241    2.1962    3.5122 H   0  0  0  0  0  0  0  0  0  0  0  0
   -6.0020    0.3905    0.8285 H   0  0  0  0  0  0  0  0  0  0  0  0
   -4.9298    0.7831   -0.5370 H   0  0  0  0  0  0  0  0  0  0  0  0
   -4.7106   -1.6693   -1.0155 H   0  0  0  0  0  0  0  0  0  0  0  0
   -5.8823   -1.9972    0.2837 H   0  0  0  0  0  0  0  0  0  0  0  0
   -7.5734   -0.6173   -0.8931 H   0  0  0  0  0  0  0  0  0  0  0  0
   -6.4017   -0.2894   -2.1923 H   0  0  0  0  0  0  0  0  0  0  0  0
   -7.9330   -2.1360   -2.8200 H   0  0  0  0  0  0  0  0  0  0  0  0
   -6.2570   -2.7174   -2.6746 H   0  0  0  0  0  0  0  0  0  0  0  0
   -7.4286   -3.0453   -1.3754 H   0  0  0  0  0  0  0  0  0  0  0  0
    1.7107   -2.6412   -0.5189 H   0  0  0  0  0  0  0  0  0  0  0  0
    2.1376   -0.9176   -0.6422 H   0  0  0  0  0  0  0  0  0  0  0  0
    3.5580   -1.1248    1.3798 H   0  0  0  0  0  0  0  0  0  0  0  0
    2.2069   -2.9812    2.4140 H   0  0  0  0  0  0  0  0  0  0  0  0
    2.8966   -4.0980    1.2118 H   0  0  0  0  0  0  0  0  0  0  0  0
    4.5450   -2.4124    3.1478 H   0  0  0  0  0  0  0  0  0  0  0  0
    4.1279   -4.1235    3.4054 H   0  0  0  0  0  0  0  0  0  0  0  0
    5.1574   -3.6556    2.0308 H   0  0  0  0  0  0  0  0  0  0  0  0
    5.2941   -2.6514    0.3835 H   0  0  0  0  0  0  0  0  0  0  0  0
    4.0815   -3.1910   -0.8026 H   0  0  0  0  0  0  0  0  0  0  0  0
    3.7984   -0.8142   -1.5401 H   0  0  0  0  0  0  0  0  0  0  0  0
    5.0921   -0.3380   -0.4141 H   0  0  0  0  0  0  0  0  0  0  0  0
    6.6697   -1.8488   -1.5878 H   0  0  0  0  0  0  0  0  0  0  0  0
    5.3760   -2.3249   -2.7138 H   0  0  0  0  0  0  0  0  0  0  0  0
    6.4515    0.5062   -2.3330 H   0  0  0  0  0  0  0  0  0  0  0  0
    6.8164   -0.5669   -3.7054 H   0  0  0  0  0  0  0  0  0  0  0  0
    5.1578    0.0300   -3.4589 H   0  0  0  0  0  0  0  0  0  0  0  0
  1  2  2  0  0  0  0
  1  3  1  0  0  0  0
  3  4  1  0  0  0  0
  4  5  1  0  0  0  0
  5  6  1  0  0  0  0
  6  7  1  0  0  0  0
  5  8  1  0  0  0  0
  8  9  1  0  0  0  0
  9 10  1  0  0  0  0
 10 11  1  0  0  0  0
  1 12  1  0  0  0  0
 12 13  1  0  0  0  0
 13 14  1  0  0  0  0
 14 15  1  0  0  0  0
 15 16  1  0  0  0  0
 14 17  1  0  0  0  0
 17 18  1  0  0  0  0
 18 19  1  0  0  0  0
 19 20  1  0  0  0  0
  1 21  1  0  0  0  0
 21 22  1  0  0  0  0
 22 23  1  0  0  0  0
 23 24  1  0  0  0  0
 24 25  1  0  0  0  0
 23 26  1  0  0  0  0
 26 27  1  0  0  0  0
 27 28  1  0  0  0  0
 28 29  1  0  0  0  0
  4 30  1  0  0  0  0
  4 31  1  0  0  0  0
  5 32  1  0  0  0  0
  6 33  1  0  0  0  0
  6 34  1  0  0  0  0
  7 35  1  0  0  0  0
  7 36  1  0  0  0  0
  7 37  1  0  0  0  0
  8 38  1  0  0  0  0
  8 39  1  0  0  0  0
  9 40  1  0  0  0  0
  9 41  1  0  0  0  0
 10 42  1  0  0  0  0
 10 43  1  0  0  0  0
 11 44  1  0  0  0  0
 11 45  1  0  0  0  0
 11 46  1  0  0  0  0
 13 47  1  0  0  0  0
 13 48  1  0  0  0  0
 14 49  1  0  0  0  0
 15 50  1  0  0  0  0
 15 51  1  0  0  0  0
 16 52  1  0  0  0  0
 16 53  1  0  0  0  0
 16 54  1  0  0  0  0
 17 55  1  0  0  0  0
 17 56  1  0  0  0  0
 18 57  1  0  0  0  0
 18 58  1  0  0  0  0
 19 59  1  0  0  0  0
 19 60  1  0  0  0  0
 20 61  1  0  0  0  0
 20 62  1  0  0  0  0
 20 63  1  0  0  0  0
 22 64  1  0  0  0  0
 22 65  1  0  0  0  0
 23 66  1  0  0  0  0
 24 67  1  0  0  0  0
 24 68  1  0  0  0  0
 25 69  1  0  0  0  0
 25 70  1  0  0  0  0
 25 71  1  0  0  0  0
 26 72  1  0  0  0  0
 26 73  1  0  0  0  0
 27 74  1  0  0  0  0
 27 75  1  0  0  0  0
 28 76  1  0  0  0  0
 28 77  1  0  0  0  0
 29 78  1  0  0  0  0
 29 79  1  0  0  0  0
 29 80  1  0  0  0  0
M  END
$$$$
