 
WItclserve11290013443D 0   0.00000     0.00000cramer
 
 56 59  0  0  0  0  0  0  0  0  1 V2000
   -6.1201    0.9723   -0.2049 C   0  0  0  0  0  0  0  0  0  0  0  0
   -6.1392   -0.3609   -0.5659 C   0  0  0  0  0  0  0  0  0  0  0  0
   -4.9689   -1.1018   -0.5494 C   0  0  0  0  0  0  0  0  0  0  0  0
   -4.9886   -2.4111   -0.9047 O   0  0  0  0  0  0  0  0  0  0  0  0
   -3.7616   -0.4954   -0.1648 C   0  0  0  0  0  0  0  0  0  0  0  0
   -2.5246   -1.3003   -0.1584 C   0  0  0  0  0  0  0  0  0  0  0  0
   -2.5809   -2.4771   -0.4670 O   0  0  0  0  0  0  0  0  0  0  0  0
   -1.2838   -0.7439    0.1939 C   0  0  0  0  0  0  0  0  0  0  0  0
   -0.1276   -1.4496    0.1501 C   0  0  0  0  0  0  0  0  0  0  0  0
   -0.0751   -2.7483   -0.2074 O   0  0  0  0  0  0  0  0  0  0  0  0
    1.1019   -0.6513    0.5383 C   0  0  0  0  0  0  0  0  0  0  0  0
    1.0609   -0.3138    1.9262 O   0  0  0  0  0  0  0  0  0  0  0  0
    2.3480   -1.4516    0.2243 C   0  0  0  0  0  0  0  0  0  0  0  0
    2.3060   -2.6534    0.0598 O   0  0  0  0  0  0  0  0  0  0  0  0
    3.6101   -0.7067    0.1284 C   0  0  0  0  0  0  0  0  0  0  0  0
    4.8897   -1.4328    0.0987 C   0  0  0  0  0  0  0  0  0  0  0  0
    5.7260   -1.2820   -0.9474 N   0  0  0  0  0  0  0  0  0  0  0  0
    5.1927   -2.1690    1.0184 O   0  0  0  0  0  0  0  0  0  0  0  0
    3.5999    0.6655    0.0658 C   0  0  0  0  0  0  0  0  0  0  0  0
    4.7705    1.3139   -0.0239 O   0  0  0  0  0  0  0  0  0  0  0  0
    2.3305    1.4699    0.0932 C   0  0  0  0  0  0  0  0  0  0  0  0
    2.4578    2.6094   -0.8250 N   0  0  0  0  0  0  0  0  0  0  0  0
    3.4084    3.5443   -0.2083 C   0  0  0  0  0  0  0  0  0  0  0  0
    3.0985    2.0993   -2.0446 C   0  0  0  0  0  0  0  0  0  0  0  0
    1.1365    0.6168   -0.3219 C   0  0  0  0  0  0  0  0  0  0  0  0
   -0.1594    1.4063   -0.2474 C   0  0  0  0  0  0  0  0  0  0  0  0
   -1.1888    0.6959    0.6551 C   0  0  0  0  0  0  0  0  0  0  0  0
   -2.4808    1.5261    0.6291 C   0  0  0  0  0  0  0  0  0  0  0  0
   -2.6983    2.0913    2.0342 C   0  0  0  0  0  0  0  0  0  0  0  0
   -2.2679    2.6328   -0.2495 O   0  0  0  0  0  0  0  0  0  0  0  0
   -3.7594    0.8504    0.1997 C   0  0  0  0  0  0  0  0  0  0  0  0
   -4.9331    1.5745    0.1767 C   0  0  0  0  0  0  0  0  0  0  0  0
   -7.0336    1.5481   -0.2247 H   0  0  0  0  0  0  0  0  0  0  0  0
   -7.0680   -0.8263   -0.8610 H   0  0  0  0  0  0  0  0  0  0  0  0
   -4.8306   -2.4444   -1.8581 H   0  0  0  0  0  0  0  0  0  0  0  0
   -0.0927   -3.4375    0.4706 H   0  0  0  0  0  0  0  0  0  0  0  0
    1.0332   -1.1472    2.4159 H   0  0  0  0  0  0  0  0  0  0  0  0
    6.5372   -1.8113   -1.0001 H   0  0  0  0  0  0  0  0  0  0  0  0
    5.5166   -0.6443   -1.6477 H   0  0  0  0  0  0  0  0  0  0  0  0
    5.6013    0.8233    0.0411 H   0  0  0  0  0  0  0  0  0  0  0  0
    2.1598    1.8393    1.1044 H   0  0  0  0  0  0  0  0  0  0  0  0
    3.1708    3.6591    0.8493 H   0  0  0  0  0  0  0  0  0  0  0  0
    4.4210    3.1548   -0.3131 H   0  0  0  0  0  0  0  0  0  0  0  0
    3.3386    4.5129   -0.7035 H   0  0  0  0  0  0  0  0  0  0  0  0
    3.2155    2.9125   -2.7609 H   0  0  0  0  0  0  0  0  0  0  0  0
    4.0777    1.6899   -1.7966 H   0  0  0  0  0  0  0  0  0  0  0  0
    2.4776    1.3170   -2.4812 H   0  0  0  0  0  0  0  0  0  0  0  0
    1.2804    0.3074   -1.3571 H   0  0  0  0  0  0  0  0  0  0  0  0
    0.0536    2.4019    0.1419 H   0  0  0  0  0  0  0  0  0  0  0  0
   -0.5752    1.5009   -1.2506 H   0  0  0  0  0  0  0  0  0  0  0  0
   -0.7948    0.6960    1.6714 H   0  0  0  0  0  0  0  0  0  0  0  0
   -3.6106    2.6875    2.0488 H   0  0  0  0  0  0  0  0  0  0  0  0
   -2.7890    1.2707    2.7458 H   0  0  0  0  0  0  0  0  0  0  0  0
   -1.8500    2.7184    2.3088 H   0  0  0  0  0  0  0  0  0  0  0  0
   -3.0875    3.1460   -0.2564 H   0  0  0  0  0  0  0  0  0  0  0  0
   -4.9270    2.6161    0.4620 H   0  0  0  0  0  0  0  0  0  0  0  0
  1  2  1  0  0  0  0
  2  3  2  0  0  0  0
  3  4  1  0  0  0  0
  3  5  1  0  0  0  0
  5  6  1  0  0  0  0
  6  7  2  0  0  0  0
  6  8  1  0  0  0  0
  8  9  2  0  0  0  0
  9 10  1  0  0  0  0
  9 11  1  0  0  0  0
 11 12  1  0  0  0  0
 11 13  1  0  0  0  0
 13 14  2  0  0  0  0
 13 15  1  0  0  0  0
 15 16  1  0  0  0  0
 16 17  1  0  0  0  0
 16 18  2  0  0  0  0
 15 19  2  0  0  0  0
 19 20  1  0  0  0  0
 19 21  1  0  0  0  0
 21 22  1  0  0  0  0
 22 23  1  0  0  0  0
 22 24  1  0  0  0  0
 21 25  1  0  0  0  0
 11 25  1  0  0  0  0
 25 26  1  0  0  0  0
 26 27  1  0  0  0  0
  8 27  1  0  0  0  0
 27 28  1  0  0  0  0
 28 29  1  0  0  0  0
 28 30  1  0  0  0  0
 28 31  1  0  0  0  0
  5 31  2  0  0  0  0
 31 32  1  0  0  0  0
  1 32  2  0  0  0  0
  1 33  1  0  0  0  0
  2 34  1  0  0  0  0
  4 35  1  0  0  0  0
 10 36  1  0  0  0  0
 12 37  1  0  0  0  0
 17 38  1  0  0  0  0
 17 39  1  0  0  0  0
 20 40  1  0  0  0  0
 21 41  1  0  0  0  0
 23 42  1  0  0  0  0
 23 43  1  0  0  0  0
 23 44  1  0  0  0  0
 24 45  1  0  0  0  0
 24 46  1  0  0  0  0
 24 47  1  0  0  0  0
 25 48  1  0  0  0  0
 26 49  1  0  0  0  0
 26 50  1  0  0  0  0
 27 51  1  0  0  0  0
 29 52  1  0  0  0  0
 29 53  1  0  0  0  0
 29 54  1  0  0  0  0
 30 55  1  0  0  0  0
 32 56  1  0  0  0  0
M  END
$$$$
