 
WItclserve11290013453D 0   0.00000     0.00000cramer
 
 23 23  0  0  0  0  0  0  0  0  1 V2000
    3.5164   -0.4116   -0.0403 C   0  0  0  0  0  0  0  0  0  0  0  0
    2.0582   -0.1910    0.3668 C   0  0  0  0  0  0  0  0  0  0  0  0
    1.8782    1.1981    0.8096 N   0  0  0  0  0  0  0  0  0  0  0  0
    1.1470   -0.4666   -0.8310 C   0  0  0  0  0  0  0  0  0  0  0  0
   -0.2893   -0.2493   -0.4301 C   0  0  0  0  0  0  0  0  0  0  0  0
   -0.8657    0.9993   -0.5733 C   0  0  0  0  0  0  0  0  0  0  0  0
   -2.1830    1.1986   -0.2055 C   0  0  0  0  0  0  0  0  0  0  0  0
   -2.9245    0.1493    0.3051 C   0  0  0  0  0  0  0  0  0  0  0  0
   -2.3486   -1.0990    0.4473 C   0  0  0  0  0  0  0  0  0  0  0  0
   -1.0322   -1.2995    0.0754 C   0  0  0  0  0  0  0  0  0  0  0  0
    4.1655   -0.2153    0.8131 H   0  0  0  0  0  0  0  0  0  0  0  0
    3.6500   -1.4423   -0.3688 H   0  0  0  0  0  0  0  0  0  0  0  0
    3.7726    0.2656   -0.8550 H   0  0  0  0  0  0  0  0  0  0  0  0
    1.8019   -0.8682    1.1816 H   0  0  0  0  0  0  0  0  0  0  0  0
    2.1255    1.7860    0.0278 H   0  0  0  0  0  0  0  0  0  0  0  0
    0.8899    1.3263    0.9676 H   0  0  0  0  0  0  0  0  0  0  0  0
    1.4033    0.2106   -1.6458 H   0  0  0  0  0  0  0  0  0  0  0  0
    1.2806   -1.4973   -1.1596 H   0  0  0  0  0  0  0  0  0  0  0  0
   -0.2864    1.8189   -0.9721 H   0  0  0  0  0  0  0  0  0  0  0  0
   -2.6330    2.1740   -0.3167 H   0  0  0  0  0  0  0  0  0  0  0  0
   -3.9536    0.3052    0.5931 H   0  0  0  0  0  0  0  0  0  0  0  0
   -2.9277   -1.9186    0.8465 H   0  0  0  0  0  0  0  0  0  0  0  0
   -0.5821   -2.2749    0.1866 H   0  0  0  0  0  0  0  0  0  0  0  0
  1  2  1  0  0  0  0
  2  3  1  0  0  0  0
  2  4  1  0  0  0  0
  4  5  1  0  0  0  0
  5  6  1  0  0  0  0
  6  7  2  0  0  0  0
  7  8  1  0  0  0  0
  8  9  2  0  0  0  0
  9 10  1  0  0  0  0
  5 10  2  0  0  0  0
  1 11  1  0  0  0  0
  1 12  1  0  0  0  0
  1 13  1  0  0  0  0
  2 14  1  0  0  0  0
  3 15  1  0  0  0  0
  3 16  1  0  0  0  0
  4 17  1  0  0  0  0
  4 18  1  0  0  0  0
  6 19  1  0  0  0  0
  7 20  1  0  0  0  0
  8 21  1  0  0  0  0
  9 22  1  0  0  0  0
 10 23  1  0  0  0  0
M  END
$$$$
