 
WItclserve11290013453D 0   0.00000     0.00000cramer
 
 31 33  0  0  0  0  0  0  0  0  1 V2000
   -0.0284   -0.4436   -0.0161 C   0  0  0  0  0  0  0  0  0  0  0  0
   -0.1152   -1.5338    0.9708 N   0  0  0  0  0  0  0  0  0  0  0  0
   -0.1778   -2.6815    0.2718 C   0  0  0  0  0  0  0  0  0  0  0  0
   -0.2574   -3.7809    0.7838 O   0  0  0  0  0  0  0  0  0  0  0  0
   -0.1429   -2.4775   -1.0500 N   0  0  0  0  0  0  0  0  0  0  0  0
   -0.0532   -1.1663   -1.3484 C   0  0  0  0  0  0  0  0  0  0  0  0
   -0.0036   -0.6683   -2.4526 O   0  0  0  0  0  0  0  0  0  0  0  0
   -1.2129    0.4797    0.1083 C   0  0  0  0  0  0  0  0  0  0  0  0
   -1.2986    1.6056   -0.6895 C   0  0  0  0  0  0  0  0  0  0  0  0
   -2.3849    2.4524   -0.5753 C   0  0  0  0  0  0  0  0  0  0  0  0
   -3.3862    2.1734    0.3364 C   0  0  0  0  0  0  0  0  0  0  0  0
   -3.3009    1.0474    1.1333 C   0  0  0  0  0  0  0  0  0  0  0  0
   -2.2164    0.1980    1.0161 C   0  0  0  0  0  0  0  0  0  0  0  0
    1.2604    0.3198    0.1490 C   0  0  0  0  0  0  0  0  0  0  0  0
    1.9403    0.2763    1.3521 C   0  0  0  0  0  0  0  0  0  0  0  0
    3.1222    0.9765    1.5036 C   0  0  0  0  0  0  0  0  0  0  0  0
    3.6249    1.7201    0.4519 C   0  0  0  0  0  0  0  0  0  0  0  0
    2.9457    1.7628   -0.7510 C   0  0  0  0  0  0  0  0  0  0  0  0
    1.7656    1.0589   -0.9040 C   0  0  0  0  0  0  0  0  0  0  0  0
   -0.1246   -1.4421    1.9364 H   0  0  0  0  0  0  0  0  0  0  0  0
   -0.1773   -3.1858   -1.7118 H   0  0  0  0  0  0  0  0  0  0  0  0
   -0.5165    1.8236   -1.4017 H   0  0  0  0  0  0  0  0  0  0  0  0
   -2.4515    3.3323   -1.1981 H   0  0  0  0  0  0  0  0  0  0  0  0
   -4.2347    2.8355    0.4261 H   0  0  0  0  0  0  0  0  0  0  0  0
   -4.0829    0.8296    1.8457 H   0  0  0  0  0  0  0  0  0  0  0  0
   -2.1498   -0.6819    1.6388 H   0  0  0  0  0  0  0  0  0  0  0  0
    1.5476   -0.3045    2.1736 H   0  0  0  0  0  0  0  0  0  0  0  0
    3.6530    0.9432    2.4436 H   0  0  0  0  0  0  0  0  0  0  0  0
    4.5481    2.2678    0.5705 H   0  0  0  0  0  0  0  0  0  0  0  0
    3.3382    2.3439   -1.5724 H   0  0  0  0  0  0  0  0  0  0  0  0
    1.2349    1.0923   -1.8440 H   0  0  0  0  0  0  0  0  0  0  0  0
  1  2  1  0  0  0  0
  2  3  1  0  0  0  0
  3  4  2  0  0  0  0
  3  5  1  0  0  0  0
  5  6  1  0  0  0  0
  1  6  1  0  0  0  0
  6  7  2  0  0  0  0
  1  8  1  0  0  0  0
  8  9  1  0  0  0  0
  9 10  2  0  0  0  0
 10 11  1  0  0  0  0
 11 12  2  0  0  0  0
 12 13  1  0  0  0  0
  8 13  2  0  0  0  0
  1 14  1  0  0  0  0
 14 15  1  0  0  0  0
 15 16  2  0  0  0  0
 16 17  1  0  0  0  0
 17 18  2  0  0  0  0
 18 19  1  0  0  0  0
 14 19  2  0  0  0  0
  2 20  1  0  0  0  0
  5 21  1  0  0  0  0
  9 22  1  0  0  0  0
 10 23  1  0  0  0  0
 11 24  1  0  0  0  0
 12 25  1  0  0  0  0
 13 26  1  0  0  0  0
 15 27  1  0  0  0  0
 16 28  1  0  0  0  0
 17 29  1  0  0  0  0
 18 30  1  0  0  0  0
 19 31  1  0  0  0  0
M  END
$$$$
