 
WItclserve11290013453D 0   0.00000     0.00000cramer
 
 36 37  0  0  0  0  0  0  0  0  1 V2000
    0.0279   -0.3909    0.6201 C   0  0  0  0  0  0  0  0  0  0  0  0
   -0.1580   -1.8047    0.1327 C   0  0  0  0  0  0  0  0  0  0  0  0
    0.7462   -2.3725   -0.4330 O   0  0  0  0  0  0  0  0  0  0  0  0
   -1.3280   -2.4333    0.3271 O   0  0  0  0  0  0  0  0  0  0  0  0
   -1.5071   -3.7955   -0.1425 C   0  0  0  0  0  0  0  0  0  0  0  0
    1.4187    0.0790    0.2798 C   0  0  0  0  0  0  0  0  0  0  0  0
    2.2837    0.4653    1.2868 C   0  0  0  0  0  0  0  0  0  0  0  0
    3.5592    0.8964    0.9746 C   0  0  0  0  0  0  0  0  0  0  0  0
    3.9704    0.9407   -0.3447 C   0  0  0  0  0  0  0  0  0  0  0  0
    3.1060    0.5537   -1.3513 C   0  0  0  0  0  0  0  0  0  0  0  0
    1.8315    0.1184   -1.0387 C   0  0  0  0  0  0  0  0  0  0  0  0
   -0.9982    0.5207   -0.0559 C   0  0  0  0  0  0  0  0  0  0  0  0
   -2.4096    0.0426    0.2904 C   0  0  0  0  0  0  0  0  0  0  0  0
   -3.4322    0.9359   -0.4187 C   0  0  0  0  0  0  0  0  0  0  0  0
   -3.1704    2.3948   -0.0319 C   0  0  0  0  0  0  0  0  0  0  0  0
   -1.7192    2.7501   -0.3614 C   0  0  0  0  0  0  0  0  0  0  0  0
   -0.8115    1.8977    0.4137 N   0  0  0  0  0  0  0  0  0  0  0  0
   -0.1126   -0.3576    1.7005 H   0  0  0  0  0  0  0  0  0  0  0  0
   -1.3666   -3.8288   -1.2229 H   0  0  0  0  0  0  0  0  0  0  0  0
   -0.7761   -4.4450    0.3391 H   0  0  0  0  0  0  0  0  0  0  0  0
   -2.5131   -4.1354    0.1037 H   0  0  0  0  0  0  0  0  0  0  0  0
    1.9625    0.4307    2.3173 H   0  0  0  0  0  0  0  0  0  0  0  0
    4.2347    1.1988    1.7612 H   0  0  0  0  0  0  0  0  0  0  0  0
    4.9669    1.2782   -0.5887 H   0  0  0  0  0  0  0  0  0  0  0  0
    3.4271    0.5887   -2.3819 H   0  0  0  0  0  0  0  0  0  0  0  0
    1.1561   -0.1841   -1.8253 H   0  0  0  0  0  0  0  0  0  0  0  0
   -0.8583    0.4851   -1.1363 H   0  0  0  0  0  0  0  0  0  0  0  0
   -2.5361   -0.9885   -0.0396 H   0  0  0  0  0  0  0  0  0  0  0  0
   -2.5599    0.1018    1.3683 H   0  0  0  0  0  0  0  0  0  0  0  0
   -3.3311    0.8208   -1.4979 H   0  0  0  0  0  0  0  0  0  0  0  0
   -4.4391    0.6522   -0.1126 H   0  0  0  0  0  0  0  0  0  0  0  0
   -3.8410    3.0461   -0.5924 H   0  0  0  0  0  0  0  0  0  0  0  0
   -3.3437    2.5250    1.0363 H   0  0  0  0  0  0  0  0  0  0  0  0
   -1.5410    2.5959   -1.4256 H   0  0  0  0  0  0  0  0  0  0  0  0
   -1.5364    3.7953   -0.1120 H   0  0  0  0  0  0  0  0  0  0  0  0
    0.1271    2.1663    0.1586 H   0  0  0  0  0  0  0  0  0  0  0  0
  1  2  1  0  0  0  0
  2  3  2  0  0  0  0
  2  4  1  0  0  0  0
  4  5  1  0  0  0  0
  1  6  1  0  0  0  0
  6  7  1  0  0  0  0
  7  8  2  0  0  0  0
  8  9  1  0  0  0  0
  9 10  2  0  0  0  0
 10 11  1  0  0  0  0
  6 11  2  0  0  0  0
  1 12  1  0  0  0  0
 12 13  1  0  0  0  0
 13 14  1  0  0  0  0
 14 15  1  0  0  0  0
 15 16  1  0  0  0  0
 16 17  1  0  0  0  0
 12 17  1  0  0  0  0
  1 18  1  0  0  0  0
  5 19  1  0  0  0  0
  5 20  1  0  0  0  0
  5 21  1  0  0  0  0
  7 22  1  0  0  0  0
  8 23  1  0  0  0  0
  9 24  1  0  0  0  0
 10 25  1  0  0  0  0
 11 26  1  0  0  0  0
 12 27  1  0  0  0  0
 13 28  1  0  0  0  0
 13 29  1  0  0  0  0
 14 30  1  0  0  0  0
 14 31  1  0  0  0  0
 15 32  1  0  0  0  0
 15 33  1  0  0  0  0
 16 34  1  0  0  0  0
 16 35  1  0  0  0  0
 17 36  1  0  0  0  0
M  END
$$$$
