 
WItclserve11290013453D 0   0.00000     0.00000cramer
 
 25 24  0  0  0  0  0  0  0  0  1 V2000
   -0.0166    0.5867   -0.0303 N   0  0  0  0  0  0  0  0  0  0  0  0
    0.3186   -0.4618   -1.0030 C   0  0  0  0  0  0  0  0  0  0  0  0
    0.5530   -1.7831   -0.2682 C   0  0  0  0  0  0  0  0  0  0  0  0
   -0.6751   -2.2320    0.3082 O   0  0  0  0  0  0  0  0  0  0  0  0
    1.1138    1.5248   -0.0144 C   0  0  0  0  0  0  0  0  0  0  0  0
    2.2766    0.9091    0.7664 C   0  0  0  0  0  0  0  0  0  0  0  0
    2.7948   -0.2105    0.0453 O   0  0  0  0  0  0  0  0  0  0  0  0
   -1.1656    1.3195   -0.5785 C   0  0  0  0  0  0  0  0  0  0  0  0
   -2.4327    0.4778   -0.4146 C   0  0  0  0  0  0  0  0  0  0  0  0
   -2.7200    0.3153    0.9758 O   0  0  0  0  0  0  0  0  0  0  0  0
   -0.5041   -0.5793   -1.7085 H   0  0  0  0  0  0  0  0  0  0  0  0
    1.2228   -0.1809   -1.5429 H   0  0  0  0  0  0  0  0  0  0  0  0
    0.9185   -2.5306   -0.9724 H   0  0  0  0  0  0  0  0  0  0  0  0
    1.2913   -1.6346    0.5198 H   0  0  0  0  0  0  0  0  0  0  0  0
   -0.4684   -3.0216    0.8267 H   0  0  0  0  0  0  0  0  0  0  0  0
    1.4307    1.7291   -1.0371 H   0  0  0  0  0  0  0  0  0  0  0  0
    0.8072    2.4551    0.4637 H   0  0  0  0  0  0  0  0  0  0  0  0
    3.0623    1.6535    0.8953 H   0  0  0  0  0  0  0  0  0  0  0  0
    1.9240    0.5800    1.7439 H   0  0  0  0  0  0  0  0  0  0  0  0
    3.5237   -0.5682    0.5706 H   0  0  0  0  0  0  0  0  0  0  0  0
   -1.2840    2.2622   -0.0442 H   0  0  0  0  0  0  0  0  0  0  0  0
   -0.9972    1.5203   -1.6366 H   0  0  0  0  0  0  0  0  0  0  0  0
   -3.2683    0.9802   -0.9020 H   0  0  0  0  0  0  0  0  0  0  0  0
   -2.2807   -0.5004   -0.8709 H   0  0  0  0  0  0  0  0  0  0  0  0
   -3.5236   -0.2194    1.0345 H   0  0  0  0  0  0  0  0  0  0  0  0
  1  2  1  0  0  0  0
  2  3  1  0  0  0  0
  3  4  1  0  0  0  0
  1  5  1  0  0  0  0
  5  6  1  0  0  0  0
  6  7  1  0  0  0  0
  1  8  1  0  0  0  0
  8  9  1  0  0  0  0
  9 10  1  0  0  0  0
  2 11  1  0  0  0  0
  2 12  1  0  0  0  0
  3 13  1  0  0  0  0
  3 14  1  0  0  0  0
  4 15  1  0  0  0  0
  5 16  1  0  0  0  0
  5 17  1  0  0  0  0
  6 18  1  0  0  0  0
  6 19  1  0  0  0  0
  7 20  1  0  0  0  0
  8 21  1  0  0  0  0
  8 22  1  0  0  0  0
  9 23  1  0  0  0  0
  9 24  1  0  0  0  0
 10 25  1  0  0  0  0
M  END
$$$$
