 
WItclserve11290013453D 0   0.00000     0.00000cramer
 
 12 11  0  0  0  0  0  0  0  0  1 V2000
    0.0000    1.3865    0.0003 C   0  0  0  0  0  0  0  0  0  0  0  0
    0.0000    0.0765    0.0001 C   0  0  0  0  0  0  0  0  0  0  0  0
   -1.3051   -0.6770    0.0000 C   0  0  0  0  0  0  0  0  0  0  0  0
    1.3051   -0.6770   -0.0001 C   0  0  0  0  0  0  0  0  0  0  0  0
    0.9353    1.9265    0.0004 H   0  0  0  0  0  0  0  0  0  0  0  0
   -0.9353    1.9265   -0.0040 H   0  0  0  0  0  0  0  0  0  0  0  0
   -1.1059   -1.7486   -0.0002 H   0  0  0  0  0  0  0  0  0  0  0  0
   -1.8766   -0.4138    0.8901 H   0  0  0  0  0  0  0  0  0  0  0  0
   -1.8767   -0.4135   -0.8898 H   0  0  0  0  0  0  0  0  0  0  0  0
    2.1336    0.0313   -0.0001 H   0  0  0  0  0  0  0  0  0  0  0  0
    1.3629   -1.3038    0.8897 H   0  0  0  0  0  0  0  0  0  0  0  0
    1.3628   -1.3035   -0.8903 H   0  0  0  0  0  0  0  0  0  0  0  0
  1  2  2  0  0  0  0
  2  3  1  0  0  0  0
  2  4  1  0  0  0  0
  1  5  1  0  0  0  0
  1  6  1  0  0  0  0
  3  7  1  0  0  0  0
  3  8  1  0  0  0  0
  3  9  1  0  0  0  0
  4 10  1  0  0  0  0
  4 11  1  0  0  0  0
  4 12  1  0  0  0  0
M  END
$$$$
