 
WItclserve11290013453D 0   0.00000     0.00000cramer
 
 11 10  0  0  0  0  0  0  0  0  1 V2000
    0.0000    0.3467    0.1480 C   0  0  0  0  0  0  0  0  0  0  0  0
    0.0000   -1.4261   -0.1805 Cl  0  0  0  0  0  0  0  0  0  0  0  0
    1.2492    0.9796   -0.4682 C   0  0  0  0  0  0  0  0  0  0  0  0
    2.7214    0.2338    0.2580 Cl  0  0  0  0  0  0  0  0  0  0  0  0
   -1.2492    0.9796   -0.4682 C   0  0  0  0  0  0  0  0  0  0  0  0
   -2.7214    0.2337    0.2580 Cl  0  0  0  0  0  0  0  0  0  0  0  0
    0.0000    0.5167    1.2247 H   0  0  0  0  0  0  0  0  0  0  0  0
    1.2492    0.8096   -1.5449 H   0  0  0  0  0  0  0  0  0  0  0  0
    1.2492    2.0513   -0.2697 H   0  0  0  0  0  0  0  0  0  0  0  0
   -1.2493    2.0513   -0.2697 H   0  0  0  0  0  0  0  0  0  0  0  0
   -1.2492    0.8095   -1.5449 H   0  0  0  0  0  0  0  0  0  0  0  0
  1  2  1  0  0  0  0
  1  3  1  0  0  0  0
  3  4  1  0  0  0  0
  1  5  1  0  0  0  0
  5  6  1  0  0  0  0
  1  7  1  0  0  0  0
  3  8  1  0  0  0  0
  3  9  1  0  0  0  0
  5 10  1  0  0  0  0
  5 11  1  0  0  0  0
M  END
$$$$
