 
WItclserve11290013443D 0   0.00000     0.00000cramer
 
 27 32  0  0  0  0  0  0  0  0  1 V2000
   -0.2636   -0.8547   -0.9465 C   0  0  0  0  0  0  0  0  0  0  0  0
    0.1943   -2.1255   -2.1474 Cl  0  0  0  0  0  0  0  0  0  0  0  0
    0.0959    0.5815   -1.3872 C   0  0  0  0  0  0  0  0  0  0  0  0
   -1.0951    1.3579   -2.4720 Cl  0  0  0  0  0  0  0  0  0  0  0  0
    0.2979    1.2686   -0.0105 C   0  0  0  0  0  0  0  0  0  0  0  0
    0.7660    3.0102   -0.0179 Cl  0  0  0  0  0  0  0  0  0  0  0  0
   -0.9416    0.8781    0.8570 C   0  0  0  0  0  0  0  0  0  0  0  0
   -2.1157    0.6272   -0.1428 C   0  0  0  0  0  0  0  0  0  0  0  0
   -1.7825   -0.8413   -0.5989 C   0  0  0  0  0  0  0  0  0  0  0  0
   -1.8136   -1.4515    0.8553 C   0  0  0  0  0  0  0  0  0  0  0  0
   -3.1336   -0.9316    1.4484 C   0  0  0  0  0  0  0  0  0  0  0  0
   -2.9581    0.3048    2.1384 O   0  0  0  0  0  0  0  0  0  0  0  0
   -3.3623    0.4328    0.7731 C   0  0  0  0  0  0  0  0  0  0  0  0
   -0.6589   -0.5597    1.4194 C   0  0  0  0  0  0  0  0  0  0  0  0
    0.4797   -1.0149    0.4277 C   0  0  0  0  0  0  0  0  0  0  0  0
    1.2671   -2.6031    0.7400 Cl  0  0  0  0  0  0  0  0  0  0  0  0
    1.3765    0.2637    0.5459 C   0  0  0  0  0  0  0  0  0  0  0  0
    2.8325    0.1802   -0.5095 Cl  0  0  0  0  0  0  0  0  0  0  0  0
    1.8073    0.6342    2.2562 Cl  0  0  0  0  0  0  0  0  0  0  0  0
    1.0803    0.5490   -1.9127 H   0  0  0  0  0  0  0  0  0  0  0  0
   -1.1712    1.6084    1.6391 H   0  0  0  0  0  0  0  0  0  0  0  0
   -2.2823    1.3877   -0.9028 H   0  0  0  0  0  0  0  0  0  0  0  0
   -2.4517   -1.3033   -1.3292 H   0  0  0  0  0  0  0  0  0  0  0  0
   -1.6569   -2.5255    0.9217 H   0  0  0  0  0  0  0  0  0  0  0  0
   -3.9230   -1.6327    1.7089 H   0  0  0  0  0  0  0  0  0  0  0  0
   -4.3282    0.8389    0.4663 H   0  0  0  0  0  0  0  0  0  0  0  0
   -0.4561   -0.6369    2.4843 H   0  0  0  0  0  0  0  0  0  0  0  0
  1  2  1  0  0  0  0
  1  3  1  0  0  0  0
  3  4  1  0  0  0  0
  3  5  1  0  0  0  0
  5  6  1  0  0  0  0
  5  7  1  0  0  0  0
  7  8  1  0  0  0  0
  8  9  1  0  0  0  0
  1  9  1  0  0  0  0
  9 10  1  0  0  0  0
 10 11  1  0  0  0  0
 11 12  1  0  0  0  0
 12 13  1  0  0  0  0
  8 13  1  0  0  0  0
 11 13  1  0  0  0  0
 10 14  1  0  0  0  0
  7 14  1  0  0  0  0
 14 15  1  0  0  0  0
  1 15  1  0  0  0  0
 15 16  1  0  0  0  0
 15 17  1  0  0  0  0
  5 17  1  0  0  0  0
 17 18  1  0  0  0  0
 17 19  1  0  0  0  0
  3 20  1  0  0  0  0
  7 21  1  0  0  0  0
  8 22  1  0  0  0  0
  9 23  1  0  0  0  0
 10 24  1  0  0  0  0
 11 25  1  0  0  0  0
 13 26  1  0  0  0  0
 14 27  1  0  0  0  0
M  END
$$$$
