 
WItclserve11290013443D 0   0.00000     0.00000cramer
 
 23 22  0  0  0  0  0  0  0  0  1 V2000
   -3.7347   -0.3858   -1.1409 C   0  0  0  0  0  0  0  0  0  0  0  0
   -2.9734    0.1908   -0.0247 N   0  0  0  0  0  0  0  0  0  0  0  0
   -3.6816   -0.1829    1.2069 C   0  0  0  0  0  0  0  0  0  0  0  0
   -1.7694   -0.4538    0.0037 N   0  0  0  0  0  0  0  0  0  0  0  0
   -0.6241    0.2563   -0.0200 C   0  0  0  0  0  0  0  0  0  0  0  0
   -0.6625    1.4676   -0.0666 O   0  0  0  0  0  0  0  0  0  0  0  0
    0.7041   -0.4549    0.0114 C   0  0  0  0  0  0  0  0  0  0  0  0
    1.8350    0.5750   -0.0246 C   0  0  0  0  0  0  0  0  0  0  0  0
    3.1633   -0.1361    0.0068 C   0  0  0  0  0  0  0  0  0  0  0  0
    4.3039    0.5711   -0.0168 O   0  0  0  0  0  0  0  0  0  0  0  0
    3.2015   -1.3429    0.0532 O   0  0  0  0  0  0  0  0  0  0  0  0
   -3.2460   -0.1344   -2.0823 H   0  0  0  0  0  0  0  0  0  0  0  0
   -3.7761   -1.4694   -1.0311 H   0  0  0  0  0  0  0  0  0  0  0  0
   -4.7469    0.0187   -1.1377 H   0  0  0  0  0  0  0  0  0  0  0  0
   -3.0955    0.1282    2.0716 H   0  0  0  0  0  0  0  0  0  0  0  0
   -4.6538    0.3094    1.2306 H   0  0  0  0  0  0  0  0  0  0  0  0
   -3.8209   -1.2637    1.2322 H   0  0  0  0  0  0  0  0  0  0  0  0
   -1.7387   -1.4226    0.0410 H   0  0  0  0  0  0  0  0  0  0  0  0
    0.7789   -1.0448    0.9249 H   0  0  0  0  0  0  0  0  0  0  0  0
    0.7844   -1.1130   -0.8537 H   0  0  0  0  0  0  0  0  0  0  0  0
    1.7602    1.1650   -0.9381 H   0  0  0  0  0  0  0  0  0  0  0  0
    1.7548    1.2332    0.8405 H   0  0  0  0  0  0  0  0  0  0  0  0
    5.1563    0.1147    0.0033 H   0  0  0  0  0  0  0  0  0  0  0  0
  1  2  1  0  0  0  0
  2  3  1  0  0  0  0
  2  4  1  0  0  0  0
  4  5  1  0  0  0  0
  5  6  2  0  0  0  0
  5  7  1  0  0  0  0
  7  8  1  0  0  0  0
  8  9  1  0  0  0  0
  9 10  1  0  0  0  0
  9 11  2  0  0  0  0
  1 12  1  0  0  0  0
  1 13  1  0  0  0  0
  1 14  1  0  0  0  0
  3 15  1  0  0  0  0
  3 16  1  0  0  0  0
  3 17  1  0  0  0  0
  4 18  1  0  0  0  0
  7 19  1  0  0  0  0
  7 20  1  0  0  0  0
  8 21  1  0  0  0  0
  8 22  1  0  0  0  0
 10 23  1  0  0  0  0
M  END
$$$$
