 
WItclserve11290013443D 0   0.00000     0.00000cramer
 
 21 22  0  0  0  0  0  0  0  0  1 V2000
    0.8137   -0.9822   -0.2846 N   0  0  0  0  0  0  0  0  0  0  0  0
   -0.4804   -0.5200   -0.1463 C   0  0  0  0  0  0  0  0  0  0  0  0
   -1.5037   -1.3645   -0.2432 N   0  0  0  0  0  0  0  0  0  0  0  0
   -2.7414   -0.9191   -0.1099 C   0  0  0  0  0  0  0  0  0  0  0  0
   -4.0774   -2.0205   -0.2355 Cl  0  0  0  0  0  0  0  0  0  0  0  0
   -2.9631    0.3664    0.1198 N   0  0  0  0  0  0  0  0  0  0  0  0
   -1.9465    1.2096    0.2167 C   0  0  0  0  0  0  0  0  0  0  0  0
   -2.2423    2.8935    0.5178 Cl  0  0  0  0  0  0  0  0  0  0  0  0
   -0.7060    0.7694    0.0894 N   0  0  0  0  0  0  0  0  0  0  0  0
    1.8809   -0.0779   -0.3053 C   0  0  0  0  0  0  0  0  0  0  0  0
    1.6731    1.2349   -0.7078 C   0  0  0  0  0  0  0  0  0  0  0  0
    2.7287    2.1253   -0.7272 C   0  0  0  0  0  0  0  0  0  0  0  0
    3.9921    1.7113   -0.3464 C   0  0  0  0  0  0  0  0  0  0  0  0
    4.2034    0.4052    0.0550 C   0  0  0  0  0  0  0  0  0  0  0  0
    3.1504   -0.4897    0.0823 C   0  0  0  0  0  0  0  0  0  0  0  0
    3.4160   -2.1295    0.5863 Cl  0  0  0  0  0  0  0  0  0  0  0  0
    0.9830   -1.9340   -0.3633 H   0  0  0  0  0  0  0  0  0  0  0  0
    0.6869    1.5591   -1.0057 H   0  0  0  0  0  0  0  0  0  0  0  0
    2.5674    3.1461   -1.0405 H   0  0  0  0  0  0  0  0  0  0  0  0
    4.8157    2.4098   -0.3630 H   0  0  0  0  0  0  0  0  0  0  0  0
    5.1913    0.0851    0.3517 H   0  0  0  0  0  0  0  0  0  0  0  0
  1  2  1  0  0  0  0
  2  3  1  0  0  0  0
  3  4  2  0  0  0  0
  4  5  1  0  0  0  0
  4  6  1  0  0  0  0
  6  7  2  0  0  0  0
  7  8  1  0  0  0  0
  7  9  1  0  0  0  0
  2  9  2  0  0  0  0
  1 10  1  0  0  0  0
 10 11  1  0  0  0  0
 11 12  2  0  0  0  0
 12 13  1  0  0  0  0
 13 14  2  0  0  0  0
 14 15  1  0  0  0  0
 10 15  2  0  0  0  0
 15 16  1  0  0  0  0
  1 17  1  0  0  0  0
 11 18  1  0  0  0  0
 12 19  1  0  0  0  0
 13 20  1  0  0  0  0
 14 21  1  0  0  0  0
M  END
$$$$
