 
WItclserve11290013443D 0   0.00000     0.00000cramer
 
 38 43  0  0  0  0  0  0  0  0  1 V2000
    3.0222   -2.8748    0.0007 O   0  0  0  0  0  0  0  0  0  0  0  0
    2.6095   -1.7302    0.0003 C   0  0  0  0  0  0  0  0  0  0  0  0
    3.5514   -0.5956    0.0006 C   0  0  0  0  0  0  0  0  0  0  0  0
    4.9278   -0.8173    0.0010 C   0  0  0  0  0  0  0  0  0  0  0  0
    5.7954    0.2567    0.0008 C   0  0  0  0  0  0  0  0  0  0  0  0
    5.3074    1.5530    0.0003 C   0  0  0  0  0  0  0  0  0  0  0  0
    3.9472    1.7915    0.0000 C   0  0  0  0  0  0  0  0  0  0  0  0
    3.0546    0.7213    0.0001 C   0  0  0  0  0  0  0  0  0  0  0  0
    1.5987    0.9631    0.0003 C   0  0  0  0  0  0  0  0  0  0  0  0
    1.1115    2.2661   -0.0003 C   0  0  0  0  0  0  0  0  0  0  0  0
   -0.2502    2.5117   -0.0001 C   0  0  0  0  0  0  0  0  0  0  0  0
   -1.1606    1.4590    0.0002 C   0  0  0  0  0  0  0  0  0  0  0  0
   -2.6103    1.7306    0.0000 C   0  0  0  0  0  0  0  0  0  0  0  0
   -3.0235    2.8749   -0.0005 O   0  0  0  0  0  0  0  0  0  0  0  0
   -3.5518    0.5957   -0.0001 C   0  0  0  0  0  0  0  0  0  0  0  0
   -4.9285    0.8156    0.0002 C   0  0  0  0  0  0  0  0  0  0  0  0
   -5.7949   -0.2593    0.0006 C   0  0  0  0  0  0  0  0  0  0  0  0
   -5.3060   -1.5553    0.0006 C   0  0  0  0  0  0  0  0  0  0  0  0
   -3.9456   -1.7923    0.0002 C   0  0  0  0  0  0  0  0  0  0  0  0
   -3.0544   -0.7210   -0.0001 C   0  0  0  0  0  0  0  0  0  0  0  0
   -1.5984   -0.9619    0.0000 C   0  0  0  0  0  0  0  0  0  0  0  0
   -1.1119   -2.2647    0.0000 C   0  0  0  0  0  0  0  0  0  0  0  0
    0.2502   -2.5104    0.0006 C   0  0  0  0  0  0  0  0  0  0  0  0
    1.1601   -1.4577   -0.0067 C   0  0  0  0  0  0  0  0  0  0  0  0
    0.6953   -0.1236    0.0005 C   0  0  0  0  0  0  0  0  0  0  0  0
   -0.6952    0.1254    0.0002 C   0  0  0  0  0  0  0  0  0  0  0  0
    5.3141   -1.8258    0.0017 H   0  0  0  0  0  0  0  0  0  0  0  0
    6.8617    0.0849    0.0015 H   0  0  0  0  0  0  0  0  0  0  0  0
    5.9967    2.3845    0.0005 H   0  0  0  0  0  0  0  0  0  0  0  0
    3.5758    2.8057   -0.0001 H   0  0  0  0  0  0  0  0  0  0  0  0
    1.8037    3.0951   -0.0005 H   0  0  0  0  0  0  0  0  0  0  0  0
   -0.6101    3.5300    0.0002 H   0  0  0  0  0  0  0  0  0  0  0  0
   -5.3160    1.8237    0.0006 H   0  0  0  0  0  0  0  0  0  0  0  0
   -6.8613   -0.0885    0.0012 H   0  0  0  0  0  0  0  0  0  0  0  0
   -5.9945   -2.3873    0.0012 H   0  0  0  0  0  0  0  0  0  0  0  0
   -3.5730   -2.8060   -0.0001 H   0  0  0  0  0  0  0  0  0  0  0  0
   -1.8042   -3.0936   -0.0002 H   0  0  0  0  0  0  0  0  0  0  0  0
    0.6102   -3.5286    0.0009 H   0  0  0  0  0  0  0  0  0  0  0  0
  1  2  2  0  0  0  0
  2  3  1  0  0  0  0
  3  4  2  0  0  0  0
  4  5  1  0  0  0  0
  5  6  2  0  0  0  0
  6  7  1  0  0  0  0
  7  8  2  0  0  0  0
  3  8  1  0  0  0  0
  8  9  1  0  0  0  0
  9 10  1  0  0  0  0
 10 11  2  0  0  0  0
 11 12  1  0  0  0  0
 12 13  1  0  0  0  0
 13 14  2  0  0  0  0
 13 15  1  0  0  0  0
 15 16  2  0  0  0  0
 16 17  1  0  0  0  0
 17 18  2  0  0  0  0
 18 19  1  0  0  0  0
 19 20  2  0  0  0  0
 15 20  1  0  0  0  0
 20 21  1  0  0  0  0
 21 22  2  0  0  0  0
 22 23  1  0  0  0  0
 23 24  2  0  0  0  0
  2 24  1  0  0  0  0
 24 25  1  0  0  0  0
  9 25  2  0  0  0  0
 25 26  1  0  0  0  0
 12 26  2  0  0  0  0
 21 26  1  0  0  0  0
  4 27  1  0  0  0  0
  5 28  1  0  0  0  0
  6 29  1  0  0  0  0
  7 30  1  0  0  0  0
 10 31  1  0  0  0  0
 11 32  1  0  0  0  0
 16 33  1  0  0  0  0
 17 34  1  0  0  0  0
 18 35  1  0  0  0  0
 19 36  1  0  0  0  0
 22 37  1  0  0  0  0
 23 38  1  0  0  0  0
M  END
$$$$
