 
WItclserve11290013453D 0   0.00000     0.00000cramer
 
 29 28  0  0  0  0  0  0  0  0  2 V2000
   -1.2492    0.0012   -0.8833 C   0  0  0  0  0  0  0  0  0  0  0  0
   -2.4160    0.0024   -0.0583 O   0  0  0  0  0  0  0  0  0  0  0  0
   -3.5328    0.0035   -0.9288 N   0  3  0  0  0  0  0  0  0  0  0  0
   -3.3647    0.0033   -2.1352 O   0  0  0  0  0  0  0  0  0  0  0  0
   -4.6616    0.0046   -0.4713 O   0  5  0  0  0  0  0  0  0  0  0  0
    0.0000    0.0000    0.0000 C   0  0  0  0  0  0  0  0  0  0  0  0
    0.0012    1.2493    0.8833 C   0  0  0  0  0  0  0  0  0  0  0  0
    0.0024    2.4160    0.0583 O   0  0  0  0  0  0  0  0  0  0  0  0
    0.0035    3.5328    0.9288 N   0  3  0  0  0  0  0  0  0  0  0  0
    0.0046    4.6616    0.4712 O   0  0  0  0  0  0  0  0  0  0  0  0
    0.0033    3.3647    2.1351 O   0  5  0  0  0  0  0  0  0  0  0  0
   -0.0012   -1.2492    0.8834 C   0  0  0  0  0  0  0  0  0  0  0  0
   -0.0024   -2.4160    0.0583 O   0  0  0  0  0  0  0  0  0  0  0  0
   -0.0035   -3.5328    0.9289 N   0  3  0  0  0  0  0  0  0  0  0  0
   -0.0046   -4.6616    0.4714 O   0  0  0  0  0  0  0  0  0  0  0  0
   -0.0033   -3.3646    2.1352 O   0  5  0  0  0  0  0  0  0  0  0  0
    1.2492   -0.0012   -0.8833 C   0  0  0  0  0  0  0  0  0  0  0  0
    2.4160   -0.0024   -0.0583 O   0  0  0  0  0  0  0  0  0  0  0  0
    3.5328   -0.0035   -0.9288 N   0  3  0  0  0  0  0  0  0  0  0  0
    4.6616   -0.0046   -0.4713 O   0  0  0  0  0  0  0  0  0  0  0  0
    3.3647   -0.0033   -2.1352 O   0  5  0  0  0  0  0  0  0  0  0  0
   -1.2501   -0.8888   -1.5126 H   0  0  0  0  0  0  0  0  0  0  0  0
   -1.2484    0.8912   -1.5127 H   0  0  0  0  0  0  0  0  0  0  0  0
   -0.8887    1.2501    1.5126 H   0  0  0  0  0  0  0  0  0  0  0  0
    0.8912    1.2484    1.5126 H   0  0  0  0  0  0  0  0  0  0  0  0
    0.8887   -1.2501    1.5127 H   0  0  0  0  0  0  0  0  0  0  0  0
   -0.8912   -1.2483    1.5127 H   0  0  0  0  0  0  0  0  0  0  0  0
    1.2484   -0.8912   -1.5126 H   0  0  0  0  0  0  0  0  0  0  0  0
    1.2501    0.8887   -1.5127 H   0  0  0  0  0  0  0  0  0  0  0  0
  1  2  1  0  0  0  0
  2  3  1  0  0  0  0
  3  4  2  0  0  0  0
  3  5  1  0  0  0  0
  1  6  1  0  0  0  0
  6  7  1  0  0  0  0
  7  8  1  0  0  0  0
  8  9  1  0  0  0  0
  9 10  2  0  0  0  0
  9 11  1  0  0  0  0
  6 12  1  0  0  0  0
 12 13  1  0  0  0  0
 13 14  1  0  0  0  0
 14 15  2  0  0  0  0
 14 16  1  0  0  0  0
  6 17  1  0  0  0  0
 17 18  1  0  0  0  0
 18 19  1  0  0  0  0
 19 20  2  0  0  0  0
 19 21  1  0  0  0  0
  1 22  1  0  0  0  0
  1 23  1  0  0  0  0
  7 24  1  0  0  0  0
  7 25  1  0  0  0  0
 12 26  1  0  0  0  0
 12 27  1  0  0  0  0
 17 28  1  0  0  0  0
 17 29  1  0  0  0  0
M  CHG  8   3   1   5  -1   9   1  11  -1  14   1  16  -1  19   1  21  -1
M  END
$$$$
