 
WItclserve11290013453D 0   0.00000     0.00000cramer
 
 55 56  0  0  0  0  0  0  0  0  1 V2000
   -3.9778   -0.4277    1.1673 C   0  0  0  0  0  0  0  0  0  0  0  0
   -5.3826   -0.0723    0.6764 C   0  0  0  0  0  0  0  0  0  0  0  0
   -3.7302    0.2319    2.5255 C   0  0  0  0  0  0  0  0  0  0  0  0
   -3.8558   -1.9463    1.3081 C   0  0  0  0  0  0  0  0  0  0  0  0
   -2.9583    0.0683    0.1746 C   0  0  0  0  0  0  0  0  0  0  0  0
   -1.9643    0.9365    0.5814 C   0  0  0  0  0  0  0  0  0  0  0  0
   -1.0244    1.3932   -0.3337 C   0  0  0  0  0  0  0  0  0  0  0  0
    0.2447    2.5004    0.1840 S   0  0  0  0  0  0  0  0  0  0  0  0
    1.6094    1.3883    0.2585 C   0  0  0  0  0  0  0  0  0  0  0  0
    1.4073    0.0262    0.0720 C   0  0  0  0  0  0  0  0  0  0  0  0
    2.4773   -0.8442    0.1301 C   0  0  0  0  0  0  0  0  0  0  0  0
    3.7541   -0.3594    0.3747 C   0  0  0  0  0  0  0  0  0  0  0  0
    4.8074   -1.2177    0.4317 O   0  0  0  0  0  0  0  0  0  0  0  0
    3.9571    1.0000    0.5606 C   0  0  0  0  0  0  0  0  0  0  0  0
    2.8888    1.8731    0.4981 C   0  0  0  0  0  0  0  0  0  0  0  0
    3.1097    3.3501    0.6996 C   0  0  0  0  0  0  0  0  0  0  0  0
    2.2584   -2.3215   -0.0716 C   0  0  0  0  0  0  0  0  0  0  0  0
    3.0455   -2.7911   -1.2967 C   0  0  0  0  0  0  0  0  0  0  0  0
    2.7393   -3.0820    1.1658 C   0  0  0  0  0  0  0  0  0  0  0  0
    0.7681   -2.5912   -0.2888 C   0  0  0  0  0  0  0  0  0  0  0  0
   -1.0855    0.9759   -1.6577 C   0  0  0  0  0  0  0  0  0  0  0  0
   -0.0662    1.4701   -2.6516 C   0  0  0  0  0  0  0  0  0  0  0  0
   -2.0800    0.1080   -2.0622 C   0  0  0  0  0  0  0  0  0  0  0  0
   -3.0152   -0.3517   -1.1460 C   0  0  0  0  0  0  0  0  0  0  0  0
   -3.9941   -1.2070   -1.5455 O   0  0  0  0  0  0  0  0  0  0  0  0
   -5.4696    1.0096    0.5761 H   0  0  0  0  0  0  0  0  0  0  0  0
   -5.5591   -0.5422   -0.2912 H   0  0  0  0  0  0  0  0  0  0  0  0
   -6.1201   -0.4311    1.3944 H   0  0  0  0  0  0  0  0  0  0  0  0
   -4.5154   -0.0634    3.2214 H   0  0  0  0  0  0  0  0  0  0  0  0
   -2.7625   -0.0868    2.9131 H   0  0  0  0  0  0  0  0  0  0  0  0
   -3.7361    1.3157    2.4095 H   0  0  0  0  0  0  0  0  0  0  0  0
   -2.8550   -2.1995    1.6579 H   0  0  0  0  0  0  0  0  0  0  0  0
   -4.5932   -2.3051    2.0261 H   0  0  0  0  0  0  0  0  0  0  0  0
   -4.0322   -2.4162    0.3405 H   0  0  0  0  0  0  0  0  0  0  0  0
   -1.9179    1.2604    1.6106 H   0  0  0  0  0  0  0  0  0  0  0  0
    0.4135   -0.3514   -0.1180 H   0  0  0  0  0  0  0  0  0  0  0  0
    5.1584   -1.2895   -0.4664 H   0  0  0  0  0  0  0  0  0  0  0  0
    4.9514    1.3764    0.7505 H   0  0  0  0  0  0  0  0  0  0  0  0
    3.3159    3.8211   -0.2616 H   0  0  0  0  0  0  0  0  0  0  0  0
    2.2162    3.7947    1.1378 H   0  0  0  0  0  0  0  0  0  0  0  0
    3.9569    3.5029    1.3683 H   0  0  0  0  0  0  0  0  0  0  0  0
    2.8871   -3.8596   -1.4426 H   0  0  0  0  0  0  0  0  0  0  0  0
    2.7029   -2.2493   -2.1783 H   0  0  0  0  0  0  0  0  0  0  0  0
    4.1072   -2.5989   -1.1420 H   0  0  0  0  0  0  0  0  0  0  0  0
    3.8010   -2.8898    1.3205 H   0  0  0  0  0  0  0  0  0  0  0  0
    2.1785   -2.7474    2.0386 H   0  0  0  0  0  0  0  0  0  0  0  0
    2.5809   -4.1505    1.0199 H   0  0  0  0  0  0  0  0  0  0  0  0
    0.2009   -2.1975    0.5547 H   0  0  0  0  0  0  0  0  0  0  0  0
    0.4404   -2.1029   -1.2066 H   0  0  0  0  0  0  0  0  0  0  0  0
    0.6012   -3.6653   -0.3692 H   0  0  0  0  0  0  0  0  0  0  0  0
    0.7855    0.7900   -2.6673 H   0  0  0  0  0  0  0  0  0  0  0  0
   -0.5163    1.5116   -3.6434 H   0  0  0  0  0  0  0  0  0  0  0  0
    0.2695    2.4662   -2.3629 H   0  0  0  0  0  0  0  0  0  0  0  0
   -2.1277   -0.2165   -3.0912 H   0  0  0  0  0  0  0  0  0  0  0  0
   -3.6475   -2.1023   -1.4294 H   0  0  0  0  0  0  0  0  0  0  0  0
  1  2  1  0  0  0  0
  1  3  1  0  0  0  0
  1  4  1  0  0  0  0
  1  5  1  0  0  0  0
  5  6  1  0  0  0  0
  6  7  2  0  0  0  0
  7  8  1  0  0  0  0
  8  9  1  0  0  0  0
  9 10  1  0  0  0  0
 10 11  2  0  0  0  0
 11 12  1  0  0  0  0
 12 13  1  0  0  0  0
 12 14  2  0  0  0  0
 14 15  1  0  0  0  0
  9 15  2  0  0  0  0
 15 16  1  0  0  0  0
 11 17  1  0  0  0  0
 17 18  1  0  0  0  0
 17 19  1  0  0  0  0
 17 20  1  0  0  0  0
  7 21  1  0  0  0  0
 21 22  1  0  0  0  0
 21 23  2  0  0  0  0
 23 24  1  0  0  0  0
  5 24  2  0  0  0  0
 24 25  1  0  0  0  0
  2 26  1  0  0  0  0
  2 27  1  0  0  0  0
  2 28  1  0  0  0  0
  3 29  1  0  0  0  0
  3 30  1  0  0  0  0
  3 31  1  0  0  0  0
  4 32  1  0  0  0  0
  4 33  1  0  0  0  0
  4 34  1  0  0  0  0
  6 35  1  0  0  0  0
 10 36  1  0  0  0  0
 13 37  1  0  0  0  0
 14 38  1  0  0  0  0
 16 39  1  0  0  0  0
 16 40  1  0  0  0  0
 16 41  1  0  0  0  0
 18 42  1  0  0  0  0
 18 43  1  0  0  0  0
 18 44  1  0  0  0  0
 19 45  1  0  0  0  0
 19 46  1  0  0  0  0
 19 47  1  0  0  0  0
 20 48  1  0  0  0  0
 20 49  1  0  0  0  0
 20 50  1  0  0  0  0
 22 51  1  0  0  0  0
 22 52  1  0  0  0  0
 22 53  1  0  0  0  0
 23 54  1  0  0  0  0
 25 55  1  0  0  0  0
M  END
$$$$
