 
WItclserve11290013443D 0   0.00000     0.00000cramer
 
 75 79  0  0  0  0  0  0  0  0  1 V2000
   -5.4792   -0.5599    0.6460 C   0  0  0  0  0  0  0  0  0  0  0  0
   -5.1040   -1.8903    0.7206 C   0  0  0  0  0  0  0  0  0  0  0  0
   -5.9652   -2.8159    1.2217 O   0  0  0  0  0  0  0  0  0  0  0  0
   -7.1588   -2.1174    1.5815 C   0  0  0  0  0  0  0  0  0  0  0  0
   -3.8417   -2.2764    0.2800 C   0  0  0  0  0  0  0  0  0  0  0  0
   -3.4641   -3.5810    0.3500 O   0  0  0  0  0  0  0  0  0  0  0  0
   -2.1352   -3.6548   -0.1703 C   0  0  0  0  0  0  0  0  0  0  0  0
   -2.9720   -1.3283   -0.2300 C   0  0  0  0  0  0  0  0  0  0  0  0
   -3.3525    0.0026   -0.3043 C   0  0  0  0  0  0  0  0  0  0  0  0
   -4.6044    0.3847    0.1352 C   0  0  0  0  0  0  0  0  0  0  0  0
   -5.0434    1.8260    0.0723 C   0  0  0  0  0  0  0  0  0  0  0  0
   -4.1038    2.6100   -0.8462 C   0  0  0  0  0  0  0  0  0  0  0  0
   -2.7190    2.3589   -0.4276 N   0  0  0  0  0  0  0  0  0  0  0  0
   -1.8623    3.2839   -1.1776 C   0  0  0  0  0  0  0  0  0  0  0  0
   -0.4020    3.0696   -0.7720 C   0  0  0  0  0  0  0  0  0  0  0  0
   -0.2505    3.3039    0.7324 C   0  0  0  0  0  0  0  0  0  0  0  0
   -0.6684    4.7365    1.0700 C   0  0  0  0  0  0  0  0  0  0  0  0
    0.0145    1.6351   -1.1099 C   0  0  0  0  0  0  0  0  0  0  0  0
    1.4324    1.3794   -0.5953 C   0  0  0  0  0  0  0  0  0  0  0  0
    1.8471   -0.0540   -0.9336 C   0  0  0  0  0  0  0  0  0  0  0  0
    1.8115   -0.2359   -2.3865 N   0  0  0  0  0  0  0  0  0  0  0  0
    2.2927   -1.5990   -2.6521 C   0  0  0  0  0  0  0  0  0  0  0  0
    3.8094   -1.6315   -2.4552 C   0  0  0  0  0  0  0  0  0  0  0  0
    4.1533   -1.0498   -1.1069 C   0  0  0  0  0  0  0  0  0  0  0  0
    5.4180   -1.2699   -0.5857 C   0  0  0  0  0  0  0  0  0  0  0  0
    5.7640   -0.7479    0.6486 C   0  0  0  0  0  0  0  0  0  0  0  0
    7.0060   -0.9646    1.1582 O   0  0  0  0  0  0  0  0  0  0  0  0
    7.7138   -1.7538    0.2000 C   0  0  0  0  0  0  0  0  0  0  0  0
    4.8346    0.0004    1.3655 C   0  0  0  0  0  0  0  0  0  0  0  0
    5.1658    0.5184    2.5785 O   0  0  0  0  0  0  0  0  0  0  0  0
    4.0175    1.2236    3.0540 C   0  0  0  0  0  0  0  0  0  0  0  0
    3.5731    0.2159    0.8400 C   0  0  0  0  0  0  0  0  0  0  0  0
    3.2306   -0.3094   -0.3972 C   0  0  0  0  0  0  0  0  0  0  0  0
   -0.9580    0.6590   -0.4388 C   0  0  0  0  0  0  0  0  0  0  0  0
   -2.3843    1.0050   -0.8705 C   0  0  0  0  0  0  0  0  0  0  0  0
   -6.4597   -0.2579    0.9833 H   0  0  0  0  0  0  0  0  0  0  0  0
   -6.9252   -1.3607    2.3305 H   0  0  0  0  0  0  0  0  0  0  0  0
   -7.5787   -1.6366    0.6980 H   0  0  0  0  0  0  0  0  0  0  0  0
   -7.8829   -2.8220    1.9904 H   0  0  0  0  0  0  0  0  0  0  0  0
   -1.7879   -4.6874   -0.1343 H   0  0  0  0  0  0  0  0  0  0  0  0
   -2.1293   -3.3052   -1.2026 H   0  0  0  0  0  0  0  0  0  0  0  0
   -1.4750   -3.0283    0.4294 H   0  0  0  0  0  0  0  0  0  0  0  0
   -1.9918   -1.6268   -0.5716 H   0  0  0  0  0  0  0  0  0  0  0  0
   -6.0598    1.8791   -0.3178 H   0  0  0  0  0  0  0  0  0  0  0  0
   -5.0162    2.2576    1.0729 H   0  0  0  0  0  0  0  0  0  0  0  0
   -4.2399    2.2801   -1.8761 H   0  0  0  0  0  0  0  0  0  0  0  0
   -4.3217    3.6752   -0.7691 H   0  0  0  0  0  0  0  0  0  0  0  0
   -1.9738    3.0974   -2.2457 H   0  0  0  0  0  0  0  0  0  0  0  0
   -2.1541    4.3104   -0.9556 H   0  0  0  0  0  0  0  0  0  0  0  0
    0.2327    3.7701   -1.3148 H   0  0  0  0  0  0  0  0  0  0  0  0
   -0.8848    2.6030    1.2750 H   0  0  0  0  0  0  0  0  0  0  0  0
    0.7894    3.1512    1.0210 H   0  0  0  0  0  0  0  0  0  0  0  0
   -0.0341    5.4375    0.5274 H   0  0  0  0  0  0  0  0  0  0  0  0
   -1.7083    4.8892    0.7814 H   0  0  0  0  0  0  0  0  0  0  0  0
   -0.5605    4.9035    2.1417 H   0  0  0  0  0  0  0  0  0  0  0  0
   -0.0123    1.4928   -2.1903 H   0  0  0  0  0  0  0  0  0  0  0  0
    2.1222    2.0784   -1.0683 H   0  0  0  0  0  0  0  0  0  0  0  0
    1.4575    1.5194    0.4854 H   0  0  0  0  0  0  0  0  0  0  0  0
    1.1484   -0.7489   -0.4678 H   0  0  0  0  0  0  0  0  0  0  0  0
    0.8399   -0.2134   -2.6578 H   0  0  0  0  0  0  0  0  0  0  0  0
    1.8192   -2.2953   -1.9599 H   0  0  0  0  0  0  0  0  0  0  0  0
    2.0511   -1.8786   -3.6776 H   0  0  0  0  0  0  0  0  0  0  0  0
    4.1605   -2.6621   -2.5067 H   0  0  0  0  0  0  0  0  0  0  0  0
    4.2900   -1.0442   -3.2377 H   0  0  0  0  0  0  0  0  0  0  0  0
    6.1365   -1.8513   -1.1444 H   0  0  0  0  0  0  0  0  0  0  0  0
    7.1886   -2.6965    0.0467 H   0  0  0  0  0  0  0  0  0  0  0  0
    7.7721   -1.2127   -0.7445 H   0  0  0  0  0  0  0  0  0  0  0  0
    8.7205   -1.9541    0.5667 H   0  0  0  0  0  0  0  0  0  0  0  0
    4.2363    1.6587    4.0291 H   0  0  0  0  0  0  0  0  0  0  0  0
    3.7616    2.0168    2.3514 H   0  0  0  0  0  0  0  0  0  0  0  0
    3.1787    0.5334    3.1440 H   0  0  0  0  0  0  0  0  0  0  0  0
    2.8514    0.7961    1.3958 H   0  0  0  0  0  0  0  0  0  0  0  0
   -0.7212   -0.3601   -0.7442 H   0  0  0  0  0  0  0  0  0  0  0  0
   -0.8733    0.7463    0.6444 H   0  0  0  0  0  0  0  0  0  0  0  0
   -2.4411    0.9756   -1.9586 H   0  0  0  0  0  0  0  0  0  0  0  0
  1  2  1  0  0  0  0
  2  3  1  0  0  0  0
  3  4  1  0  0  0  0
  2  5  2  0  0  0  0
  5  6  1  0  0  0  0
  6  7  1  0  0  0  0
  5  8  1  0  0  0  0
  8  9  2  0  0  0  0
  9 10  1  0  0  0  0
  1 10  2  0  0  0  0
 10 11  1  0  0  0  0
 11 12  1  0  0  0  0
 12 13  1  0  0  0  0
 13 14  1  0  0  0  0
 14 15  1  0  0  0  0
 15 16  1  0  0  0  0
 16 17  1  0  0  0  0
 15 18  1  0  0  0  0
 18 19  1  0  0  0  0
 19 20  1  0  0  0  0
 20 21  1  0  0  0  0
 21 22  1  0  0  0  0
 22 23  1  0  0  0  0
 23 24  1  0  0  0  0
 24 25  1  0  0  0  0
 25 26  2  0  0  0  0
 26 27  1  0  0  0  0
 27 28  1  0  0  0  0
 26 29  1  0  0  0  0
 29 30  1  0  0  0  0
 30 31  1  0  0  0  0
 29 32  2  0  0  0  0
 32 33  1  0  0  0  0
 20 33  1  0  0  0  0
 24 33  2  0  0  0  0
 18 34  1  0  0  0  0
 34 35  1  0  0  0  0
  9 35  1  0  0  0  0
 13 35  1  0  0  0  0
  1 36  1  0  0  0  0
  4 37  1  0  0  0  0
  4 38  1  0  0  0  0
  4 39  1  0  0  0  0
  7 40  1  0  0  0  0
  7 41  1  0  0  0  0
  7 42  1  0  0  0  0
  8 43  1  0  0  0  0
 11 44  1  0  0  0  0
 11 45  1  0  0  0  0
 12 46  1  0  0  0  0
 12 47  1  0  0  0  0
 14 48  1  0  0  0  0
 14 49  1  0  0  0  0
 15 50  1  0  0  0  0
 16 51  1  0  0  0  0
 16 52  1  0  0  0  0
 17 53  1  0  0  0  0
 17 54  1  0  0  0  0
 17 55  1  0  0  0  0
 18 56  1  0  0  0  0
 19 57  1  0  0  0  0
 19 58  1  0  0  0  0
 20 59  1  0  0  0  0
 21 60  1  0  0  0  0
 22 61  1  0  0  0  0
 22 62  1  0  0  0  0
 23 63  1  0  0  0  0
 23 64  1  0  0  0  0
 25 65  1  0  0  0  0
 28 66  1  0  0  0  0
 28 67  1  0  0  0  0
 28 68  1  0  0  0  0
 31 69  1  0  0  0  0
 31 70  1  0  0  0  0
 31 71  1  0  0  0  0
 32 72  1  0  0  0  0
 34 73  1  0  0  0  0
 34 74  1  0  0  0  0
 35 75  1  0  0  0  0
M  END
$$$$
