 
WItclserve11290013443D 0   0.00000     0.00000cramer
 
 23 25  0  0  0  0  0  0  0  0  1 V2000
    0.0036    0.0003    0.2353 P   0  0  0  0  0  0  0  0  0  0  0  0
    0.0376    0.0006    2.0986 S   0  0  0  0  0  0  0  0  0  0  0  0
    1.4579    0.6102   -0.3524 N   0  0  0  0  0  0  0  0  0  0  0  0
    2.4899   -0.3889   -0.0443 C   0  0  0  0  0  0  0  0  0  0  0  0
    1.8789   -0.2796   -1.4428 C   0  0  0  0  0  0  0  0  0  0  0  0
   -0.2107   -1.5734   -0.3216 N   0  0  0  0  0  0  0  0  0  0  0  0
   -1.5872   -1.9577    0.0184 C   0  0  0  0  0  0  0  0  0  0  0  0
   -1.2114   -1.5086   -1.3951 C   0  0  0  0  0  0  0  0  0  0  0  0
   -1.2671    0.9637   -0.3027 N   0  0  0  0  0  0  0  0  0  0  0  0
   -0.9022    2.3534    0.0036 C   0  0  0  0  0  0  0  0  0  0  0  0
   -0.7409    1.7793   -1.4054 C   0  0  0  0  0  0  0  0  0  0  0  0
    3.5121   -0.0350    0.0898 H   0  0  0  0  0  0  0  0  0  0  0  0
    2.2003   -1.2424    0.5686 H   0  0  0  0  0  0  0  0  0  0  0  0
    1.1856   -1.0609   -1.7541 H   0  0  0  0  0  0  0  0  0  0  0  0
    2.4973    0.1465   -2.2328 H   0  0  0  0  0  0  0  0  0  0  0  0
   -1.7925   -3.0168    0.1746 H   0  0  0  0  0  0  0  0  0  0  0  0
   -2.1682   -1.2678    0.6304 H   0  0  0  0  0  0  0  0  0  0  0  0
   -1.5441   -0.5219   -1.7173 H   0  0  0  0  0  0  0  0  0  0  0  0
   -1.1683   -2.2709   -2.1731 H   0  0  0  0  0  0  0  0  0  0  0  0
   -1.7120    3.0636    0.1704 H   0  0  0  0  0  0  0  0  0  0  0  0
    0.0026    2.5215    0.5876 H   0  0  0  0  0  0  0  0  0  0  0  0
    0.2705    1.5680   -1.7525 H   0  0  0  0  0  0  0  0  0  0  0  0
   -1.4441    2.1102   -2.1698 H   0  0  0  0  0  0  0  0  0  0  0  0
  1  2  2  0  0  0  0
  1  3  1  0  0  0  0
  3  4  1  0  0  0  0
  4  5  1  0  0  0  0
  3  5  1  0  0  0  0
  1  6  1  0  0  0  0
  6  7  1  0  0  0  0
  7  8  1  0  0  0  0
  6  8  1  0  0  0  0
  1  9  1  0  0  0  0
  9 10  1  0  0  0  0
 10 11  1  0  0  0  0
  9 11  1  0  0  0  0
  4 12  1  0  0  0  0
  4 13  1  0  0  0  0
  5 14  1  0  0  0  0
  5 15  1  0  0  0  0
  7 16  1  0  0  0  0
  7 17  1  0  0  0  0
  8 18  1  0  0  0  0
  8 19  1  0  0  0  0
 10 20  1  0  0  0  0
 10 21  1  0  0  0  0
 11 22  1  0  0  0  0
 11 23  1  0  0  0  0
M  END
$$$$
