 
WItclserve11290013443D 0   0.00000     0.00000cramer
 
 11 10  0  0  0  0  0  0  0  0  1 V2000
    3.4375   -0.1115   -0.1034 C   0  0  0  0  0  0  0  0  0  0  0  0
    2.2032   -0.5421   -0.0178 C   0  0  0  0  0  0  0  0  0  0  0  0
    1.1319    0.3499    0.5545 C   0  0  0  0  0  0  0  0  0  0  0  0
    0.0910    0.5709   -0.4526 N   0  0  0  0  0  0  0  0  0  0  0  0
   -1.0867    0.2219   -0.2211 C   0  0  0  0  0  0  0  0  0  0  0  0
   -2.5505   -0.2118    0.0667 S   0  0  0  0  0  0  0  0  0  0  0  0
    3.6872    0.8828    0.2363 H   0  0  0  0  0  0  0  0  0  0  0  0
    4.2061   -0.7524   -0.5094 H   0  0  0  0  0  0  0  0  0  0  0  0
    1.9535   -1.5365   -0.3575 H   0  0  0  0  0  0  0  0  0  0  0  0
    0.6935   -0.1257    1.4318 H   0  0  0  0  0  0  0  0  0  0  0  0
    1.5698    1.3063    0.8403 H   0  0  0  0  0  0  0  0  0  0  0  0
  1  2  2  0  0  0  0
  2  3  1  0  0  0  0
  3  4  1  0  0  0  0
  4  5  2  0  0  0  0
  5  6  2  0  0  0  0
  1  7  1  0  0  0  0
  1  8  1  0  0  0  0
  2  9  1  0  0  0  0
  3 10  1  0  0  0  0
  3 11  1  0  0  0  0
M  END
$$$$
