 
WItclserve11290013443D 0   0.00000     0.00000cramer
 
 13 12  0  0  0  0  0  0  0  0  1 V2000
    0.0000   -1.4061    0.3175 O   0  0  0  0  0  0  0  0  0  0  0  0
    0.0000   -0.0253   -0.2151 P   0  0  0  0  0  0  0  0  0  0  0  0
    0.0000   -0.0655   -1.6345 H   0  0  0  0  0  0  0  0  0  0  0  0
   -1.3146    0.7486    0.2999 O   0  0  0  0  0  0  0  0  0  0  0  0
   -2.4416    0.0172   -0.1869 C   0  0  0  0  0  0  0  0  0  0  0  0
    1.3146    0.7486    0.2999 O   0  0  0  0  0  0  0  0  0  0  0  0
    2.4416    0.0172   -0.1868 C   0  0  0  0  0  0  0  0  0  0  0  0
   -2.4123   -0.0131   -1.2760 H   0  0  0  0  0  0  0  0  0  0  0  0
   -2.4123   -0.9992    0.2058 H   0  0  0  0  0  0  0  0  0  0  0  0
   -3.3600    0.5060    0.1384 H   0  0  0  0  0  0  0  0  0  0  0  0
    3.3600    0.5060    0.1385 H   0  0  0  0  0  0  0  0  0  0  0  0
    2.4123   -0.9992    0.2058 H   0  0  0  0  0  0  0  0  0  0  0  0
    2.4123   -0.0131   -1.2760 H   0  0  0  0  0  0  0  0  0  0  0  0
  1  2  2  0  0  0  0
  2  3  1  0  0  0  0
  2  4  1  0  0  0  0
  4  5  1  0  0  0  0
  2  6  1  0  0  0  0
  6  7  1  0  0  0  0
  5  8  1  0  0  0  0
  5  9  1  0  0  0  0
  5 10  1  0  0  0  0
  7 11  1  0  0  0  0
  7 12  1  0  0  0  0
  7 13  1  0  0  0  0
M  END
$$$$
