 
WItclserve11290013443D 0   0.00000     0.00000cramer
 
 24 24  0  0  0  0  0  0  0  0  1 V2000
    2.5030   -1.0683    0.4359 C   0  0  0  0  0  0  0  0  0  0  0  0
    1.1730   -0.4575   -0.0101 C   0  0  0  0  0  0  0  0  0  0  0  0
    1.1864   -0.2534   -1.5264 C   0  0  0  0  0  0  0  0  0  0  0  0
    0.0273   -1.3945    0.3695 C   0  0  0  0  0  0  0  0  0  0  0  0
   -1.3041   -0.7541    0.1114 C   0  0  0  0  0  0  0  0  0  0  0  0
   -2.5068   -1.6454   -0.0618 C   0  0  0  0  0  0  0  0  0  0  0  0
   -1.4747    0.5597    0.0284 C   0  0  0  0  0  0  0  0  0  0  0  0
   -0.3361    1.4717    0.1799 C   0  0  0  0  0  0  0  0  0  0  0  0
   -0.4351    2.6495   -0.0940 O   0  0  0  0  0  0  0  0  0  0  0  0
    0.9687    0.8944    0.6885 C   0  0  0  0  0  0  0  0  0  0  0  0
    3.3191   -0.3975    0.1675 H   0  0  0  0  0  0  0  0  0  0  0  0
    2.4922   -1.2132    1.5162 H   0  0  0  0  0  0  0  0  0  0  0  0
    2.6452   -2.0295   -0.0582 H   0  0  0  0  0  0  0  0  0  0  0  0
    2.0020    0.4177   -1.7954 H   0  0  0  0  0  0  0  0  0  0  0  0
    1.3282   -1.2142   -2.0211 H   0  0  0  0  0  0  0  0  0  0  0  0
    0.2384    0.1818   -1.8428 H   0  0  0  0  0  0  0  0  0  0  0  0
    0.1039   -2.3092   -0.2184 H   0  0  0  0  0  0  0  0  0  0  0  0
    0.1049   -1.6435    1.4278 H   0  0  0  0  0  0  0  0  0  0  0  0
   -3.3904   -1.0327   -0.2408 H   0  0  0  0  0  0  0  0  0  0  0  0
   -2.3474   -2.3099   -0.9110 H   0  0  0  0  0  0  0  0  0  0  0  0
   -2.6527   -2.2384    0.8411 H   0  0  0  0  0  0  0  0  0  0  0  0
   -2.4610    0.9608   -0.1526 H   0  0  0  0  0  0  0  0  0  0  0  0
    0.9137    0.7470    1.7670 H   0  0  0  0  0  0  0  0  0  0  0  0
    1.7913    1.5675    0.4467 H   0  0  0  0  0  0  0  0  0  0  0  0
  1  2  1  0  0  0  0
  2  3  1  0  0  0  0
  2  4  1  0  0  0  0
  4  5  1  0  0  0  0
  5  6  1  0  0  0  0
  5  7  2  0  0  0  0
  7  8  1  0  0  0  0
  8  9  2  0  0  0  0
  8 10  1  0  0  0  0
  2 10  1  0  0  0  0
  1 11  1  0  0  0  0
  1 12  1  0  0  0  0
  1 13  1  0  0  0  0
  3 14  1  0  0  0  0
  3 15  1  0  0  0  0
  3 16  1  0  0  0  0
  4 17  1  0  0  0  0
  4 18  1  0  0  0  0
  6 19  1  0  0  0  0
  6 20  1  0  0  0  0
  6 21  1  0  0  0  0
  7 22  1  0  0  0  0
 10 23  1  0  0  0  0
 10 24  1  0  0  0  0
M  END
$$$$
