 
WItclserve11290013443D 0   0.00000     0.00000cramer
 
 71 70  0  0  0  0  0  0  0  0  1 V2000
   13.5305    0.0789   -0.2657 C   0  0  0  0  0  0  0  0  0  0  0  0
   12.2822    0.7498    0.3110 C   0  0  0  0  0  0  0  0  0  0  0  0
   12.2954    2.5037   -0.1067 Cl  0  0  0  0  0  0  0  0  0  0  0  0
   11.0321    0.0944   -0.2794 C   0  0  0  0  0  0  0  0  0  0  0  0
   11.0189   -1.6596    0.1383 Cl  0  0  0  0  0  0  0  0  0  0  0  0
    9.7838    0.7653    0.2973 C   0  0  0  0  0  0  0  0  0  0  0  0
    8.5337    0.1098   -0.2931 C   0  0  0  0  0  0  0  0  0  0  0  0
    7.2854    0.7808    0.2835 C   0  0  0  0  0  0  0  0  0  0  0  0
    6.0353    0.1253   -0.3068 C   0  0  0  0  0  0  0  0  0  0  0  0
    6.0221   -1.6286    0.1109 Cl  0  0  0  0  0  0  0  0  0  0  0  0
    4.7870    0.7963    0.2698 C   0  0  0  0  0  0  0  0  0  0  0  0
    3.5369    0.1408   -0.3205 C   0  0  0  0  0  0  0  0  0  0  0  0
    2.2886    0.8117    0.2561 C   0  0  0  0  0  0  0  0  0  0  0  0
    1.0385    0.1563   -0.3342 C   0  0  0  0  0  0  0  0  0  0  0  0
    1.0254   -1.5976    0.0834 Cl  0  0  0  0  0  0  0  0  0  0  0  0
   -0.2098    0.8272    0.2424 C   0  0  0  0  0  0  0  0  0  0  0  0
   -1.4599    0.1717   -0.3479 C   0  0  0  0  0  0  0  0  0  0  0  0
   -2.7082    0.8427    0.2287 C   0  0  0  0  0  0  0  0  0  0  0  0
   -3.9583    0.1872   -0.3616 C   0  0  0  0  0  0  0  0  0  0  0  0
   -3.9714   -1.5667    0.0560 Cl  0  0  0  0  0  0  0  0  0  0  0  0
   -5.2066    0.8582    0.2150 C   0  0  0  0  0  0  0  0  0  0  0  0
   -6.4567    0.2027   -0.3753 C   0  0  0  0  0  0  0  0  0  0  0  0
   -7.7050    0.8737    0.2013 C   0  0  0  0  0  0  0  0  0  0  0  0
   -8.9551    0.2182   -0.3890 C   0  0  0  0  0  0  0  0  0  0  0  0
   -8.9682   -1.5357    0.0286 Cl  0  0  0  0  0  0  0  0  0  0  0  0
  -10.2034    0.8891    0.1876 C   0  0  0  0  0  0  0  0  0  0  0  0
  -11.4535    0.2337   -0.4028 C   0  0  0  0  0  0  0  0  0  0  0  0
  -12.7017    0.9046    0.1739 C   0  0  0  0  0  0  0  0  0  0  0  0
  -13.9518    0.2491   -0.4165 C   0  0  0  0  0  0  0  0  0  0  0  0
  -15.4229    1.0398    0.2630 Cl  0  0  0  0  0  0  0  0  0  0  0  0
   14.4211    0.5459    0.1549 H   0  0  0  0  0  0  0  0  0  0  0  0
   13.5225   -0.9814   -0.0132 H   0  0  0  0  0  0  0  0  0  0  0  0
   13.5371    0.1942   -1.3495 H   0  0  0  0  0  0  0  0  0  0  0  0
   12.2755    0.6345    1.3948 H   0  0  0  0  0  0  0  0  0  0  0  0
   11.0388    0.2097   -1.3632 H   0  0  0  0  0  0  0  0  0  0  0  0
    9.7771    0.6500    1.3811 H   0  0  0  0  0  0  0  0  0  0  0  0
    9.7918    1.8256    0.0448 H   0  0  0  0  0  0  0  0  0  0  0  0
    8.5404    0.2252   -1.3769 H   0  0  0  0  0  0  0  0  0  0  0  0
    8.5257   -0.9505   -0.0406 H   0  0  0  0  0  0  0  0  0  0  0  0
    7.2787    0.6654    1.3674 H   0  0  0  0  0  0  0  0  0  0  0  0
    7.2934    1.8411    0.0310 H   0  0  0  0  0  0  0  0  0  0  0  0
    6.0420    0.2407   -1.3907 H   0  0  0  0  0  0  0  0  0  0  0  0
    4.7803    0.6809    1.3537 H   0  0  0  0  0  0  0  0  0  0  0  0
    4.7950    1.8566    0.0173 H   0  0  0  0  0  0  0  0  0  0  0  0
    3.5436    0.2561   -1.4044 H   0  0  0  0  0  0  0  0  0  0  0  0
    3.5290   -0.9195   -0.0680 H   0  0  0  0  0  0  0  0  0  0  0  0
    2.2820    0.6964    1.3400 H   0  0  0  0  0  0  0  0  0  0  0  0
    2.2966    1.8721    0.0036 H   0  0  0  0  0  0  0  0  0  0  0  0
    1.0452    0.2716   -1.4181 H   0  0  0  0  0  0  0  0  0  0  0  0
   -0.2164    0.7119    1.3263 H   0  0  0  0  0  0  0  0  0  0  0  0
   -0.2018    1.8875   -0.0101 H   0  0  0  0  0  0  0  0  0  0  0  0
   -1.4532    0.2871   -1.4318 H   0  0  0  0  0  0  0  0  0  0  0  0
   -1.4678   -0.8886   -0.0954 H   0  0  0  0  0  0  0  0  0  0  0  0
   -2.7148    0.7273    1.3126 H   0  0  0  0  0  0  0  0  0  0  0  0
   -2.7002    1.9030   -0.0238 H   0  0  0  0  0  0  0  0  0  0  0  0
   -3.9516    0.3026   -1.4455 H   0  0  0  0  0  0  0  0  0  0  0  0
   -5.2132    0.7428    1.2989 H   0  0  0  0  0  0  0  0  0  0  0  0
   -5.1986    1.9185   -0.0375 H   0  0  0  0  0  0  0  0  0  0  0  0
   -6.4500    0.3181   -1.4592 H   0  0  0  0  0  0  0  0  0  0  0  0
   -6.4646   -0.8576   -0.1228 H   0  0  0  0  0  0  0  0  0  0  0  0
   -7.7116    0.7583    1.2851 H   0  0  0  0  0  0  0  0  0  0  0  0
   -7.6970    1.9340   -0.0512 H   0  0  0  0  0  0  0  0  0  0  0  0
   -8.9484    0.3335   -1.4729 H   0  0  0  0  0  0  0  0  0  0  0  0
  -10.2100    0.7738    1.2714 H   0  0  0  0  0  0  0  0  0  0  0  0
  -10.1954    1.9495   -0.0649 H   0  0  0  0  0  0  0  0  0  0  0  0
  -11.4468    0.3490   -1.4866 H   0  0  0  0  0  0  0  0  0  0  0  0
  -11.4614   -0.8267   -0.1503 H   0  0  0  0  0  0  0  0  0  0  0  0
  -12.7084    0.7893    1.2577 H   0  0  0  0  0  0  0  0  0  0  0  0
  -12.6938    1.9649   -0.0786 H   0  0  0  0  0  0  0  0  0  0  0  0
  -13.9452    0.3645   -1.5003 H   0  0  0  0  0  0  0  0  0  0  0  0
  -13.9598   -0.8112   -0.1640 H   0  0  0  0  0  0  0  0  0  0  0  0
  1  2  1  0  0  0  0
  2  3  1  0  0  0  0
  2  4  1  0  0  0  0
  4  5  1  0  0  0  0
  4  6  1  0  0  0  0
  6  7  1  0  0  0  0
  7  8  1  0  0  0  0
  8  9  1  0  0  0  0
  9 10  1  0  0  0  0
  9 11  1  0  0  0  0
 11 12  1  0  0  0  0
 12 13  1  0  0  0  0
 13 14  1  0  0  0  0
 14 15  1  0  0  0  0
 14 16  1  0  0  0  0
 16 17  1  0  0  0  0
 17 18  1  0  0  0  0
 18 19  1  0  0  0  0
 19 20  1  0  0  0  0
 19 21  1  0  0  0  0
 21 22  1  0  0  0  0
 22 23  1  0  0  0  0
 23 24  1  0  0  0  0
 24 25  1  0  0  0  0
 24 26  1  0  0  0  0
 26 27  1  0  0  0  0
 27 28  1  0  0  0  0
 28 29  1  0  0  0  0
 29 30  1  0  0  0  0
  1 31  1  0  0  0  0
  1 32  1  0  0  0  0
  1 33  1  0  0  0  0
  2 34  1  0  0  0  0
  4 35  1  0  0  0  0
  6 36  1  0  0  0  0
  6 37  1  0  0  0  0
  7 38  1  0  0  0  0
  7 39  1  0  0  0  0
  8 40  1  0  0  0  0
  8 41  1  0  0  0  0
  9 42  1  0  0  0  0
 11 43  1  0  0  0  0
 11 44  1  0  0  0  0
 12 45  1  0  0  0  0
 12 46  1  0  0  0  0
 13 47  1  0  0  0  0
 13 48  1  0  0  0  0
 14 49  1  0  0  0  0
 16 50  1  0  0  0  0
 16 51  1  0  0  0  0
 17 52  1  0  0  0  0
 17 53  1  0  0  0  0
 18 54  1  0  0  0  0
 18 55  1  0  0  0  0
 19 56  1  0  0  0  0
 21 57  1  0  0  0  0
 21 58  1  0  0  0  0
 22 59  1  0  0  0  0
 22 60  1  0  0  0  0
 23 61  1  0  0  0  0
 23 62  1  0  0  0  0
 24 63  1  0  0  0  0
 26 64  1  0  0  0  0
 26 65  1  0  0  0  0
 27 66  1  0  0  0  0
 27 67  1  0  0  0  0
 28 68  1  0  0  0  0
 28 69  1  0  0  0  0
 29 70  1  0  0  0  0
 29 71  1  0  0  0  0
M  END
$$$$
