 
WItclserve11290013443D 0   0.00000     0.00000cramer
 
  7  6  0  0  0  0  0  0  0  0  1 V2000
    0.9873   -1.0211    0.0000 O   0  0  0  0  0  0  0  0  0  0  0  0
   -0.0212   -0.0214    0.0000 B   0  0  0  0  0  0  0  0  0  0  0  0
    0.3402    1.3518    0.0000 O   0  0  0  0  0  0  0  0  0  0  0  0
   -1.3912   -0.3950    0.0000 O   0  0  0  0  0  0  0  0  0  0  0  0
    1.8375   -0.5603    0.0000 H   0  0  0  0  0  0  0  0  0  0  0  0
    1.3066    1.3865    0.0000 H   0  0  0  0  0  0  0  0  0  0  0  0
   -1.9044    0.4245    0.0000 H   0  0  0  0  0  0  0  0  0  0  0  0
  1  2  1  0  0  0  0
  2  3  1  0  0  0  0
  2  4  1  0  0  0  0
  1  5  1  0  0  0  0
  3  6  1  0  0  0  0
  4  7  1  0  0  0  0
M  END
$$$$
