 
WItclserve11290013443D 0   0.00000     0.00000cramer
 
 23 24  0  0  0  0  0  0  0  0  2 V2000
    0.9082    0.1710   -0.1178 N   0  0  0  0  0  0  0  0  0  0  0  0
    0.2205   -0.9769   -0.0737 C   0  0  0  0  0  0  0  0  0  0  0  0
   -1.1590   -0.9541   -0.0351 C   0  0  0  0  0  0  0  0  0  0  0  0
   -2.0580   -2.1242    0.0155 C   0  0  0  0  0  0  0  0  0  0  0  0
   -3.3246   -1.6211    0.0405 C   0  0  0  0  0  0  0  0  0  0  0  0
   -3.2303   -0.2274    0.0078 C   0  0  0  0  0  0  0  0  0  0  0  0
   -1.9482    0.1455   -0.0306 O   0  0  0  0  0  0  0  0  0  0  0  0
   -4.3886    0.7052    0.0205 N   0  3  0  0  0  0  0  0  0  0  0  0
   -4.2021    1.9084   -0.0107 O   0  0  0  0  0  0  0  0  0  0  0  0
   -5.7084    0.1944    0.0688 O   0  5  0  0  0  0  0  0  0  0  0  0
    2.1965    0.1540   -0.0556 N   0  0  0  0  0  0  0  0  0  0  0  0
    3.0613   -1.0385   -0.0409 C   0  0  0  0  0  0  0  0  0  0  0  0
    4.4611   -0.4625    0.0394 C   0  0  0  0  0  0  0  0  0  0  0  0
    5.5051   -1.0776    0.0751 O   0  0  0  0  0  0  0  0  0  0  0  0
    4.3037    0.8758    0.0619 N   0  0  0  0  0  0  0  0  0  0  0  0
    3.0126    1.2219    0.0025 C   0  0  0  0  0  0  0  0  0  0  0  0
    2.6210    2.3711    0.0085 O   0  0  0  0  0  0  0  0  0  0  0  0
    0.7453   -1.9209   -0.0682 H   0  0  0  0  0  0  0  0  0  0  0  0
   -1.7709   -3.1653    0.0297 H   0  0  0  0  0  0  0  0  0  0  0  0
   -4.2377   -2.1967    0.0781 H   0  0  0  0  0  0  0  0  0  0  0  0
    2.8496   -1.6549    0.8328 H   0  0  0  0  0  0  0  0  0  0  0  0
    2.9357   -1.6147   -0.9576 H   0  0  0  0  0  0  0  0  0  0  0  0
    5.0360    1.5099    0.1118 H   0  0  0  0  0  0  0  0  0  0  0  0
  1  2  2  0  0  0  0
  2  3  1  0  0  0  0
  3  4  2  0  0  0  0
  4  5  1  0  0  0  0
  5  6  2  0  0  0  0
  6  7  1  0  0  0  0
  3  7  1  0  0  0  0
  6  8  1  0  0  0  0
  8  9  2  0  0  0  0
  8 10  1  0  0  0  0
  1 11  1  0  0  0  0
 11 12  1  0  0  0  0
 12 13  1  0  0  0  0
 13 14  2  0  0  0  0
 13 15  1  0  0  0  0
 15 16  1  0  0  0  0
 11 16  1  0  0  0  0
 16 17  2  0  0  0  0
  2 18  1  0  0  0  0
  4 19  1  0  0  0  0
  5 20  1  0  0  0  0
 12 21  1  0  0  0  0
 12 22  1  0  0  0  0
 15 23  1  0  0  0  0
M  CHG  2   8   1  10  -1
M  END
$$$$
