 
WItclserve11290013453D 0   0.00000     0.00000cramer
 
 26 25  0  0  0  0  0  0  0  0  1 V2000
    0.0000   -0.9486    0.0366 P   0  0  0  0  0  0  0  0  0  0  0  0
    0.0000   -2.1426    0.9111 O   0  0  0  0  0  0  0  0  0  0  0  0
    1.3146   -0.9641   -0.8928 O   0  0  0  0  0  0  0  0  0  0  0  0
    2.4416   -0.9494   -0.0144 C   0  0  0  0  0  0  0  0  0  0  0  0
    3.7307   -0.9632   -0.8385 C   0  0  0  0  0  0  0  0  0  0  0  0
    5.1527   -0.9447    0.2698 Cl  0  0  0  0  0  0  0  0  0  0  0  0
   -1.3146   -0.9641   -0.8928 O   0  0  0  0  0  0  0  0  0  0  0  0
   -2.4416   -0.9494   -0.0144 C   0  0  0  0  0  0  0  0  0  0  0  0
   -3.7307   -0.9632   -0.8385 C   0  0  0  0  0  0  0  0  0  0  0  0
   -5.1527   -0.9447    0.2698 Cl  0  0  0  0  0  0  0  0  0  0  0  0
    0.0000    0.3813    0.9440 O   0  0  0  0  0  0  0  0  0  0  0  0
    0.0000    1.4935    0.0468 C   0  0  0  0  0  0  0  0  0  0  0  0
    0.0000    2.7962    0.8494 C   0  0  0  0  0  0  0  0  0  0  0  0
    0.0000    4.1995   -0.2827 Cl  0  0  0  0  0  0  0  0  0  0  0  0
    2.4123   -0.0491    0.5993 H   0  0  0  0  0  0  0  0  0  0  0  0
    2.4123   -1.8288    0.6290 H   0  0  0  0  0  0  0  0  0  0  0  0
    3.7600   -1.8635   -1.4521 H   0  0  0  0  0  0  0  0  0  0  0  0
    3.7600   -0.0838   -1.4819 H   0  0  0  0  0  0  0  0  0  0  0  0
   -2.4123   -1.8288    0.6290 H   0  0  0  0  0  0  0  0  0  0  0  0
   -2.4123   -0.0491    0.5993 H   0  0  0  0  0  0  0  0  0  0  0  0
   -3.7600   -0.0838   -1.4819 H   0  0  0  0  0  0  0  0  0  0  0  0
   -3.7600   -1.8636   -1.4522 H   0  0  0  0  0  0  0  0  0  0  0  0
    0.8900    1.4537   -0.5812 H   0  0  0  0  0  0  0  0  0  0  0  0
   -0.8900    1.4537   -0.5812 H   0  0  0  0  0  0  0  0  0  0  0  0
   -0.8900    2.8360    1.4774 H   0  0  0  0  0  0  0  0  0  0  0  0
    0.8900    2.8360    1.4774 H   0  0  0  0  0  0  0  0  0  0  0  0
  1  2  2  0  0  0  0
  1  3  1  0  0  0  0
  3  4  1  0  0  0  0
  4  5  1  0  0  0  0
  5  6  1  0  0  0  0
  1  7  1  0  0  0  0
  7  8  1  0  0  0  0
  8  9  1  0  0  0  0
  9 10  1  0  0  0  0
  1 11  1  0  0  0  0
 11 12  1  0  0  0  0
 12 13  1  0  0  0  0
 13 14  1  0  0  0  0
  4 15  1  0  0  0  0
  4 16  1  0  0  0  0
  5 17  1  0  0  0  0
  5 18  1  0  0  0  0
  8 19  1  0  0  0  0
  8 20  1  0  0  0  0
  9 21  1  0  0  0  0
  9 22  1  0  0  0  0
 12 23  1  0  0  0  0
 12 24  1  0  0  0  0
 13 25  1  0  0  0  0
 13 26  1  0  0  0  0
M  END
$$$$
