 
WItclserve11290013453D 0   0.00000     0.00000cramer
 
 43 44  0  0  0  0  0  0  0  0  1 V2000
    0.1256   -3.7591   -0.7375 C   0  0  0  0  0  0  0  0  0  0  0  0
   -1.2256   -3.9338   -0.4966 C   0  0  0  0  0  0  0  0  0  0  0  0
   -1.9980   -2.8799   -0.0454 C   0  0  0  0  0  0  0  0  0  0  0  0
   -1.4167   -1.6330    0.1695 C   0  0  0  0  0  0  0  0  0  0  0  0
   -2.2384   -0.5027    0.6525 C   0  0  0  0  0  0  0  0  0  0  0  0
   -1.9205    0.0907    1.6633 O   0  0  0  0  0  0  0  0  0  0  0  0
   -3.3395   -0.1312   -0.0286 O   0  0  0  0  0  0  0  0  0  0  0  0
   -4.1465    0.9789    0.4458 C   0  0  0  0  0  0  0  0  0  0  0  0
   -5.3287    1.1915   -0.5019 C   0  0  0  0  0  0  0  0  0  0  0  0
   -6.1790    2.3612   -0.0020 C   0  0  0  0  0  0  0  0  0  0  0  0
   -7.3612    2.5739   -0.9497 C   0  0  0  0  0  0  0  0  0  0  0  0
   -0.0420   -1.4552   -0.0756 C   0  0  0  0  0  0  0  0  0  0  0  0
    0.7200   -2.5285   -0.5299 C   0  0  0  0  0  0  0  0  0  0  0  0
    0.5889   -0.1369    0.1476 C   0  0  0  0  0  0  0  0  0  0  0  0
   -0.0964    0.8231    0.4370 O   0  0  0  0  0  0  0  0  0  0  0  0
    1.9239   -0.0005    0.0299 O   0  0  0  0  0  0  0  0  0  0  0  0
    2.5434    1.2943    0.2490 C   0  0  0  0  0  0  0  0  0  0  0  0
    4.0336    1.1769    0.0576 C   0  0  0  0  0  0  0  0  0  0  0  0
    4.6672    1.9295   -0.9137 C   0  0  0  0  0  0  0  0  0  0  0  0
    6.0339    1.8219   -1.0893 C   0  0  0  0  0  0  0  0  0  0  0  0
    6.7675    0.9618   -0.2932 C   0  0  0  0  0  0  0  0  0  0  0  0
    6.1342    0.2102    0.6785 C   0  0  0  0  0  0  0  0  0  0  0  0
    4.7677    0.3211    0.8570 C   0  0  0  0  0  0  0  0  0  0  0  0
    0.7206   -4.5905   -1.0855 H   0  0  0  0  0  0  0  0  0  0  0  0
   -1.6798   -4.8995   -0.6625 H   0  0  0  0  0  0  0  0  0  0  0  0
   -3.0522   -3.0236    0.1401 H   0  0  0  0  0  0  0  0  0  0  0  0
   -4.5180    0.7566    1.4461 H   0  0  0  0  0  0  0  0  0  0  0  0
   -3.5384    1.8830    0.4766 H   0  0  0  0  0  0  0  0  0  0  0  0
   -4.9571    1.4138   -1.5022 H   0  0  0  0  0  0  0  0  0  0  0  0
   -5.9368    0.2874   -0.5328 H   0  0  0  0  0  0  0  0  0  0  0  0
   -6.5505    2.1389    0.9983 H   0  0  0  0  0  0  0  0  0  0  0  0
   -5.5709    3.2653    0.0289 H   0  0  0  0  0  0  0  0  0  0  0  0
   -7.9669    3.4072   -0.5936 H   0  0  0  0  0  0  0  0  0  0  0  0
   -6.9896    2.7962   -1.9500 H   0  0  0  0  0  0  0  0  0  0  0  0
   -7.9693    1.6698   -0.9805 H   0  0  0  0  0  0  0  0  0  0  0  0
    1.7753   -2.3996   -0.7197 H   0  0  0  0  0  0  0  0  0  0  0  0
    2.1413    2.0148   -0.4632 H   0  0  0  0  0  0  0  0  0  0  0  0
    2.3329    1.6307    1.2642 H   0  0  0  0  0  0  0  0  0  0  0  0
    4.0942    2.6013   -1.5356 H   0  0  0  0  0  0  0  0  0  0  0  0
    6.5288    2.4092   -1.8486 H   0  0  0  0  0  0  0  0  0  0  0  0
    7.8354    0.8772   -0.4308 H   0  0  0  0  0  0  0  0  0  0  0  0
    6.7072   -0.4619    1.3001 H   0  0  0  0  0  0  0  0  0  0  0  0
    4.2729   -0.2663    1.6163 H   0  0  0  0  0  0  0  0  0  0  0  0
  1  2  1  0  0  0  0
  2  3  2  0  0  0  0
  3  4  1  0  0  0  0
  4  5  1  0  0  0  0
  5  6  2  0  0  0  0
  5  7  1  0  0  0  0
  7  8  1  0  0  0  0
  8  9  1  0  0  0  0
  9 10  1  0  0  0  0
 10 11  1  0  0  0  0
  4 12  2  0  0  0  0
 12 13  1  0  0  0  0
  1 13  2  0  0  0  0
 12 14  1  0  0  0  0
 14 15  2  0  0  0  0
 14 16  1  0  0  0  0
 16 17  1  0  0  0  0
 17 18  1  0  0  0  0
 18 19  1  0  0  0  0
 19 20  2  0  0  0  0
 20 21  1  0  0  0  0
 21 22  2  0  0  0  0
 22 23  1  0  0  0  0
 18 23  2  0  0  0  0
  1 24  1  0  0  0  0
  2 25  1  0  0  0  0
  3 26  1  0  0  0  0
  8 27  1  0  0  0  0
  8 28  1  0  0  0  0
  9 29  1  0  0  0  0
  9 30  1  0  0  0  0
 10 31  1  0  0  0  0
 10 32  1  0  0  0  0
 11 33  1  0  0  0  0
 11 34  1  0  0  0  0
 11 35  1  0  0  0  0
 13 36  1  0  0  0  0
 17 37  1  0  0  0  0
 17 38  1  0  0  0  0
 19 39  1  0  0  0  0
 20 40  1  0  0  0  0
 21 41  1  0  0  0  0
 22 42  1  0  0  0  0
 23 43  1  0  0  0  0
M  END
$$$$
