 
WItclserve11290013443D 0   0.00000     0.00000cramer
 
 18 17  0  0  0  0  0  0  0  0  1 V2000
   -1.5994    0.0838   -0.2800 P   0  0  0  0  0  0  0  0  0  0  0  0
   -1.6468    0.7981   -1.5754 O   0  0  0  0  0  0  0  0  0  0  0  0
   -1.8014    1.1366    0.9211 O   0  0  0  0  0  0  0  0  0  0  0  0
   -1.7461    0.3901    2.1384 C   0  0  0  0  0  0  0  0  0  0  0  0
   -2.7727   -1.0176   -0.2313 O   0  0  0  0  0  0  0  0  0  0  0  0
   -4.0072   -0.3127   -0.3769 C   0  0  0  0  0  0  0  0  0  0  0  0
   -0.1725   -0.6447   -0.1208 O   0  0  0  0  0  0  0  0  0  0  0  0
    0.7732    0.3293   -0.1692 C   0  0  0  0  0  0  0  0  0  0  0  0
    2.0492    0.0151   -0.0625 C   0  0  0  0  0  0  0  0  0  0  0  0
    2.5208   -1.6433    0.1399 Cl  0  0  0  0  0  0  0  0  0  0  0  0
    3.2577    1.2598   -0.1244 Cl  0  0  0  0  0  0  0  0  0  0  0  0
   -2.5388   -0.3580    2.1422 H   0  0  0  0  0  0  0  0  0  0  0  0
   -0.7784   -0.1055    2.2170 H   0  0  0  0  0  0  0  0  0  0  0  0
   -1.8787    1.0644    2.9845 H   0  0  0  0  0  0  0  0  0  0  0  0
   -4.1149    0.4035    0.4376 H   0  0  0  0  0  0  0  0  0  0  0  0
   -4.0130    0.2168   -1.3296 H   0  0  0  0  0  0  0  0  0  0  0  0
   -4.8353   -1.0209   -0.3498 H   0  0  0  0  0  0  0  0  0  0  0  0
    0.4798    1.3611   -0.2951 H   0  0  0  0  0  0  0  0  0  0  0  0
  1  2  2  0  0  0  0
  1  3  1  0  0  0  0
  3  4  1  0  0  0  0
  1  5  1  0  0  0  0
  5  6  1  0  0  0  0
  1  7  1  0  0  0  0
  7  8  1  0  0  0  0
  8  9  2  0  0  0  0
  9 10  1  0  0  0  0
  9 11  1  0  0  0  0
  4 12  1  0  0  0  0
  4 13  1  0  0  0  0
  4 14  1  0  0  0  0
  6 15  1  0  0  0  0
  6 16  1  0  0  0  0
  6 17  1  0  0  0  0
  8 18  1  0  0  0  0
M  END
$$$$
