 
WItclserve11290013443D 0   0.00000     0.00000cramer
 
 16 16  0  0  0  0  0  0  0  0  1 V2000
   -2.4369    1.2756   -0.0029 C   0  0  0  0  0  0  0  0  0  0  0  0
   -3.4342    0.5825   -0.0037 O   0  0  0  0  0  0  0  0  0  0  0  0
   -2.5495    2.6179    0.0029 O   0  0  0  0  0  0  0  0  0  0  0  0
   -1.0985    0.6457   -0.0023 C   0  0  0  0  0  0  0  0  0  0  0  0
   -0.0106    1.4105   -0.0014 N   0  0  0  0  0  0  0  0  0  0  0  0
    1.2004    0.8945   -0.0008 C   0  0  0  0  0  0  0  0  0  0  0  0
    2.5793    1.9492    0.0008 Cl  0  0  0  0  0  0  0  0  0  0  0  0
    1.3910   -0.4788   -0.0010 C   0  0  0  0  0  0  0  0  0  0  0  0
    2.9952   -1.1423    0.0003 Cl  0  0  0  0  0  0  0  0  0  0  0  0
    0.2807   -1.3205   -0.0019 C   0  0  0  0  0  0  0  0  0  0  0  0
    0.4345   -2.7055   -0.0021 N   0  0  0  0  0  0  0  0  0  0  0  0
   -0.9897   -0.7419    0.0032 C   0  0  0  0  0  0  0  0  0  0  0  0
   -2.4118   -1.7376    0.0024 Cl  0  0  0  0  0  0  0  0  0  0  0  0
   -3.4244    3.0296    0.0065 H   0  0  0  0  0  0  0  0  0  0  0  0
    1.3230   -3.0948   -0.0016 H   0  0  0  0  0  0  0  0  0  0  0  0
   -0.3469   -3.2802   -0.0027 H   0  0  0  0  0  0  0  0  0  0  0  0
  1  2  2  0  0  0  0
  1  3  1  0  0  0  0
  1  4  1  0  0  0  0
  4  5  1  0  0  0  0
  5  6  2  0  0  0  0
  6  7  1  0  0  0  0
  6  8  1  0  0  0  0
  8  9  1  0  0  0  0
  8 10  2  0  0  0  0
 10 11  1  0  0  0  0
 10 12  1  0  0  0  0
  4 12  2  0  0  0  0
 12 13  1  0  0  0  0
  3 14  1  0  0  0  0
 11 15  1  0  0  0  0
 11 16  1  0  0  0  0
M  END
$$$$
