 
WItclserve11290013443D 0   0.00000     0.00000cramer
 
  9  8  0  0  0  0  0  0  0  0  1 V2000
   -1.2359   -0.0995   -0.4656 C   0  0  0  0  0  0  0  0  0  0  0  0
   -2.2798   -0.2431    0.3127 C   0  0  0  0  0  0  0  0  0  0  0  0
   -0.0927    0.7842   -0.0375 C   0  0  0  0  0  0  0  0  0  0  0  0
    1.4182   -0.1945    0.0637 Cl  0  0  0  0  0  0  0  0  0  0  0  0
   -1.1925   -0.6179   -1.4121 H   0  0  0  0  0  0  0  0  0  0  0  0
   -3.0990   -0.8764    0.0058 H   0  0  0  0  0  0  0  0  0  0  0  0
   -2.3211    0.2718    1.2611 H   0  0  0  0  0  0  0  0  0  0  0  0
    0.0407    1.5841   -0.7658 H   0  0  0  0  0  0  0  0  0  0  0  0
   -0.3126    1.2151    0.9393 H   0  0  0  0  0  0  0  0  0  0  0  0
  1  2  2  0  0  0  0
  1  3  1  0  0  0  0
  3  4  1  0  0  0  0
  1  5  1  0  0  0  0
  2  6  1  0  0  0  0
  2  7  1  0  0  0  0
  3  8  1  0  0  0  0
  3  9  1  0  0  0  0
M  END
$$$$
