 
WItclserve11290013443D 0   0.00000     0.00000cramer
 
 19 19  0  0  0  0  0  0  0  0  2 V2000
    0.1858   -1.6902    0.1242 C   0  0  0  0  0  0  0  0  0  0  0  0
   -1.1441   -2.0697    0.1390 C   0  0  0  0  0  0  0  0  0  0  0  0
   -2.1400   -1.1139    0.0598 C   0  0  0  0  0  0  0  0  0  0  0  0
   -1.8095    0.2239   -0.0338 C   0  0  0  0  0  0  0  0  0  0  0  0
   -2.8957    1.2651   -0.1195 C   0  0  0  0  0  0  0  0  0  0  0  0
   -0.4750    0.6086   -0.0484 C   0  0  0  0  0  0  0  0  0  0  0  0
   -0.1373    1.9606   -0.1434 N   0  0  0  0  0  0  0  0  0  0  0  0
    0.5232   -0.3545    0.0308 C   0  0  0  0  0  0  0  0  0  0  0  0
    1.9466    0.0508    0.0150 N   0  3  0  0  0  0  0  0  0  0  0  0
    2.7688   -0.6354   -0.5652 O   0  0  0  0  0  0  0  0  0  0  0  0
    2.2958    1.0705    0.5824 O   0  5  0  0  0  0  0  0  0  0  0  0
    0.9612   -2.4390    0.1903 H   0  0  0  0  0  0  0  0  0  0  0  0
   -1.4052   -3.1151    0.2121 H   0  0  0  0  0  0  0  0  0  0  0  0
   -3.1775   -1.4138    0.0709 H   0  0  0  0  0  0  0  0  0  0  0  0
   -3.1673    1.5902    0.8848 H   0  0  0  0  0  0  0  0  0  0  0  0
   -2.5358    2.1192   -0.6930 H   0  0  0  0  0  0  0  0  0  0  0  0
   -3.7695    0.8388   -0.6122 H   0  0  0  0  0  0  0  0  0  0  0  0
    0.7875    2.2212   -0.2763 H   0  0  0  0  0  0  0  0  0  0  0  0
   -0.8276    2.6388   -0.0766 H   0  0  0  0  0  0  0  0  0  0  0  0
  1  2  1  0  0  0  0
  2  3  2  0  0  0  0
  3  4  1  0  0  0  0
  4  5  1  0  0  0  0
  4  6  2  0  0  0  0
  6  7  1  0  0  0  0
  6  8  1  0  0  0  0
  1  8  2  0  0  0  0
  8  9  1  0  0  0  0
  9 10  2  0  0  0  0
  9 11  1  0  0  0  0
  1 12  1  0  0  0  0
  2 13  1  0  0  0  0
  3 14  1  0  0  0  0
  5 15  1  0  0  0  0
  5 16  1  0  0  0  0
  5 17  1  0  0  0  0
  7 18  1  0  0  0  0
  7 19  1  0  0  0  0
M  CHG  2   9   1  11  -1
M  END
$$$$
