 
WItclserve11290013443D 0   0.00000     0.00000cramer
 
 20 20  0  0  0  0  0  0  0  0  1 V2000
    1.2491   -1.2167   -0.1049 C   0  0  0  0  0  0  0  0  0  0  0  0
    1.6842   -2.1268    0.7889 N   0  0  0  0  0  0  0  0  0  0  0  0
    2.0097   -0.7790   -0.9457 O   0  0  0  0  0  0  0  0  0  0  0  0
   -0.1560   -0.7550   -0.0664 C   0  0  0  0  0  0  0  0  0  0  0  0
   -1.1977   -1.6765   -0.1269 C   0  0  0  0  0  0  0  0  0  0  0  0
   -2.5088   -1.2407   -0.0901 C   0  0  0  0  0  0  0  0  0  0  0  0
   -2.7953    0.1096    0.0063 C   0  0  0  0  0  0  0  0  0  0  0  0
   -1.7739    1.0386    0.0675 C   0  0  0  0  0  0  0  0  0  0  0  0
   -0.4473    0.6174    0.0376 C   0  0  0  0  0  0  0  0  0  0  0  0
    0.6497    1.6081    0.1033 C   0  0  0  0  0  0  0  0  0  0  0  0
    0.3704    2.9261    0.0683 N   0  0  0  0  0  0  0  0  0  0  0  0
    1.8026    1.2332    0.1889 O   0  0  0  0  0  0  0  0  0  0  0  0
    2.6043   -2.4324    0.7612 H   0  0  0  0  0  0  0  0  0  0  0  0
    1.0771   -2.4761    1.4600 H   0  0  0  0  0  0  0  0  0  0  0  0
   -0.9814   -2.7319   -0.2030 H   0  0  0  0  0  0  0  0  0  0  0  0
   -3.3145   -1.9583   -0.1373 H   0  0  0  0  0  0  0  0  0  0  0  0
   -3.8233    0.4395    0.0336 H   0  0  0  0  0  0  0  0  0  0  0  0
   -2.0048    2.0910    0.1424 H   0  0  0  0  0  0  0  0  0  0  0  0
   -0.5498    3.2252    0.0000 H   0  0  0  0  0  0  0  0  0  0  0  0
    1.0896    3.5756    0.1114 H   0  0  0  0  0  0  0  0  0  0  0  0
  1  2  1  0  0  0  0
  1  3  2  0  0  0  0
  1  4  1  0  0  0  0
  4  5  1  0  0  0  0
  5  6  2  0  0  0  0
  6  7  1  0  0  0  0
  7  8  2  0  0  0  0
  8  9  1  0  0  0  0
  4  9  2  0  0  0  0
  9 10  1  0  0  0  0
 10 11  1  0  0  0  0
 10 12  2  0  0  0  0
  2 13  1  0  0  0  0
  2 14  1  0  0  0  0
  5 15  1  0  0  0  0
  6 16  1  0  0  0  0
  7 17  1  0  0  0  0
  8 18  1  0  0  0  0
 11 19  1  0  0  0  0
 11 20  1  0  0  0  0
M  END
$$$$
