 
WItclserve11290013443D 0   0.00000     0.00000cramer
 
 19 18  0  0  0  0  0  0  0  0  1 V2000
    1.2278    0.2488    0.0177 N   0  0  0  0  0  0  0  0  0  0  0  0
    2.3574   -0.6074   -0.3525 C   0  0  0  0  0  0  0  0  0  0  0  0
    2.8530   -1.3606    0.8836 C   0  0  0  0  0  0  0  0  0  0  0  0
    1.4657    1.6254    0.4589 C   0  0  0  0  0  0  0  0  0  0  0  0
    1.5647    2.5423   -0.7619 C   0  0  0  0  0  0  0  0  0  0  0  0
   -0.0308   -0.2281   -0.0530 C   0  0  0  0  0  0  0  0  0  0  0  0
   -0.3023   -1.8729   -0.4428 S   0  0  0  0  0  0  0  0  0  0  0  0
   -1.3968    0.8412    0.2559 S   0  0  0  0  0  0  0  0  0  0  0  0
   -3.6286   -0.0046    0.1307 Na  0  0  0  0  0  0  0  0  0  0  0  0
    2.0380   -1.3229   -1.1102 H   0  0  0  0  0  0  0  0  0  0  0  0
    3.1643    0.0078   -0.7509 H   0  0  0  0  0  0  0  0  0  0  0  0
    3.1724   -0.6451    1.6413 H   0  0  0  0  0  0  0  0  0  0  0  0
    2.0461   -1.9757    1.2819 H   0  0  0  0  0  0  0  0  0  0  0  0
    3.6935   -1.9977    0.6081 H   0  0  0  0  0  0  0  0  0  0  0  0
    0.6409    1.9516    1.0924 H   0  0  0  0  0  0  0  0  0  0  0  0
    2.3971    1.6701    1.0234 H   0  0  0  0  0  0  0  0  0  0  0  0
    0.6045    2.5664   -1.2770 H   0  0  0  0  0  0  0  0  0  0  0  0
    1.8293    3.5494   -0.4394 H   0  0  0  0  0  0  0  0  0  0  0  0
    2.3309    2.1646   -1.4389 H   0  0  0  0  0  0  0  0  0  0  0  0
  1  2  1  0  0  0  0
  2  3  1  0  0  0  0
  1  4  1  0  0  0  0
  4  5  1  0  0  0  0
  1  6  1  0  0  0  0
  6  7  2  0  0  0  0
  6  8  1  0  0  0  0
  8  9  1  0  0  0  0
  2 10  1  0  0  0  0
  2 11  1  0  0  0  0
  3 12  1  0  0  0  0
  3 13  1  0  0  0  0
  3 14  1  0  0  0  0
  4 15  1  0  0  0  0
  4 16  1  0  0  0  0
  5 17  1  0  0  0  0
  5 18  1  0  0  0  0
  5 19  1  0  0  0  0
M  END
$$$$
