 
WItclserve11290013443D 0   0.00000     0.00000cramer
 
 17 17  0  0  0  0  0  0  0  0  1 V2000
   -2.0200    1.8551   -0.0007 N   0  0  0  0  0  0  0  0  0  0  0  0
   -1.1411    0.7695   -0.0013 C   0  0  0  0  0  0  0  0  0  0  0  0
    0.2312    0.9850   -0.0003 C   0  0  0  0  0  0  0  0  0  0  0  0
    1.0978   -0.0914   -0.0005 C   0  0  0  0  0  0  0  0  0  0  0  0
    2.8131    0.1760    0.0008 Cl  0  0  0  0  0  0  0  0  0  0  0  0
    0.5992   -1.3828   -0.0012 C   0  0  0  0  0  0  0  0  0  0  0  0
   -0.7661   -1.5996   -0.0022 C   0  0  0  0  0  0  0  0  0  0  0  0
   -1.6375   -0.5278    0.0028 C   0  0  0  0  0  0  0  0  0  0  0  0
   -3.1256   -0.7657    0.0016 C   0  0  0  0  0  0  0  0  0  0  0  0
   -1.6723    2.7606    0.0005 H   0  0  0  0  0  0  0  0  0  0  0  0
   -2.9780    1.7034   -0.0055 H   0  0  0  0  0  0  0  0  0  0  0  0
    0.6203    1.9925    0.0002 H   0  0  0  0  0  0  0  0  0  0  0  0
    1.2782   -2.2226   -0.0013 H   0  0  0  0  0  0  0  0  0  0  0  0
   -1.1520   -2.6083   -0.0028 H   0  0  0  0  0  0  0  0  0  0  0  0
   -3.4844   -0.8280    1.0290 H   0  0  0  0  0  0  0  0  0  0  0  0
   -3.6249    0.0581   -0.5084 H   0  0  0  0  0  0  0  0  0  0  0  0
   -3.3438   -1.6995   -0.5166 H   0  0  0  0  0  0  0  0  0  0  0  0
  1  2  1  0  0  0  0
  2  3  1  0  0  0  0
  3  4  2  0  0  0  0
  4  5  1  0  0  0  0
  4  6  1  0  0  0  0
  6  7  2  0  0  0  0
  7  8  1  0  0  0  0
  2  8  2  0  0  0  0
  8  9  1  0  0  0  0
  1 10  1  0  0  0  0
  1 11  1  0  0  0  0
  3 12  1  0  0  0  0
  6 13  1  0  0  0  0
  7 14  1  0  0  0  0
  9 15  1  0  0  0  0
  9 16  1  0  0  0  0
  9 17  1  0  0  0  0
M  END
$$$$
