 
WItclserve11290013443D 0   0.00000     0.00000cramer
 
  9  8  0  0  0  0  0  0  0  0  1 V2000
    1.2084    0.2511   -0.0003 C   0  0  0  0  0  0  0  0  0  0  0  0
    0.1217   -0.4804   -0.0002 C   0  0  0  0  0  0  0  0  0  0  0  0
   -1.2322    0.1815    0.0002 C   0  0  0  0  0  0  0  0  0  0  0  0
    1.1341    1.3285   -0.0002 H   0  0  0  0  0  0  0  0  0  0  0  0
    2.1787   -0.2233    0.0039 H   0  0  0  0  0  0  0  0  0  0  0  0
    0.1960   -1.5579   -0.0003 H   0  0  0  0  0  0  0  0  0  0  0  0
   -1.3327    0.8026    0.8903 H   0  0  0  0  0  0  0  0  0  0  0  0
   -1.3331    0.8028   -0.8897 H   0  0  0  0  0  0  0  0  0  0  0  0
   -2.0099   -0.5822    0.0003 H   0  0  0  0  0  0  0  0  0  0  0  0
  1  2  2  0  0  0  0
  2  3  1  0  0  0  0
  1  4  1  0  0  0  0
  1  5  1  0  0  0  0
  2  6  1  0  0  0  0
  3  7  1  0  0  0  0
  3  8  1  0  0  0  0
  3  9  1  0  0  0  0
M  END
$$$$
