 
WItclserve11290013443D 0   0.00000     0.00000cramer
 
  6  5  0  0  0  0  0  0  0  0  1 V2000
    0.6578    0.0000    0.0023 C   0  0  0  0  0  0  0  0  0  0  0  0
    1.5258   -1.5034    0.0015 Cl  0  0  0  0  0  0  0  0  0  0  0  0
    1.5258    1.5035   -0.0021 Cl  0  0  0  0  0  0  0  0  0  0  0  0
   -0.6578    0.0000    0.0008 C   0  0  0  0  0  0  0  0  0  0  0  0
   -1.5258   -1.5035   -0.0020 Cl  0  0  0  0  0  0  0  0  0  0  0  0
   -1.5258    1.5034    0.0016 Cl  0  0  0  0  0  0  0  0  0  0  0  0
  1  2  1  0  0  0  0
  1  3  1  0  0  0  0
  1  4  2  0  0  0  0
  4  5  1  0  0  0  0
  4  6  1  0  0  0  0
M  END
$$$$
