 
WItclserve11290013443D 0   0.00000     0.00000cramer
 
 16 16  0  0  0  0  0  0  0  0  1 V2000
   -2.3977    1.0530    0.0005 C   0  0  0  0  0  0  0  0  0  0  0  0
   -2.9617   -0.2100    0.0001 C   0  0  0  0  0  0  0  0  0  0  0  0
   -2.1533   -1.3319   -0.0001 C   0  0  0  0  0  0  0  0  0  0  0  0
   -0.7791   -1.1948   -0.0003 C   0  0  0  0  0  0  0  0  0  0  0  0
   -0.2090    0.0723   -0.0004 C   0  0  0  0  0  0  0  0  0  0  0  0
   -1.0247    1.1977    0.0003 C   0  0  0  0  0  0  0  0  0  0  0  0
    1.1799    0.2148   -0.0001 N   0  0  0  0  0  0  0  0  0  0  0  0
    1.7591    1.5069   -0.0002 O   0  0  0  0  0  0  0  0  0  0  0  0
    1.9355   -0.8308    0.0001 N   0  0  0  0  0  0  0  0  0  0  0  0
    3.1471   -0.7065    0.0003 O   0  0  0  0  0  0  0  0  0  0  0  0
   -3.0322    1.9270   -0.0035 H   0  0  0  0  0  0  0  0  0  0  0  0
   -4.0361   -0.3202    0.0003 H   0  0  0  0  0  0  0  0  0  0  0  0
   -2.5972   -2.3165    0.0003 H   0  0  0  0  0  0  0  0  0  0  0  0
   -0.1483   -2.0715   -0.0001 H   0  0  0  0  0  0  0  0  0  0  0  0
   -0.5850    2.1841    0.0000 H   0  0  0  0  0  0  0  0  0  0  0  0
    2.7181    1.3833    0.0000 H   0  0  0  0  0  0  0  0  0  0  0  0
  1  2  1  0  0  0  0
  2  3  2  0  0  0  0
  3  4  1  0  0  0  0
  4  5  2  0  0  0  0
  5  6  1  0  0  0  0
  1  6  2  0  0  0  0
  5  7  1  0  0  0  0
  7  8  1  0  0  0  0
  7  9  1  0  0  0  0
  9 10  2  0  0  0  0
  1 11  1  0  0  0  0
  2 12  1  0  0  0  0
  3 13  1  0  0  0  0
  4 14  1  0  0  0  0
  6 15  1  0  0  0  0
  8 16  1  0  0  0  0
M  END
$$$$
