 
WItclserve11290013443D 0   0.00000     0.00000cramer
 
 40 41  0  0  0  0  0  0  0  0  1 V2000
   -0.0025   -1.7446   -0.0325 C   0  0  0  0  0  0  0  0  0  0  0  0
   -0.0043   -2.9608   -0.0605 O   0  0  0  0  0  0  0  0  0  0  0  0
    1.2755   -1.0089   -0.0361 C   0  0  0  0  0  0  0  0  0  0  0  0
    2.4334   -1.6129    0.4651 C   0  0  0  0  0  0  0  0  0  0  0  0
    3.6167   -0.9311    0.4615 C   0  0  0  0  0  0  0  0  0  0  0  0
    3.6760    0.3666   -0.0403 C   0  0  0  0  0  0  0  0  0  0  0  0
    2.5284    0.9757   -0.5417 C   0  0  0  0  0  0  0  0  0  0  0  0
    1.3338    0.2924   -0.5460 C   0  0  0  0  0  0  0  0  0  0  0  0
    4.8832    1.0556   -0.0403 N   0  0  0  0  0  0  0  0  0  0  0  0
    6.1150    0.3750    0.3667 C   0  0  0  0  0  0  0  0  0  0  0  0
    4.9238    2.4623   -0.4472 C   0  0  0  0  0  0  0  0  0  0  0  0
   -1.2783   -1.0060   -0.0012 C   0  0  0  0  0  0  0  0  0  0  0  0
   -2.4620   -1.6342   -0.4023 C   0  0  0  0  0  0  0  0  0  0  0  0
   -3.6433   -0.9495   -0.3736 C   0  0  0  0  0  0  0  0  0  0  0  0
   -3.6749    0.3753    0.0545 C   0  0  0  0  0  0  0  0  0  0  0  0
   -2.5014    1.0089    0.4556 C   0  0  0  0  0  0  0  0  0  0  0  0
   -1.3085    0.3227    0.4350 C   0  0  0  0  0  0  0  0  0  0  0  0
   -4.8803    1.0669    0.0810 N   0  0  0  0  0  0  0  0  0  0  0  0
   -6.1335    0.3661   -0.2101 C   0  0  0  0  0  0  0  0  0  0  0  0
   -4.8977    2.4966    0.4000 C   0  0  0  0  0  0  0  0  0  0  0  0
    2.3915   -2.6190    0.8555 H   0  0  0  0  0  0  0  0  0  0  0  0
    4.5091   -1.3997    0.8494 H   0  0  0  0  0  0  0  0  0  0  0  0
    2.5766    1.9823   -0.9301 H   0  0  0  0  0  0  0  0  0  0  0  0
    0.4423    0.7624   -0.9342 H   0  0  0  0  0  0  0  0  0  0  0  0
    6.0132    0.0222    1.3930 H   0  0  0  0  0  0  0  0  0  0  0  0
    6.2962   -0.4737   -0.2929 H   0  0  0  0  0  0  0  0  0  0  0  0
    6.9523    1.0700    0.3028 H   0  0  0  0  0  0  0  0  0  0  0  0
    3.9383    2.7672   -0.7994 H   0  0  0  0  0  0  0  0  0  0  0  0
    5.2121    3.0787    0.4042 H   0  0  0  0  0  0  0  0  0  0  0  0
    5.6511    2.5877   -1.2494 H   0  0  0  0  0  0  0  0  0  0  0  0
   -2.4417   -2.6614   -0.7352 H   0  0  0  0  0  0  0  0  0  0  0  0
   -4.5557   -1.4369   -0.6841 H   0  0  0  0  0  0  0  0  0  0  0  0
   -2.5282    2.0365    0.7869 H   0  0  0  0  0  0  0  0  0  0  0  0
   -0.3970    0.8117    0.7456 H   0  0  0  0  0  0  0  0  0  0  0  0
   -6.0912   -0.0510   -1.2163 H   0  0  0  0  0  0  0  0  0  0  0  0
   -6.2757   -0.4387    0.5111 H   0  0  0  0  0  0  0  0  0  0  0  0
   -6.9658    1.0666   -0.1418 H   0  0  0  0  0  0  0  0  0  0  0  0
   -3.8746    2.8584    0.5028 H   0  0  0  0  0  0  0  0  0  0  0  0
   -5.3971    3.0416   -0.4010 H   0  0  0  0  0  0  0  0  0  0  0  0
   -5.4343    2.6536    1.3357 H   0  0  0  0  0  0  0  0  0  0  0  0
  1  2  2  0  0  0  0
  1  3  1  0  0  0  0
  3  4  1  0  0  0  0
  4  5  2  0  0  0  0
  5  6  1  0  0  0  0
  6  7  2  0  0  0  0
  7  8  1  0  0  0  0
  3  8  2  0  0  0  0
  6  9  1  0  0  0  0
  9 10  1  0  0  0  0
  9 11  1  0  0  0  0
  1 12  1  0  0  0  0
 12 13  1  0  0  0  0
 13 14  2  0  0  0  0
 14 15  1  0  0  0  0
 15 16  2  0  0  0  0
 16 17  1  0  0  0  0
 12 17  2  0  0  0  0
 15 18  1  0  0  0  0
 18 19  1  0  0  0  0
 18 20  1  0  0  0  0
  4 21  1  0  0  0  0
  5 22  1  0  0  0  0
  7 23  1  0  0  0  0
  8 24  1  0  0  0  0
 10 25  1  0  0  0  0
 10 26  1  0  0  0  0
 10 27  1  0  0  0  0
 11 28  1  0  0  0  0
 11 29  1  0  0  0  0
 11 30  1  0  0  0  0
 13 31  1  0  0  0  0
 14 32  1  0  0  0  0
 16 33  1  0  0  0  0
 17 34  1  0  0  0  0
 19 35  1  0  0  0  0
 19 36  1  0  0  0  0
 19 37  1  0  0  0  0
 20 38  1  0  0  0  0
 20 39  1  0  0  0  0
 20 40  1  0  0  0  0
M  END
$$$$
