 
WItclserve11290013453D 0   0.00000     0.00000cramer
 
 22 23  0  0  0  0  0  0  0  0  1 V2000
    0.7408   -0.6255   -0.0143 C   0  0  0  0  0  0  0  0  0  0  0  0
    1.4240   -1.6703   -0.6334 C   0  0  0  0  0  0  0  0  0  0  0  0
    2.8045   -1.6650   -0.6680 C   0  0  0  0  0  0  0  0  0  0  0  0
    3.7328   -3.0823   -1.5078 Br  0  0  0  0  0  0  0  0  0  0  0  0
    3.5101   -0.6240   -0.0896 C   0  0  0  0  0  0  0  0  0  0  0  0
    2.8373    0.4159    0.5268 C   0  0  0  0  0  0  0  0  0  0  0  0
    3.8094    1.8336    1.3149 Br  0  0  0  0  0  0  0  0  0  0  0  0
    1.4556    0.4204    0.5671 C   0  0  0  0  0  0  0  0  0  0  0  0
    0.5370    1.8426    1.4095 Br  0  0  0  0  0  0  0  0  0  0  0  0
   -0.7426   -0.6232    0.0204 C   0  0  0  0  0  0  0  0  0  0  0  0
   -1.4291   -1.6661    0.6391 C   0  0  0  0  0  0  0  0  0  0  0  0
   -2.8096   -1.6594    0.6687 C   0  0  0  0  0  0  0  0  0  0  0  0
   -3.7424   -3.0741    1.5080 Br  0  0  0  0  0  0  0  0  0  0  0  0
   -3.5121   -0.6189    0.0856 C   0  0  0  0  0  0  0  0  0  0  0  0
   -2.8361    0.4193   -0.5301 C   0  0  0  0  0  0  0  0  0  0  0  0
   -3.8039    1.8370   -1.3236 Br  0  0  0  0  0  0  0  0  0  0  0  0
   -1.4541    0.4251   -0.5608 C   0  0  0  0  0  0  0  0  0  0  0  0
   -0.5311    1.8447   -1.4026 Br  0  0  0  0  0  0  0  0  0  0  0  0
    0.8748   -2.4832   -1.0851 H   0  0  0  0  0  0  0  0  0  0  0  0
    4.5897   -0.6237   -0.1194 H   0  0  0  0  0  0  0  0  0  0  0  0
   -0.8823   -2.4786    1.0944 H   0  0  0  0  0  0  0  0  0  0  0  0
   -4.5918   -0.6177    0.1111 H   0  0  0  0  0  0  0  0  0  0  0  0
  1  2  1  0  0  0  0
  2  3  2  0  0  0  0
  3  4  1  0  0  0  0
  3  5  1  0  0  0  0
  5  6  2  0  0  0  0
  6  7  1  0  0  0  0
  6  8  1  0  0  0  0
  1  8  2  0  0  0  0
  8  9  1  0  0  0  0
  1 10  1  0  0  0  0
 10 11  1  0  0  0  0
 11 12  2  0  0  0  0
 12 13  1  0  0  0  0
 12 14  1  0  0  0  0
 14 15  2  0  0  0  0
 15 16  1  0  0  0  0
 15 17  1  0  0  0  0
 10 17  2  0  0  0  0
 17 18  1  0  0  0  0
  2 19  1  0  0  0  0
  5 20  1  0  0  0  0
 11 21  1  0  0  0  0
 14 22  1  0  0  0  0
M  END
$$$$
