 
WItclserve11290013453D 0   0.00000     0.00000cramer
 
 31 33  0  0  0  0  0  0  0  0  1 V2000
   -3.8593    1.7443   -0.7273 Cl  0  0  0  0  0  0  0  0  0  0  0  0
   -2.1996    1.7254   -0.2187 C   0  0  0  0  0  0  0  0  0  0  0  0
   -1.6400    2.8527    0.3626 C   0  0  0  0  0  0  0  0  0  0  0  0
   -0.3241    2.8393    0.7690 C   0  0  0  0  0  0  0  0  0  0  0  0
    0.4617    1.6971    0.6018 C   0  0  0  0  0  0  0  0  0  0  0  0
    1.7761    1.7589    1.0393 N   0  0  0  0  0  0  0  0  0  0  0  0
    2.8216    1.2419    0.3980 C   0  0  0  0  0  0  0  0  0  0  0  0
    3.9335    1.4028    0.8548 O   0  0  0  0  0  0  0  0  0  0  0  0
    2.6597    0.4625   -0.8786 C   0  0  0  0  0  0  0  0  0  0  0  0
    3.9458    0.0929   -1.3800 O   0  0  0  0  0  0  0  0  0  0  0  0
    1.8772   -0.7415   -0.6021 N   0  0  0  0  0  0  0  0  0  0  0  0
    0.6563   -0.6811   -0.2030 C   0  0  0  0  0  0  0  0  0  0  0  0
   -0.0440   -1.9605    0.0567 C   0  0  0  0  0  0  0  0  0  0  0  0
    0.3303   -3.1156   -0.6299 C   0  0  0  0  0  0  0  0  0  0  0  0
   -0.3256   -4.3041   -0.3838 C   0  0  0  0  0  0  0  0  0  0  0  0
   -1.3529   -4.3518    0.5419 C   0  0  0  0  0  0  0  0  0  0  0  0
   -1.7289   -3.2096    1.2257 C   0  0  0  0  0  0  0  0  0  0  0  0
   -1.0762   -2.0162    0.9927 C   0  0  0  0  0  0  0  0  0  0  0  0
   -0.0969    0.5634    0.0155 C   0  0  0  0  0  0  0  0  0  0  0  0
   -1.4411    0.5893   -0.3874 C   0  0  0  0  0  0  0  0  0  0  0  0
   -2.2367    3.7428    0.4966 H   0  0  0  0  0  0  0  0  0  0  0  0
    0.1045    3.7214    1.2213 H   0  0  0  0  0  0  0  0  0  0  0  0
    1.9471    2.2149    1.8782 H   0  0  0  0  0  0  0  0  0  0  0  0
    2.1421    1.0749   -1.6170 H   0  0  0  0  0  0  0  0  0  0  0  0
    3.7954   -0.4032   -2.1963 H   0  0  0  0  0  0  0  0  0  0  0  0
    1.1317   -3.0795   -1.3530 H   0  0  0  0  0  0  0  0  0  0  0  0
   -0.0369   -5.1989   -0.9151 H   0  0  0  0  0  0  0  0  0  0  0  0
   -1.8634   -5.2845    0.7312 H   0  0  0  0  0  0  0  0  0  0  0  0
   -2.5317   -3.2530    1.9468 H   0  0  0  0  0  0  0  0  0  0  0  0
   -1.3706   -1.1251    1.5271 H   0  0  0  0  0  0  0  0  0  0  0  0
   -1.8826   -0.2878   -0.8369 H   0  0  0  0  0  0  0  0  0  0  0  0
  1  2  1  0  0  0  0
  2  3  1  0  0  0  0
  3  4  2  0  0  0  0
  4  5  1  0  0  0  0
  5  6  1  0  0  0  0
  6  7  1  0  0  0  0
  7  8  2  0  0  0  0
  7  9  1  0  0  0  0
  9 10  1  0  0  0  0
  9 11  1  0  0  0  0
 11 12  2  0  0  0  0
 12 13  1  0  0  0  0
 13 14  1  0  0  0  0
 14 15  2  0  0  0  0
 15 16  1  0  0  0  0
 16 17  2  0  0  0  0
 17 18  1  0  0  0  0
 13 18  2  0  0  0  0
 12 19  1  0  0  0  0
  5 19  2  0  0  0  0
 19 20  1  0  0  0  0
  2 20  2  0  0  0  0
  3 21  1  0  0  0  0
  4 22  1  0  0  0  0
  6 23  1  0  0  0  0
  9 24  1  0  0  0  0
 10 25  1  0  0  0  0
 14 26  1  0  0  0  0
 15 27  1  0  0  0  0
 16 28  1  0  0  0  0
 17 29  1  0  0  0  0
 18 30  1  0  0  0  0
 20 31  1  0  0  0  0
M  END
$$$$
