 
WItclserve11290013453D 0   0.00000     0.00000cramer
 
 30 31  0  0  0  0  0  0  0  0  1 V2000
   -1.0706    0.1441   -1.2370 C   0  0  0  0  0  0  0  0  0  0  0  0
   -0.9353   -0.4306   -2.2964 O   0  0  0  0  0  0  0  0  0  0  0  0
   -1.7668    1.2848   -1.2049 N   0  0  0  0  0  0  0  0  0  0  0  0
   -1.9743    2.0607    0.0077 C   0  0  0  0  0  0  0  0  0  0  0  0
   -1.7807    1.2640    1.2090 N   0  0  0  0  0  0  0  0  0  0  0  0
   -1.0848    0.1229    1.2295 C   0  0  0  0  0  0  0  0  0  0  0  0
   -0.9616   -0.4699    2.2804 O   0  0  0  0  0  0  0  0  0  0  0  0
   -0.4558   -0.4525   -0.0042 C   0  0  0  0  0  0  0  0  0  0  0  0
   -0.6546   -1.9695   -0.0129 C   0  0  0  0  0  0  0  0  0  0  0  0
   -2.1511   -2.2878   -0.0050 C   0  0  0  0  0  0  0  0  0  0  0  0
    1.0200   -0.1477    0.0006 C   0  0  0  0  0  0  0  0  0  0  0  0
    1.4548    1.1646    0.0192 C   0  0  0  0  0  0  0  0  0  0  0  0
    2.8084    1.4442    0.0235 C   0  0  0  0  0  0  0  0  0  0  0  0
    3.7276    0.4115    0.0096 C   0  0  0  0  0  0  0  0  0  0  0  0
    3.2929   -0.9004   -0.0081 C   0  0  0  0  0  0  0  0  0  0  0  0
    1.9390   -1.1801   -0.0080 C   0  0  0  0  0  0  0  0  0  0  0  0
   -2.1530    1.6118   -2.0324 H   0  0  0  0  0  0  0  0  0  0  0  0
   -1.2720    2.8942    0.0189 H   0  0  0  0  0  0  0  0  0  0  0  0
   -2.9901    2.4561    0.0052 H   0  0  0  0  0  0  0  0  0  0  0  0
   -2.1765    1.5767    2.0375 H   0  0  0  0  0  0  0  0  0  0  0  0
   -0.1983   -2.3906   -0.9087 H   0  0  0  0  0  0  0  0  0  0  0  0
   -0.1864   -2.4024    0.8711 H   0  0  0  0  0  0  0  0  0  0  0  0
   -2.2928   -3.3685   -0.0112 H   0  0  0  0  0  0  0  0  0  0  0  0
   -2.6074   -1.8667    0.8908 H   0  0  0  0  0  0  0  0  0  0  0  0
   -2.6193   -1.8549   -0.8890 H   0  0  0  0  0  0  0  0  0  0  0  0
    0.7368    1.9713    0.0301 H   0  0  0  0  0  0  0  0  0  0  0  0
    3.1480    2.4693    0.0374 H   0  0  0  0  0  0  0  0  0  0  0  0
    4.7853    0.6299    0.0123 H   0  0  0  0  0  0  0  0  0  0  0  0
    4.0110   -1.7070   -0.0193 H   0  0  0  0  0  0  0  0  0  0  0  0
    1.5993   -2.2052   -0.0219 H   0  0  0  0  0  0  0  0  0  0  0  0
  1  2  2  0  0  0  0
  1  3  1  0  0  0  0
  3  4  1  0  0  0  0
  4  5  1  0  0  0  0
  5  6  1  0  0  0  0
  6  7  2  0  0  0  0
  6  8  1  0  0  0  0
  1  8  1  0  0  0  0
  8  9  1  0  0  0  0
  9 10  1  0  0  0  0
  8 11  1  0  0  0  0
 11 12  1  0  0  0  0
 12 13  2  0  0  0  0
 13 14  1  0  0  0  0
 14 15  2  0  0  0  0
 15 16  1  0  0  0  0
 11 16  2  0  0  0  0
  3 17  1  0  0  0  0
  4 18  1  0  0  0  0
  4 19  1  0  0  0  0
  5 20  1  0  0  0  0
  9 21  1  0  0  0  0
  9 22  1  0  0  0  0
 10 23  1  0  0  0  0
 10 24  1  0  0  0  0
 10 25  1  0  0  0  0
 12 26  1  0  0  0  0
 13 27  1  0  0  0  0
 14 28  1  0  0  0  0
 15 29  1  0  0  0  0
 16 30  1  0  0  0  0
M  END
$$$$
