 
WItclserve11290013443D 0   0.00000     0.00000cramer
 
 16 16  0  0  0  0  0  0  0  0  1 V2000
    0.6906   -1.2025   -0.0001 C   0  0  0  0  0  0  0  0  0  0  0  0
   -0.6906   -1.2025    0.0000 C   0  0  0  0  0  0  0  0  0  0  0  0
   -1.3848   -0.0001   -0.0001 C   0  0  0  0  0  0  0  0  0  0  0  0
   -2.7848   -0.0001   -0.0001 N   0  0  0  0  0  0  0  0  0  0  0  0
   -0.6904    1.2026    0.0002 C   0  0  0  0  0  0  0  0  0  0  0  0
    0.6903    1.2026    0.0002 C   0  0  0  0  0  0  0  0  0  0  0  0
    1.3848   -0.0001   -0.0002 C   0  0  0  0  0  0  0  0  0  0  0  0
    2.7848   -0.0001   -0.0002 N   0  0  0  0  0  0  0  0  0  0  0  0
    1.2306   -2.1378    0.0045 H   0  0  0  0  0  0  0  0  0  0  0  0
   -1.2306   -2.1378   -0.0003 H   0  0  0  0  0  0  0  0  0  0  0  0
   -3.2698    0.8400   -0.0002 H   0  0  0  0  0  0  0  0  0  0  0  0
   -3.2698   -0.8401    0.0000 H   0  0  0  0  0  0  0  0  0  0  0  0
   -1.2303    2.1380    0.0002 H   0  0  0  0  0  0  0  0  0  0  0  0
    1.2303    2.1380    0.0005 H   0  0  0  0  0  0  0  0  0  0  0  0
    3.2698   -0.8401   -0.0005 H   0  0  0  0  0  0  0  0  0  0  0  0
    3.2698    0.8400    0.0000 H   0  0  0  0  0  0  0  0  0  0  0  0
  1  2  1  0  0  0  0
  2  3  2  0  0  0  0
  3  4  1  0  0  0  0
  3  5  1  0  0  0  0
  5  6  2  0  0  0  0
  6  7  1  0  0  0  0
  1  7  2  0  0  0  0
  7  8  1  0  0  0  0
  1  9  1  0  0  0  0
  2 10  1  0  0  0  0
  4 11  1  0  0  0  0
  4 12  1  0  0  0  0
  5 13  1  0  0  0  0
  6 14  1  0  0  0  0
  8 15  1  0  0  0  0
  8 16  1  0  0  0  0
M  END
$$$$
