 
WItclserve11290013443D 0   0.00000     0.00000cramer
 
 19 19  0  0  0  0  0  0  0  0  1 V2000
   -2.3613    0.1429   -0.3818 O   0  0  0  0  0  0  0  0  0  0  0  0
   -1.2395   -0.0269    0.0468 C   0  0  0  0  0  0  0  0  0  0  0  0
   -0.4917    1.1267    0.6816 C   0  0  0  0  0  0  0  0  0  0  0  0
    0.6339    1.5543   -0.2633 C   0  0  0  0  0  0  0  0  0  0  0  0
    1.8705    0.7010   -0.0472 C   0  0  0  0  0  0  0  0  0  0  0  0
    1.6890   -0.7526   -0.4444 C   0  0  0  0  0  0  0  0  0  0  0  0
    0.6894   -1.4499    0.4804 C   0  0  0  0  0  0  0  0  0  0  0  0
   -0.6708   -1.2303   -0.0374 N   0  0  0  0  0  0  0  0  0  0  0  0
   -1.1736    1.9621    0.8406 H   0  0  0  0  0  0  0  0  0  0  0  0
   -0.0689    0.8089    1.6347 H   0  0  0  0  0  0  0  0  0  0  0  0
    0.2979    1.4447   -1.2944 H   0  0  0  0  0  0  0  0  0  0  0  0
    0.8818    2.5992   -0.0765 H   0  0  0  0  0  0  0  0  0  0  0  0
    2.6896    1.1214   -0.6306 H   0  0  0  0  0  0  0  0  0  0  0  0
    2.1417    0.7422    1.0077 H   0  0  0  0  0  0  0  0  0  0  0  0
    1.3225   -0.8009   -1.4698 H   0  0  0  0  0  0  0  0  0  0  0  0
    2.6500   -1.2634   -0.3837 H   0  0  0  0  0  0  0  0  0  0  0  0
    0.9012   -2.5188    0.5084 H   0  0  0  0  0  0  0  0  0  0  0  0
    0.7675   -1.0327    1.4843 H   0  0  0  0  0  0  0  0  0  0  0  0
   -1.1547   -1.9642   -0.4475 H   0  0  0  0  0  0  0  0  0  0  0  0
  1  2  2  0  0  0  0
  2  3  1  0  0  0  0
  3  4  1  0  0  0  0
  4  5  1  0  0  0  0
  5  6  1  0  0  0  0
  6  7  1  0  0  0  0
  7  8  1  0  0  0  0
  2  8  1  0  0  0  0
  3  9  1  0  0  0  0
  3 10  1  0  0  0  0
  4 11  1  0  0  0  0
  4 12  1  0  0  0  0
  5 13  1  0  0  0  0
  5 14  1  0  0  0  0
  6 15  1  0  0  0  0
  6 16  1  0  0  0  0
  7 17  1  0  0  0  0
  7 18  1  0  0  0  0
  8 19  1  0  0  0  0
M  END
$$$$
