 
WItclserve11290013443D 0   0.00000     0.00000cramer
 
 18 19  0  0  0  0  0  0  0  0  1 V2000
   -1.8633    1.6180    0.0007 C   0  0  0  0  0  0  0  0  0  0  0  0
   -2.2659    0.2850    0.0134 C   0  0  0  0  0  0  0  0  0  0  0  0
   -1.3489   -0.7269    0.0181 C   0  0  0  0  0  0  0  0  0  0  0  0
   -1.7604   -2.0214    0.0306 O   0  0  0  0  0  0  0  0  0  0  0  0
    0.0283   -0.4205    0.0095 C   0  0  0  0  0  0  0  0  0  0  0  0
    0.9501   -1.3871    0.0143 N   0  0  0  0  0  0  0  0  0  0  0  0
    2.2310   -1.1077    0.0068 C   0  0  0  0  0  0  0  0  0  0  0  0
    2.6943    0.2059   -0.0059 C   0  0  0  0  0  0  0  0  0  0  0  0
    1.8045    1.2423   -0.0114 C   0  0  0  0  0  0  0  0  0  0  0  0
    0.4305    0.9377   -0.0038 C   0  0  0  0  0  0  0  0  0  0  0  0
   -0.5428    1.9504   -0.0078 C   0  0  0  0  0  0  0  0  0  0  0  0
   -2.6089    2.3992   -0.0071 H   0  0  0  0  0  0  0  0  0  0  0  0
   -3.3195    0.0479    0.0200 H   0  0  0  0  0  0  0  0  0  0  0  0
   -1.8488   -2.2955   -0.8926 H   0  0  0  0  0  0  0  0  0  0  0  0
    2.9458   -1.9173    0.0110 H   0  0  0  0  0  0  0  0  0  0  0  0
    3.7559    0.4047   -0.0111 H   0  0  0  0  0  0  0  0  0  0  0  0
    2.1458    2.2669   -0.0216 H   0  0  0  0  0  0  0  0  0  0  0  0
   -0.2452    2.9886   -0.0169 H   0  0  0  0  0  0  0  0  0  0  0  0
  1  2  1  0  0  0  0
  2  3  2  0  0  0  0
  3  4  1  0  0  0  0
  3  5  1  0  0  0  0
  5  6  2  0  0  0  0
  6  7  1  0  0  0  0
  7  8  2  0  0  0  0
  8  9  1  0  0  0  0
  9 10  2  0  0  0  0
  5 10  1  0  0  0  0
 10 11  1  0  0  0  0
  1 11  2  0  0  0  0
  1 12  1  0  0  0  0
  2 13  1  0  0  0  0
  4 14  1  0  0  0  0
  7 15  1  0  0  0  0
  8 16  1  0  0  0  0
  9 17  1  0  0  0  0
 11 18  1  0  0  0  0
M  END
$$$$
