 
WItclserve11290013443D 0   0.00000     0.00000cramer
 
 42 43  0  0  0  0  0  0  0  0  1 V2000
    3.4181    0.3261    1.0411 C   0  0  0  0  0  0  0  0  0  0  0  0
    2.6176   -0.7966    1.0204 C   0  0  0  0  0  0  0  0  0  0  0  0
    1.8009   -1.0486   -0.0680 C   0  0  0  0  0  0  0  0  0  0  0  0
    1.7804   -0.1775   -1.1435 C   0  0  0  0  0  0  0  0  0  0  0  0
    2.5751    0.9490   -1.1381 C   0  0  0  0  0  0  0  0  0  0  0  0
    3.4030    1.2110   -0.0415 C   0  0  0  0  0  0  0  0  0  0  0  0
    4.2541    2.4115   -0.0275 C   0  0  0  0  0  0  0  0  0  0  0  0
    5.1446    2.6900    1.1560 C   0  0  0  0  0  0  0  0  0  0  0  0
    4.2389    3.1765   -0.9681 O   0  0  0  0  0  0  0  0  0  0  0  0
    0.7823   -2.4863   -0.0851 S   0  0  0  0  0  0  0  0  0  0  0  0
    0.5064   -2.7477   -1.4543 O   0  0  0  0  0  0  0  0  0  0  0  0
    1.3872   -3.3988    0.8208 O   0  0  0  0  0  0  0  0  0  0  0  0
   -0.6696   -2.0724    0.5954 N   0  0  0  0  0  0  0  0  0  0  0  0
   -1.4197   -1.0987    0.0427 C   0  0  0  0  0  0  0  0  0  0  0  0
   -1.0305   -0.5241   -0.9557 O   0  0  0  0  0  0  0  0  0  0  0  0
   -2.6014   -0.7619    0.5965 N   0  0  0  0  0  0  0  0  0  0  0  0
   -3.4168    0.2966   -0.0043 C   0  0  0  0  0  0  0  0  0  0  0  0
   -4.8965    0.0145    0.2634 C   0  0  0  0  0  0  0  0  0  0  0  0
   -5.7481    1.1199   -0.3642 C   0  0  0  0  0  0  0  0  0  0  0  0
   -5.3667    2.4683    0.2500 C   0  0  0  0  0  0  0  0  0  0  0  0
   -3.8870    2.7504   -0.0177 C   0  0  0  0  0  0  0  0  0  0  0  0
   -3.0354    1.6450    0.6099 C   0  0  0  0  0  0  0  0  0  0  0  0
    4.0516    0.5238    1.8932 H   0  0  0  0  0  0  0  0  0  0  0  0
    2.6283   -1.4812    1.8556 H   0  0  0  0  0  0  0  0  0  0  0  0
    1.1404   -0.3810   -1.9893 H   0  0  0  0  0  0  0  0  0  0  0  0
    2.5586    1.6274   -1.9783 H   0  0  0  0  0  0  0  0  0  0  0  0
    4.5350    2.7889    2.0541 H   0  0  0  0  0  0  0  0  0  0  0  0
    5.8480    1.8671    1.2831 H   0  0  0  0  0  0  0  0  0  0  0  0
    5.6950    3.6155    0.9867 H   0  0  0  0  0  0  0  0  0  0  0  0
   -0.9801   -2.5308    1.3919 H   0  0  0  0  0  0  0  0  0  0  0  0
   -2.9119   -1.2203    1.3930 H   0  0  0  0  0  0  0  0  0  0  0  0
   -3.2410    0.3244   -1.0797 H   0  0  0  0  0  0  0  0  0  0  0  0
   -5.1682   -0.9462   -0.1742 H   0  0  0  0  0  0  0  0  0  0  0  0
   -5.0723   -0.0133    1.3387 H   0  0  0  0  0  0  0  0  0  0  0  0
   -5.5722    1.1477   -1.4396 H   0  0  0  0  0  0  0  0  0  0  0  0
   -6.8023    0.9189   -0.1735 H   0  0  0  0  0  0  0  0  0  0  0  0
   -5.9734    3.2558   -0.1970 H   0  0  0  0  0  0  0  0  0  0  0  0
   -5.5425    2.4404    1.3254 H   0  0  0  0  0  0  0  0  0  0  0  0
   -3.7112    2.7782   -1.0931 H   0  0  0  0  0  0  0  0  0  0  0  0
   -3.6153    3.7110    0.4199 H   0  0  0  0  0  0  0  0  0  0  0  0
   -3.2113    1.6171    1.6852 H   0  0  0  0  0  0  0  0  0  0  0  0
   -1.9812    1.8459    0.4192 H   0  0  0  0  0  0  0  0  0  0  0  0
  1  2  1  0  0  0  0
  2  3  2  0  0  0  0
  3  4  1  0  0  0  0
  4  5  2  0  0  0  0
  5  6  1  0  0  0  0
  1  6  2  0  0  0  0
  6  7  1  0  0  0  0
  7  8  1  0  0  0  0
  7  9  2  0  0  0  0
  3 10  1  0  0  0  0
 10 11  2  0  0  0  0
 10 12  2  0  0  0  0
 10 13  1  0  0  0  0
 13 14  1  0  0  0  0
 14 15  2  0  0  0  0
 14 16  1  0  0  0  0
 16 17  1  0  0  0  0
 17 18  1  0  0  0  0
 18 19  1  0  0  0  0
 19 20  1  0  0  0  0
 20 21  1  0  0  0  0
 21 22  1  0  0  0  0
 17 22  1  0  0  0  0
  1 23  1  0  0  0  0
  2 24  1  0  0  0  0
  4 25  1  0  0  0  0
  5 26  1  0  0  0  0
  8 27  1  0  0  0  0
  8 28  1  0  0  0  0
  8 29  1  0  0  0  0
 13 30  1  0  0  0  0
 16 31  1  0  0  0  0
 17 32  1  0  0  0  0
 18 33  1  0  0  0  0
 18 34  1  0  0  0  0
 19 35  1  0  0  0  0
 19 36  1  0  0  0  0
 20 37  1  0  0  0  0
 20 38  1  0  0  0  0
 21 39  1  0  0  0  0
 21 40  1  0  0  0  0
 22 41  1  0  0  0  0
 22 42  1  0  0  0  0
M  END
$$$$
