 
WItclserve11290013443D 0   0.00000     0.00000cramer
 
 41 40  0  0  0  0  0  0  0  0  1 V2000
    0.0000    0.0000   -0.0421 Sn  0  0  0  0  0  0  0  0  0  0  0  0
   -1.7555    0.0000    1.1992 C   0  0  0  0  0  0  0  0  0  0  0  0
   -3.0047    0.0000    0.3158 C   0  0  0  0  0  0  0  0  0  0  0  0
   -4.2539    0.0000    1.1992 C   0  0  0  0  0  0  0  0  0  0  0  0
   -5.5032    0.0000    0.3158 C   0  0  0  0  0  0  0  0  0  0  0  0
    1.7555    0.0000    1.1992 C   0  0  0  0  0  0  0  0  0  0  0  0
    3.0047    0.0000    0.3158 C   0  0  0  0  0  0  0  0  0  0  0  0
    4.2539    0.0000    1.1992 C   0  0  0  0  0  0  0  0  0  0  0  0
    5.5032    0.0000    0.3158 C   0  0  0  0  0  0  0  0  0  0  0  0
    0.0000   -1.6330   -1.1968 O   0  0  0  0  0  0  0  0  0  0  0  0
    0.0000   -2.8521   -0.6351 C   0  0  0  0  0  0  0  0  0  0  0  0
    0.0000   -4.0826   -1.5052 C   0  0  0  0  0  0  0  0  0  0  0  0
    0.0000   -2.9630    0.5680 O   0  0  0  0  0  0  0  0  0  0  0  0
    0.0000    1.6330   -1.1968 O   0  0  0  0  0  0  0  0  0  0  0  0
    0.0000    2.8521   -0.6352 C   0  0  0  0  0  0  0  0  0  0  0  0
    0.0000    4.0826   -1.5053 C   0  0  0  0  0  0  0  0  0  0  0  0
    0.0000    2.9630    0.5680 O   0  0  0  0  0  0  0  0  0  0  0  0
   -1.7555   -0.8900    1.8285 H   0  0  0  0  0  0  0  0  0  0  0  0
   -1.7555    0.8900    1.8285 H   0  0  0  0  0  0  0  0  0  0  0  0
   -3.0047    0.8900   -0.3135 H   0  0  0  0  0  0  0  0  0  0  0  0
   -3.0047   -0.8900   -0.3135 H   0  0  0  0  0  0  0  0  0  0  0  0
   -4.2539   -0.8900    1.8285 H   0  0  0  0  0  0  0  0  0  0  0  0
   -4.2539    0.8900    1.8285 H   0  0  0  0  0  0  0  0  0  0  0  0
   -6.3932    0.0000    0.9452 H   0  0  0  0  0  0  0  0  0  0  0  0
   -5.5032    0.8900   -0.3135 H   0  0  0  0  0  0  0  0  0  0  0  0
   -5.5032   -0.8900   -0.3135 H   0  0  0  0  0  0  0  0  0  0  0  0
    1.7555    0.8900    1.8285 H   0  0  0  0  0  0  0  0  0  0  0  0
    1.7555   -0.8900    1.8285 H   0  0  0  0  0  0  0  0  0  0  0  0
    3.0047   -0.8900   -0.3135 H   0  0  0  0  0  0  0  0  0  0  0  0
    3.0047    0.8900   -0.3135 H   0  0  0  0  0  0  0  0  0  0  0  0
    4.2539    0.8900    1.8285 H   0  0  0  0  0  0  0  0  0  0  0  0
    4.2539   -0.8900    1.8285 H   0  0  0  0  0  0  0  0  0  0  0  0
    5.5032    0.8900   -0.3135 H   0  0  0  0  0  0  0  0  0  0  0  0
    6.3932    0.0000    0.9452 H   0  0  0  0  0  0  0  0  0  0  0  0
    5.5032   -0.8900   -0.3135 H   0  0  0  0  0  0  0  0  0  0  0  0
    0.0000   -4.9726   -0.8758 H   0  0  0  0  0  0  0  0  0  0  0  0
   -0.8900   -4.0826   -2.1345 H   0  0  0  0  0  0  0  0  0  0  0  0
    0.8900   -4.0826   -2.1345 H   0  0  0  0  0  0  0  0  0  0  0  0
    0.8900    4.0826   -2.1346 H   0  0  0  0  0  0  0  0  0  0  0  0
   -0.8900    4.0826   -2.1346 H   0  0  0  0  0  0  0  0  0  0  0  0
    0.0000    4.9726   -0.8760 H   0  0  0  0  0  0  0  0  0  0  0  0
  1  2  1  0  0  0  0
  2  3  1  0  0  0  0
  3  4  1  0  0  0  0
  4  5  1  0  0  0  0
  1  6  1  0  0  0  0
  6  7  1  0  0  0  0
  7  8  1  0  0  0  0
  8  9  1  0  0  0  0
  1 10  1  0  0  0  0
 10 11  1  0  0  0  0
 11 12  1  0  0  0  0
 11 13  2  0  0  0  0
  1 14  1  0  0  0  0
 14 15  1  0  0  0  0
 15 16  1  0  0  0  0
 15 17  2  0  0  0  0
  2 18  1  0  0  0  0
  2 19  1  0  0  0  0
  3 20  1  0  0  0  0
  3 21  1  0  0  0  0
  4 22  1  0  0  0  0
  4 23  1  0  0  0  0
  5 24  1  0  0  0  0
  5 25  1  0  0  0  0
  5 26  1  0  0  0  0
  6 27  1  0  0  0  0
  6 28  1  0  0  0  0
  7 29  1  0  0  0  0
  7 30  1  0  0  0  0
  8 31  1  0  0  0  0
  8 32  1  0  0  0  0
  9 33  1  0  0  0  0
  9 34  1  0  0  0  0
  9 35  1  0  0  0  0
 12 36  1  0  0  0  0
 12 37  1  0  0  0  0
 12 38  1  0  0  0  0
 16 39  1  0  0  0  0
 16 40  1  0  0  0  0
 16 41  1  0  0  0  0
M  END
$$$$
