 
WItclserve11290013443D 0   0.00000     0.00000cramer
 
 24 25  0  0  0  0  0  0  0  0  1 V2000
    0.8134   -0.1887    0.0544 C   0  0  0  0  0  0  0  0  0  0  0  0
    1.5362   -1.0226   -0.7973 C   0  0  0  0  0  0  0  0  0  0  0  0
    2.9149   -0.9675   -0.8061 C   0  0  0  0  0  0  0  0  0  0  0  0
    3.5800   -0.0868    0.0282 C   0  0  0  0  0  0  0  0  0  0  0  0
    2.8681    0.7426    0.8757 C   0  0  0  0  0  0  0  0  0  0  0  0
    1.4887    0.6965    0.8927 C   0  0  0  0  0  0  0  0  0  0  0  0
   -0.6687   -0.2389    0.0641 C   0  0  0  0  0  0  0  0  0  0  0  0
   -1.3266   -1.4231    0.3876 C   0  0  0  0  0  0  0  0  0  0  0  0
   -2.7061   -1.4648    0.3957 C   0  0  0  0  0  0  0  0  0  0  0  0
   -3.4404   -0.3338    0.0834 C   0  0  0  0  0  0  0  0  0  0  0  0
   -2.7997    0.8465   -0.2396 C   0  0  0  0  0  0  0  0  0  0  0  0
   -1.4131    0.9051   -0.2463 C   0  0  0  0  0  0  0  0  0  0  0  0
   -0.7642    2.0958   -0.5721 N   0  0  0  0  0  0  0  0  0  0  0  0
    1.0180   -1.7107   -1.4487 H   0  0  0  0  0  0  0  0  0  0  0  0
    3.4759   -1.6134   -1.4653 H   0  0  0  0  0  0  0  0  0  0  0  0
    4.6592   -0.0471    0.0180 H   0  0  0  0  0  0  0  0  0  0  0  0
    3.3925    1.4279    1.5251 H   0  0  0  0  0  0  0  0  0  0  0  0
    0.9338    1.3451    1.5543 H   0  0  0  0  0  0  0  0  0  0  0  0
   -0.7578   -2.3081    0.6316 H   0  0  0  0  0  0  0  0  0  0  0  0
   -3.2148   -2.3839    0.6465 H   0  0  0  0  0  0  0  0  0  0  0  0
   -4.5196   -0.3745    0.0919 H   0  0  0  0  0  0  0  0  0  0  0  0
   -3.3782    1.7254   -0.4831 H   0  0  0  0  0  0  0  0  0  0  0  0
   -1.2820    2.8852   -0.7947 H   0  0  0  0  0  0  0  0  0  0  0  0
    0.2050    2.1345   -0.5761 H   0  0  0  0  0  0  0  0  0  0  0  0
  1  2  1  0  0  0  0
  2  3  2  0  0  0  0
  3  4  1  0  0  0  0
  4  5  2  0  0  0  0
  5  6  1  0  0  0  0
  1  6  2  0  0  0  0
  1  7  1  0  0  0  0
  7  8  1  0  0  0  0
  8  9  2  0  0  0  0
  9 10  1  0  0  0  0
 10 11  2  0  0  0  0
 11 12  1  0  0  0  0
  7 12  2  0  0  0  0
 12 13  1  0  0  0  0
  2 14  1  0  0  0  0
  3 15  1  0  0  0  0
  4 16  1  0  0  0  0
  5 17  1  0  0  0  0
  6 18  1  0  0  0  0
  8 19  1  0  0  0  0
  9 20  1  0  0  0  0
 10 21  1  0  0  0  0
 11 22  1  0  0  0  0
 13 23  1  0  0  0  0
 13 24  1  0  0  0  0
M  END
$$$$
