 
WItclserve11290013443D 0   0.00000     0.00000cramer
 
 20 20  0  0  0  0  0  0  0  0  1 V2000
    0.8124   -0.9807    0.2357 C   0  0  0  0  0  0  0  0  0  0  0  0
    0.7314   -2.3286    0.2041 O   0  0  0  0  0  0  0  0  0  0  0  0
    1.8725   -0.2290   -0.1196 C   0  0  0  0  0  0  0  0  0  0  0  0
    3.0637   -0.7056   -0.5791 O   0  0  0  0  0  0  0  0  0  0  0  0
    1.5371    1.1779    0.0672 C   0  0  0  0  0  0  0  0  0  0  0  0
    2.2836    2.1101   -0.1652 O   0  0  0  0  0  0  0  0  0  0  0  0
    0.2795    1.2935    0.5343 O   0  0  0  0  0  0  0  0  0  0  0  0
   -0.2703   -0.0207    0.6703 C   0  0  0  0  0  0  0  0  0  0  0  0
   -1.5045   -0.1689   -0.2217 C   0  0  0  0  0  0  0  0  0  0  0  0
   -2.0226   -1.4952   -0.1016 O   0  0  0  0  0  0  0  0  0  0  0  0
   -2.5721    0.8370    0.2135 C   0  0  0  0  0  0  0  0  0  0  0  0
   -3.7248    0.6987   -0.6197 O   0  0  0  0  0  0  0  0  0  0  0  0
    1.5820   -2.6522   -0.1228 H   0  0  0  0  0  0  0  0  0  0  0  0
    3.6249    0.0631   -0.7503 H   0  0  0  0  0  0  0  0  0  0  0  0
   -0.5348   -0.2100    1.7107 H   0  0  0  0  0  0  0  0  0  0  0  0
   -1.2280    0.0206   -1.2589 H   0  0  0  0  0  0  0  0  0  0  0  0
   -2.2544   -1.6216    0.8287 H   0  0  0  0  0  0  0  0  0  0  0  0
   -2.8486    0.6475    1.2506 H   0  0  0  0  0  0  0  0  0  0  0  0
   -2.1769    1.8487    0.1218 H   0  0  0  0  0  0  0  0  0  0  0  0
   -4.3713    1.3488   -0.3126 H   0  0  0  0  0  0  0  0  0  0  0  0
  1  2  1  0  0  0  0
  1  3  2  0  0  0  0
  3  4  1  0  0  0  0
  3  5  1  0  0  0  0
  5  6  2  0  0  0  0
  5  7  1  0  0  0  0
  7  8  1  0  0  0  0
  1  8  1  0  0  0  0
  8  9  1  0  0  0  0
  9 10  1  0  0  0  0
  9 11  1  0  0  0  0
 11 12  1  0  0  0  0
  2 13  1  0  0  0  0
  4 14  1  0  0  0  0
  8 15  1  0  0  0  0
  9 16  1  0  0  0  0
 10 17  1  0  0  0  0
 11 18  1  0  0  0  0
 11 19  1  0  0  0  0
 12 20  1  0  0  0  0
M  END
$$$$
