 
WItclserve11290013443D 0   0.00000     0.00000cramer
 
 27 27  0  0  0  0  0  0  0  0  1 V2000
   -1.1663   -0.0731   -1.0773 C   0  0  0  0  0  0  0  0  0  0  0  0
   -2.4406    0.4572   -1.1575 C   0  0  0  0  0  0  0  0  0  0  0  0
   -3.2291    0.5353   -0.0251 C   0  0  0  0  0  0  0  0  0  0  0  0
   -2.7438    0.0828    1.1878 C   0  0  0  0  0  0  0  0  0  0  0  0
   -1.4702   -0.4482    1.2678 C   0  0  0  0  0  0  0  0  0  0  0  0
   -0.6809   -0.5250    0.1353 C   0  0  0  0  0  0  0  0  0  0  0  0
    0.7077   -1.1039    0.2226 C   0  0  0  0  0  0  0  0  0  0  0  0
    1.0479   -1.7159   -1.0231 O   0  0  0  0  0  0  0  0  0  0  0  0
    1.7072    0.0124    0.5321 C   0  0  0  0  0  0  0  0  0  0  0  0
    3.1170   -0.5753    0.6207 C   0  0  0  0  0  0  0  0  0  0  0  0
    1.6628    1.0195   -0.5364 N   0  0  0  0  0  0  0  0  0  0  0  0
    2.0077    2.3066    0.0819 C   0  0  0  0  0  0  0  0  0  0  0  0
   -0.5517   -0.1383   -1.9630 H   0  0  0  0  0  0  0  0  0  0  0  0
   -2.8197    0.8106   -2.1050 H   0  0  0  0  0  0  0  0  0  0  0  0
   -4.2243    0.9502   -0.0877 H   0  0  0  0  0  0  0  0  0  0  0  0
   -3.3597    0.1445    2.0728 H   0  0  0  0  0  0  0  0  0  0  0  0
   -1.0908   -0.8010    2.2155 H   0  0  0  0  0  0  0  0  0  0  0  0
    0.7407   -1.8512    1.0155 H   0  0  0  0  0  0  0  0  0  0  0  0
    1.0068   -1.0223   -1.6957 H   0  0  0  0  0  0  0  0  0  0  0  0
    1.4477    0.4792    1.4823 H   0  0  0  0  0  0  0  0  0  0  0  0
    3.3764   -1.0421   -0.3295 H   0  0  0  0  0  0  0  0  0  0  0  0
    3.8290    0.2200    0.8412 H   0  0  0  0  0  0  0  0  0  0  0  0
    3.1500   -1.3226    1.4136 H   0  0  0  0  0  0  0  0  0  0  0  0
    2.4098    0.7960   -1.1768 H   0  0  0  0  0  0  0  0  0  0  0  0
    1.2852    2.5391    0.8642 H   0  0  0  0  0  0  0  0  0  0  0  0
    3.0058    2.2453    0.5158 H   0  0  0  0  0  0  0  0  0  0  0  0
    1.9882    3.0903   -0.6753 H   0  0  0  0  0  0  0  0  0  0  0  0
  1  2  1  0  0  0  0
  2  3  2  0  0  0  0
  3  4  1  0  0  0  0
  4  5  2  0  0  0  0
  5  6  1  0  0  0  0
  1  6  2  0  0  0  0
  6  7  1  0  0  0  0
  7  8  1  0  0  0  0
  7  9  1  0  0  0  0
  9 10  1  0  0  0  0
  9 11  1  0  0  0  0
 11 12  1  0  0  0  0
  1 13  1  0  0  0  0
  2 14  1  0  0  0  0
  3 15  1  0  0  0  0
  4 16  1  0  0  0  0
  5 17  1  0  0  0  0
  7 18  1  0  0  0  0
  8 19  1  0  0  0  0
  9 20  1  0  0  0  0
 10 21  1  0  0  0  0
 10 22  1  0  0  0  0
 10 23  1  0  0  0  0
 11 24  1  0  0  0  0
 12 25  1  0  0  0  0
 12 26  1  0  0  0  0
 12 27  1  0  0  0  0
M  END
$$$$
