 
WItclserve11290013443D 0   0.00000     0.00000cramer
 
 25 25  0  0  0  0  0  0  0  0  1 V2000
    2.4252   -0.5532    0.2985 C   0  0  0  0  0  0  0  0  0  0  0  0
    3.2057   -1.6151    0.6304 O   0  0  0  0  0  0  0  0  0  0  0  0
    2.9482    0.7315    0.3336 C   0  0  0  0  0  0  0  0  0  0  0  0
    2.1530    1.8091   -0.0046 C   0  0  0  0  0  0  0  0  0  0  0  0
    0.8365    1.6084   -0.3774 C   0  0  0  0  0  0  0  0  0  0  0  0
    0.3131    0.3294   -0.4132 C   0  0  0  0  0  0  0  0  0  0  0  0
    1.1061   -0.7523   -0.0813 C   0  0  0  0  0  0  0  0  0  0  0  0
   -1.1220    0.1143   -0.8195 C   0  0  0  0  0  0  0  0  0  0  0  0
   -1.2537   -1.1640   -1.4445 O   0  0  0  0  0  0  0  0  0  0  0  0
   -2.0170    0.1706    0.4202 C   0  0  0  0  0  0  0  0  0  0  0  0
   -3.4160   -0.0391    0.0241 N   0  0  0  0  0  0  0  0  0  0  0  0
   -4.2172    0.0265    1.2536 C   0  0  0  0  0  0  0  0  0  0  0  0
    3.1033   -1.7505    1.5823 H   0  0  0  0  0  0  0  0  0  0  0  0
    3.9760    0.8889    0.6254 H   0  0  0  0  0  0  0  0  0  0  0  0
    2.5596    2.8093    0.0226 H   0  0  0  0  0  0  0  0  0  0  0  0
    0.2162    2.4523   -0.6408 H   0  0  0  0  0  0  0  0  0  0  0  0
    0.6967   -1.7514   -0.1094 H   0  0  0  0  0  0  0  0  0  0  0  0
   -1.4221    0.8938   -1.5199 H   0  0  0  0  0  0  0  0  0  0  0  0
   -0.9791   -1.8234   -0.7927 H   0  0  0  0  0  0  0  0  0  0  0  0
   -1.7169   -0.6089    1.1205 H   0  0  0  0  0  0  0  0  0  0  0  0
   -1.9165    1.1456    0.8969 H   0  0  0  0  0  0  0  0  0  0  0  0
   -3.6807    0.7565   -0.5373 H   0  0  0  0  0  0  0  0  0  0  0  0
   -5.2689   -0.1241    1.0104 H   0  0  0  0  0  0  0  0  0  0  0  0
   -3.8887   -0.7511    1.9432 H   0  0  0  0  0  0  0  0  0  0  0  0
   -4.0883    1.0034    1.7196 H   0  0  0  0  0  0  0  0  0  0  0  0
  1  2  1  0  0  0  0
  1  3  1  0  0  0  0
  3  4  2  0  0  0  0
  4  5  1  0  0  0  0
  5  6  2  0  0  0  0
  6  7  1  0  0  0  0
  1  7  2  0  0  0  0
  6  8  1  0  0  0  0
  8  9  1  0  0  0  0
  8 10  1  0  0  0  0
 10 11  1  0  0  0  0
 11 12  1  0  0  0  0
  2 13  1  0  0  0  0
  3 14  1  0  0  0  0
  4 15  1  0  0  0  0
  5 16  1  0  0  0  0
  7 17  1  0  0  0  0
  8 18  1  0  0  0  0
  9 19  1  0  0  0  0
 10 20  1  0  0  0  0
 10 21  1  0  0  0  0
 11 22  1  0  0  0  0
 12 23  1  0  0  0  0
 12 24  1  0  0  0  0
 12 25  1  0  0  0  0
M  END
$$$$
