 
WItclserve11290013453D 0   0.00000     0.00000cramer
 
 30 32  0  0  0  0  0  0  0  0  1 V2000
   -1.2491   -0.5356   -0.0141 C   0  0  0  0  0  0  0  0  0  0  0  0
   -2.4632   -1.2329   -0.0205 C   0  0  0  0  0  0  0  0  0  0  0  0
   -2.4683   -2.5888   -0.0258 O   0  0  0  0  0  0  0  0  0  0  0  0
   -3.6623   -0.5321   -0.0209 C   0  0  0  0  0  0  0  0  0  0  0  0
   -3.6628    0.8535   -0.0149 C   0  0  0  0  0  0  0  0  0  0  0  0
   -4.8407    1.5276   -0.0154 O   0  0  0  0  0  0  0  0  0  0  0  0
   -2.4618    1.5586   -0.0080 C   0  0  0  0  0  0  0  0  0  0  0  0
   -1.2538    0.8729   -0.0081 C   0  0  0  0  0  0  0  0  0  0  0  0
    0.0237    1.6161   -0.0014 C   0  0  0  0  0  0  0  0  0  0  0  0
    0.0218    2.8313    0.0052 O   0  0  0  0  0  0  0  0  0  0  0  0
    1.3032    0.8773   -0.0022 C   0  0  0  0  0  0  0  0  0  0  0  0
    2.5115    1.5668    0.0032 C   0  0  0  0  0  0  0  0  0  0  0  0
    3.7083    0.8691    0.0020 C   0  0  0  0  0  0  0  0  0  0  0  0
    5.0131    1.6233    0.0078 C   0  0  0  0  0  0  0  0  0  0  0  0
    3.7154   -0.5108   -0.0042 C   0  0  0  0  0  0  0  0  0  0  0  0
    2.5181   -1.2205   -0.0102 C   0  0  0  0  0  0  0  0  0  0  0  0
    2.5305   -2.5765   -0.0161 O   0  0  0  0  0  0  0  0  0  0  0  0
    1.3028   -0.5299   -0.0090 C   0  0  0  0  0  0  0  0  0  0  0  0
    0.0270   -1.2693   -0.0197 C   0  0  0  0  0  0  0  0  0  0  0  0
    0.0291   -2.4857   -0.0290 O   0  0  0  0  0  0  0  0  0  0  0  0
   -2.4721   -2.8720    0.8988 H   0  0  0  0  0  0  0  0  0  0  0  0
   -4.5989   -1.0698   -0.0262 H   0  0  0  0  0  0  0  0  0  0  0  0
   -5.0859    1.6625    0.9103 H   0  0  0  0  0  0  0  0  0  0  0  0
   -2.4697    2.6386   -0.0027 H   0  0  0  0  0  0  0  0  0  0  0  0
    2.5164    2.6468    0.0081 H   0  0  0  0  0  0  0  0  0  0  0  0
    5.3259    1.8001    1.0369 H   0  0  0  0  0  0  0  0  0  0  0  0
    5.7739    1.0370   -0.5075 H   0  0  0  0  0  0  0  0  0  0  0  0
    4.8832    2.5781   -0.5016 H   0  0  0  0  0  0  0  0  0  0  0  0
    4.6552   -1.0430   -0.0047 H   0  0  0  0  0  0  0  0  0  0  0  0
    2.5309   -2.8600    0.9083 H   0  0  0  0  0  0  0  0  0  0  0  0
  1  2  1  0  0  0  0
  2  3  1  0  0  0  0
  2  4  2  0  0  0  0
  4  5  1  0  0  0  0
  5  6  1  0  0  0  0
  5  7  2  0  0  0  0
  7  8  1  0  0  0  0
  1  8  2  0  0  0  0
  8  9  1  0  0  0  0
  9 10  2  0  0  0  0
  9 11  1  0  0  0  0
 11 12  1  0  0  0  0
 12 13  2  0  0  0  0
 13 14  1  0  0  0  0
 13 15  1  0  0  0  0
 15 16  2  0  0  0  0
 16 17  1  0  0  0  0
 16 18  1  0  0  0  0
 11 18  2  0  0  0  0
 18 19  1  0  0  0  0
  1 19  1  0  0  0  0
 19 20  2  0  0  0  0
  3 21  1  0  0  0  0
  4 22  1  0  0  0  0
  6 23  1  0  0  0  0
  7 24  1  0  0  0  0
 12 25  1  0  0  0  0
 14 26  1  0  0  0  0
 14 27  1  0  0  0  0
 14 28  1  0  0  0  0
 15 29  1  0  0  0  0
 17 30  1  0  0  0  0
M  END
$$$$
