 
WItclserve11290013443D 0   0.00000     0.00000cramer
 
 22 26  0  0  0  0  0  0  0  0  1 V2000
   -0.0114    0.7856    1.0201 C   0  0  0  0  0  0  0  0  0  0  0  0
   -0.0108    1.6106    2.6233 Cl  0  0  0  0  0  0  0  0  0  0  0  0
    1.0749    1.1911   -0.0088 C   0  0  0  0  0  0  0  0  0  0  0  0
    1.7528    2.8617    0.0085 Cl  0  0  0  0  0  0  0  0  0  0  0  0
    2.0694   -0.0033    0.0228 C   0  0  0  0  0  0  0  0  0  0  0  0
    3.1147   -0.0252   -1.4462 Cl  0  0  0  0  0  0  0  0  0  0  0  0
    3.0623    0.0099    1.5277 Cl  0  0  0  0  0  0  0  0  0  0  0  0
    1.0625   -1.1891    0.0185 C   0  0  0  0  0  0  0  0  0  0  0  0
    1.7275   -2.8649    0.0353 Cl  0  0  0  0  0  0  0  0  0  0  0  0
   -0.0191   -0.7642    1.0369 C   0  0  0  0  0  0  0  0  0  0  0  0
   -0.0447   -1.5655    2.6519 Cl  0  0  0  0  0  0  0  0  0  0  0  0
   -1.0595   -1.1903   -0.0309 C   0  0  0  0  0  0  0  0  0  0  0  0
   -1.7002   -2.8756   -0.0395 Cl  0  0  0  0  0  0  0  0  0  0  0  0
   -2.0891   -0.0197   -0.0042 C   0  0  0  0  0  0  0  0  0  0  0  0
   -3.1214   -0.0180   -1.4824 Cl  0  0  0  0  0  0  0  0  0  0  0  0
   -3.0933   -0.0613    1.4927 Cl  0  0  0  0  0  0  0  0  0  0  0  0
   -1.0743    1.2137   -0.0179 C   0  0  0  0  0  0  0  0  0  0  0  0
   -1.7629    2.8799   -0.0073 Cl  0  0  0  0  0  0  0  0  0  0  0  0
    0.0079    0.8034   -1.0576 C   0  0  0  0  0  0  0  0  0  0  0  0
   -0.0011    1.6270   -2.6614 Cl  0  0  0  0  0  0  0  0  0  0  0  0
    0.0351   -0.7797   -1.0655 C   0  0  0  0  0  0  0  0  0  0  0  0
    0.0784   -1.5948   -2.6731 Cl  0  0  0  0  0  0  0  0  0  0  0  0
  1  2  1  0  0  0  0
  1  3  1  0  0  0  0
  3  4  1  0  0  0  0
  3  5  1  0  0  0  0
  5  6  1  0  0  0  0
  5  7  1  0  0  0  0
  5  8  1  0  0  0  0
  8  9  1  0  0  0  0
  8 10  1  0  0  0  0
  1 10  1  0  0  0  0
 10 11  1  0  0  0  0
 10 12  1  0  0  0  0
 12 13  1  0  0  0  0
 12 14  1  0  0  0  0
 14 15  1  0  0  0  0
 14 16  1  0  0  0  0
 14 17  1  0  0  0  0
  1 17  1  0  0  0  0
 17 18  1  0  0  0  0
 17 19  1  0  0  0  0
  3 19  1  0  0  0  0
 19 20  1  0  0  0  0
 19 21  1  0  0  0  0
  8 21  1  0  0  0  0
 12 21  1  0  0  0  0
 21 22  1  0  0  0  0
M  END
$$$$
