 
WItclserve11290013453D 0   0.00000     0.00000cramer
 
 15 16  0  0  0  0  0  0  0  0  1 V2000
   -2.1472    0.6980    0.0004 C   0  0  0  0  0  0  0  0  0  0  0  0
   -2.1694   -0.6893    0.0000 C   0  0  0  0  0  0  0  0  0  0  0  0
   -1.0014   -1.4004   -0.0001 C   0  0  0  0  0  0  0  0  0  0  0  0
    0.2185   -0.7256   -0.0003 C   0  0  0  0  0  0  0  0  0  0  0  0
    1.6245   -1.1469    0.0001 C   0  0  0  0  0  0  0  0  0  0  0  0
    2.3517   -0.0214    0.0001 C   0  0  0  0  0  0  0  0  0  0  0  0
    1.5429    1.0527   -0.0001 O   0  0  0  0  0  0  0  0  0  0  0  0
    0.2476    0.6790   -0.0003 C   0  0  0  0  0  0  0  0  0  0  0  0
   -0.9506    1.3824    0.0003 C   0  0  0  0  0  0  0  0  0  0  0  0
   -3.0770    1.2473   -0.0037 H   0  0  0  0  0  0  0  0  0  0  0  0
   -3.1151   -1.2108    0.0002 H   0  0  0  0  0  0  0  0  0  0  0  0
   -1.0239   -2.4801    0.0004 H   0  0  0  0  0  0  0  0  0  0  0  0
    1.9979   -2.1603    0.0005 H   0  0  0  0  0  0  0  0  0  0  0  0
    3.4310    0.0174    0.0004 H   0  0  0  0  0  0  0  0  0  0  0  0
   -0.9445    2.4624    0.0007 H   0  0  0  0  0  0  0  0  0  0  0  0
  1  2  1  0  0  0  0
  2  3  2  0  0  0  0
  3  4  1  0  0  0  0
  4  5  1  0  0  0  0
  5  6  2  0  0  0  0
  6  7  1  0  0  0  0
  7  8  1  0  0  0  0
  4  8  2  0  0  0  0
  8  9  1  0  0  0  0
  1  9  2  0  0  0  0
  1 10  1  0  0  0  0
  2 11  1  0  0  0  0
  3 12  1  0  0  0  0
  5 13  1  0  0  0  0
  6 14  1  0  0  0  0
  9 15  1  0  0  0  0
M  END
$$$$
