 
WItclserve11290013453D 0   0.00000     0.00000cramer
 
 32 33  0  0  0  0  0  0  0  0  1 V2000
    0.7341   -0.1044    0.1227 C   0  0  0  0  0  0  0  0  0  0  0  0
    1.2626   -1.3277    0.5327 C   0  0  0  0  0  0  0  0  0  0  0  0
    2.6271   -1.5240    0.5286 C   0  0  0  0  0  0  0  0  0  0  0  0
    3.4760   -0.5032    0.1161 C   0  0  0  0  0  0  0  0  0  0  0  0
    4.8577   -0.7044    0.1124 N   0  0  0  0  0  0  0  0  0  0  0  0
    2.9513    0.7170   -0.2930 C   0  0  0  0  0  0  0  0  0  0  0  0
    1.5871    0.9177   -0.2905 C   0  0  0  0  0  0  0  0  0  0  0  0
    3.8741    1.8216   -0.7396 C   0  0  0  0  0  0  0  0  0  0  0  0
   -0.7341    0.1071    0.1204 C   0  0  0  0  0  0  0  0  0  0  0  0
   -1.2640    1.3298    0.5306 C   0  0  0  0  0  0  0  0  0  0  0  0
   -2.6287    1.5241    0.5277 C   0  0  0  0  0  0  0  0  0  0  0  0
   -3.4765    0.5020    0.1162 C   0  0  0  0  0  0  0  0  0  0  0  0
   -4.8585    0.7012    0.1136 N   0  0  0  0  0  0  0  0  0  0  0  0
   -2.9505   -0.7176   -0.2931 C   0  0  0  0  0  0  0  0  0  0  0  0
   -3.8720   -1.8236   -0.7386 C   0  0  0  0  0  0  0  0  0  0  0  0
   -1.5857   -0.9143   -0.2973 C   0  0  0  0  0  0  0  0  0  0  0  0
    0.6035   -2.1209    0.8535 H   0  0  0  0  0  0  0  0  0  0  0  0
    3.0369   -2.4713    0.8464 H   0  0  0  0  0  0  0  0  0  0  0  0
    5.2246   -1.5559    0.3974 H   0  0  0  0  0  0  0  0  0  0  0  0
    5.4506    0.0073   -0.1753 H   0  0  0  0  0  0  0  0  0  0  0  0
    1.1798    1.8661   -0.6085 H   0  0  0  0  0  0  0  0  0  0  0  0
    4.0438    1.7414   -1.8133 H   0  0  0  0  0  0  0  0  0  0  0  0
    3.4207    2.7870   -0.5145 H   0  0  0  0  0  0  0  0  0  0  0  0
    4.8250    1.7354   -0.2139 H   0  0  0  0  0  0  0  0  0  0  0  0
   -0.6057    2.1239    0.8506 H   0  0  0  0  0  0  0  0  0  0  0  0
   -3.0396    2.4709    0.8457 H   0  0  0  0  0  0  0  0  0  0  0  0
   -5.2264    1.5522    0.3988 H   0  0  0  0  0  0  0  0  0  0  0  0
   -5.4507   -0.0114   -0.1733 H   0  0  0  0  0  0  0  0  0  0  0  0
   -4.0429   -1.7439   -1.8122 H   0  0  0  0  0  0  0  0  0  0  0  0
   -3.4171   -2.7883   -0.5137 H   0  0  0  0  0  0  0  0  0  0  0  0
   -4.8227   -1.7386   -0.2121 H   0  0  0  0  0  0  0  0  0  0  0  0
   -1.1773   -1.8621   -0.6157 H   0  0  0  0  0  0  0  0  0  0  0  0
  1  2  1  0  0  0  0
  2  3  2  0  0  0  0
  3  4  1  0  0  0  0
  4  5  1  0  0  0  0
  4  6  2  0  0  0  0
  6  7  1  0  0  0  0
  1  7  2  0  0  0  0
  6  8  1  0  0  0  0
  1  9  1  0  0  0  0
  9 10  1  0  0  0  0
 10 11  2  0  0  0  0
 11 12  1  0  0  0  0
 12 13  1  0  0  0  0
 12 14  2  0  0  0  0
 14 15  1  0  0  0  0
 14 16  1  0  0  0  0
  9 16  2  0  0  0  0
  2 17  1  0  0  0  0
  3 18  1  0  0  0  0
  5 19  1  0  0  0  0
  5 20  1  0  0  0  0
  7 21  1  0  0  0  0
  8 22  1  0  0  0  0
  8 23  1  0  0  0  0
  8 24  1  0  0  0  0
 10 25  1  0  0  0  0
 11 26  1  0  0  0  0
 13 27  1  0  0  0  0
 13 28  1  0  0  0  0
 15 29  1  0  0  0  0
 15 30  1  0  0  0  0
 15 31  1  0  0  0  0
 16 32  1  0  0  0  0
M  END
$$$$
